Year of Birth,Gender,Ethnicity,Child's First Name,Count,Rank
2016,FEMALE,ASIAN AND PACIFIC ISLANDER,Olivia,172,1
2016,FEMALE,ASIAN AND PACIFIC ISLANDER,Chloe,112,2
2016,FEMALE,ASIAN AND PACIFIC ISLANDER,Sophia,104,3
2016,FEMALE,ASIAN AND PACIFIC ISLANDER,Emma,99,4
2016,FEMALE,ASIAN AND PACIFIC ISLANDER,Emily,99,4
2016,FEMALE,ASIAN AND PACIFIC ISLANDER,Mia,79,5
2016,FEMALE,ASIAN AND PACIFIC ISLANDER,Charlotte,59,6
2016,FEMALE,ASIAN AND PACIFIC ISLANDER,Sarah,57,7
2016,FEMALE,ASIAN AND PACIFIC ISLANDER,Isabella,56,8
2016,FEMALE,ASIAN AND PACIFIC ISLANDER,Hannah,56,8
2016,FEMALE,ASIAN AND PACIFIC ISLANDER,Grace,54,9
2016,FEMALE,ASIAN AND PACIFIC ISLANDER,Angela,54,9
2016,FEMALE,ASIAN AND PACIFIC ISLANDER,Ava,53,10
2016,FEMALE,ASIAN AND PACIFIC ISLANDER,Joanna,49,11
2016,FEMALE,ASIAN AND PACIFIC ISLANDER,Amelia,44,12
2016,FEMALE,ASIAN AND PACIFIC ISLANDER,Evelyn,42,13
2016,FEMALE,ASIAN AND PACIFIC ISLANDER,Ella,42,13
2016,FEMALE,ASIAN AND PACIFIC ISLANDER,Arya,42,13
2016,FEMALE,ASIAN AND PACIFIC ISLANDER,Ariana,40,14
2016,FEMALE,ASIAN AND PACIFIC ISLANDER,Maya,39,15
2016,FEMALE,ASIAN AND PACIFIC ISLANDER,Alina,39,15
2016,FEMALE,ASIAN AND PACIFIC ISLANDER,Fiona,35,16
2016,FEMALE,ASIAN AND PACIFIC ISLANDER,Ashley,34,17
2016,FEMALE,ASIAN AND PACIFIC ISLANDER,Anaya,34,17
2016,FEMALE,ASIAN AND PACIFIC ISLANDER,Fatima,34,17
2016,FEMALE,ASIAN AND PACIFIC ISLANDER,Anna,34,17
2016,FEMALE,ASIAN AND PACIFIC ISLANDER,Aria,33,18
2016,FEMALE,ASIAN AND PACIFIC ISLANDER,Abigail,32,19
2016,FEMALE,ASIAN AND PACIFIC ISLANDER,Victoria,32,19
2016,FEMALE,ASIAN AND PACIFIC ISLANDER,Abby,31,20
2016,FEMALE,ASIAN AND PACIFIC ISLANDER,Zoe,31,20
2016,FEMALE,ASIAN AND PACIFIC ISLANDER,Ayesha,30,21
2016,FEMALE,ASIAN AND PACIFIC ISLANDER,Vivian,30,21
2016,FEMALE,ASIAN AND PACIFIC ISLANDER,Claire,30,21
2016,FEMALE,ASIAN AND PACIFIC ISLANDER,Audrey,29,22
2016,FEMALE,ASIAN AND PACIFIC ISLANDER,Jessica,29,22
2016,FEMALE,ASIAN AND PACIFIC ISLANDER,Zoey,29,22
2016,FEMALE,ASIAN AND PACIFIC ISLANDER,Sophie,28,23
2016,FEMALE,ASIAN AND PACIFIC ISLANDER,Rachel,28,23
2016,FEMALE,ASIAN AND PACIFIC ISLANDER,Alice,28,23
2016,FEMALE,ASIAN AND PACIFIC ISLANDER,Zainab,28,23
2016,FEMALE,ASIAN AND PACIFIC ISLANDER,Phoebe,27,24
2016,FEMALE,ASIAN AND PACIFIC ISLANDER,Amy,27,24
2016,FEMALE,ASIAN AND PACIFIC ISLANDER,Bella,27,24
2016,FEMALE,ASIAN AND PACIFIC ISLANDER,Zara,26,25
2016,FEMALE,ASIAN AND PACIFIC ISLANDER,Eva,26,25
2016,FEMALE,ASIAN AND PACIFIC ISLANDER,Kayla,26,25
2016,FEMALE,ASIAN AND PACIFIC ISLANDER,Maryam,26,25
2016,FEMALE,ASIAN AND PACIFIC ISLANDER,Annie,26,25
2016,FEMALE,ASIAN AND PACIFIC ISLANDER,Ellie,25,26
2016,FEMALE,ASIAN AND PACIFIC ISLANDER,Tiffany,25,26
2016,FEMALE,ASIAN AND PACIFIC ISLANDER,Aisha,25,26
2016,FEMALE,ASIAN AND PACIFIC ISLANDER,Angelina,25,26
2016,FEMALE,ASIAN AND PACIFIC ISLANDER,Katherine,24,27
2016,FEMALE,ASIAN AND PACIFIC ISLANDER,Natalie,24,27
2016,FEMALE,ASIAN AND PACIFIC ISLANDER,Avery,24,27
2016,FEMALE,ASIAN AND PACIFIC ISLANDER,Jasmine,24,27
2016,FEMALE,ASIAN AND PACIFIC ISLANDER,Riley,24,27
2016,FEMALE,ASIAN AND PACIFIC ISLANDER,Alexandra,23,28
2016,FEMALE,ASIAN AND PACIFIC ISLANDER,Michelle,23,28
2016,FEMALE,ASIAN AND PACIFIC ISLANDER,Cynthia,23,28
2016,FEMALE,ASIAN AND PACIFIC ISLANDER,Madison,23,28
2016,FEMALE,ASIAN AND PACIFIC ISLANDER,Hailey,23,28
2016,FEMALE,ASIAN AND PACIFIC ISLANDER,Aleena,23,28
2016,FEMALE,ASIAN AND PACIFIC ISLANDER,Elena,23,28
2016,FEMALE,ASIAN AND PACIFIC ISLANDER,Melody,22,29
2016,FEMALE,ASIAN AND PACIFIC ISLANDER,Kaylee,21,30
2016,FEMALE,ASIAN AND PACIFIC ISLANDER,Ivy,21,30
2016,FEMALE,ASIAN AND PACIFIC ISLANDER,Elizabeth,21,30
2016,FEMALE,ASIAN AND PACIFIC ISLANDER,Chelsea,21,30
2016,FEMALE,ASIAN AND PACIFIC ISLANDER,Irene,20,31
2016,FEMALE,ASIAN AND PACIFIC ISLANDER,Sofia,20,31
2016,FEMALE,ASIAN AND PACIFIC ISLANDER,Isabelle,20,31
2016,FEMALE,ASIAN AND PACIFIC ISLANDER,Tenzin,20,31
2016,FEMALE,ASIAN AND PACIFIC ISLANDER,Allison,20,31
2016,FEMALE,ASIAN AND PACIFIC ISLANDER,Aizah,20,31
2016,FEMALE,ASIAN AND PACIFIC ISLANDER,Queenie,20,31
2016,FEMALE,ASIAN AND PACIFIC ISLANDER,Leah,20,31
2016,FEMALE,ASIAN AND PACIFIC ISLANDER,Stephanie,19,32
2016,FEMALE,ASIAN AND PACIFIC ISLANDER,Myra,19,32
2016,FEMALE,ASIAN AND PACIFIC ISLANDER,Harper,19,32
2016,FEMALE,ASIAN AND PACIFIC ISLANDER,Inaaya,19,32
2016,FEMALE,ASIAN AND PACIFIC ISLANDER,Alyssa,19,32
2016,FEMALE,ASIAN AND PACIFIC ISLANDER,Ariel,19,32
2016,FEMALE,ASIAN AND PACIFIC ISLANDER,Nina,18,33
2016,FEMALE,ASIAN AND PACIFIC ISLANDER,Joyce,18,33
2016,FEMALE,ASIAN AND PACIFIC ISLANDER,Katie,18,33
2016,FEMALE,ASIAN AND PACIFIC ISLANDER,Iris,18,33
2016,FEMALE,ASIAN AND PACIFIC ISLANDER,Lily,18,33
2016,FEMALE,ASIAN AND PACIFIC ISLANDER,Christina,18,33
2016,FEMALE,ASIAN AND PACIFIC ISLANDER,Mila,17,34
2016,FEMALE,ASIAN AND PACIFIC ISLANDER,Kaitlyn,17,34
2016,FEMALE,ASIAN AND PACIFIC ISLANDER,Crystal,17,34
2016,FEMALE,ASIAN AND PACIFIC ISLANDER,Alisha,17,34
2016,FEMALE,ASIAN AND PACIFIC ISLANDER,Cindy,17,34
2016,FEMALE,ASIAN AND PACIFIC ISLANDER,Nicole,17,34
2016,FEMALE,ASIAN AND PACIFIC ISLANDER,Hanna,16,35
2016,FEMALE,ASIAN AND PACIFIC ISLANDER,Arianna,16,35
2016,FEMALE,ASIAN AND PACIFIC ISLANDER,Amber,16,35
2016,FEMALE,ASIAN AND PACIFIC ISLANDER,Hoorain,16,35
2016,FEMALE,ASIAN AND PACIFIC ISLANDER,Amanda,16,35
2016,FEMALE,ASIAN AND PACIFIC ISLANDER,Queena,16,35
2016,FEMALE,ASIAN AND PACIFIC ISLANDER,Catherine,16,35
2016,FEMALE,ASIAN AND PACIFIC ISLANDER,Kelly,16,35
2016,FEMALE,ASIAN AND PACIFIC ISLANDER,Manha,16,35
2016,FEMALE,ASIAN AND PACIFIC ISLANDER,Sara,16,35
2016,FEMALE,ASIAN AND PACIFIC ISLANDER,Ayat,15,36
2016,FEMALE,ASIAN AND PACIFIC ISLANDER,Penelope,15,36
2016,FEMALE,ASIAN AND PACIFIC ISLANDER,Serena,15,36
2016,FEMALE,ASIAN AND PACIFIC ISLANDER,Hana,15,36
2016,FEMALE,ASIAN AND PACIFIC ISLANDER,Athena,15,36
2016,FEMALE,ASIAN AND PACIFIC ISLANDER,Jocelyn,15,36
2016,FEMALE,ASIAN AND PACIFIC ISLANDER,Julia,15,36
2016,FEMALE,ASIAN AND PACIFIC ISLANDER,Leanna,14,37
2016,FEMALE,ASIAN AND PACIFIC ISLANDER,Samantha,14,37
2016,FEMALE,ASIAN AND PACIFIC ISLANDER,Lydia,14,37
2016,FEMALE,ASIAN AND PACIFIC ISLANDER,Elaine,14,37
2016,FEMALE,ASIAN AND PACIFIC ISLANDER,Vicky,14,37
2016,FEMALE,ASIAN AND PACIFIC ISLANDER,Clara,14,37
2016,FEMALE,ASIAN AND PACIFIC ISLANDER,Winnie,14,37
2016,FEMALE,ASIAN AND PACIFIC ISLANDER,Inaya,14,37
2016,FEMALE,ASIAN AND PACIFIC ISLANDER,Emilia,14,37
2016,FEMALE,ASIAN AND PACIFIC ISLANDER,Jacqueline,14,37
2016,FEMALE,ASIAN AND PACIFIC ISLANDER,Mina,14,37
2016,FEMALE,ASIAN AND PACIFIC ISLANDER,Amaya,13,38
2016,FEMALE,ASIAN AND PACIFIC ISLANDER,Sharon,13,38
2016,FEMALE,ASIAN AND PACIFIC ISLANDER,Angel,13,38
2016,FEMALE,ASIAN AND PACIFIC ISLANDER,Haniya,13,38
2016,FEMALE,ASIAN AND PACIFIC ISLANDER,Lucy,13,38
2016,FEMALE,ASIAN AND PACIFIC ISLANDER,Elsa,13,38
2016,FEMALE,ASIAN AND PACIFIC ISLANDER,Meera,12,39
2016,FEMALE,ASIAN AND PACIFIC ISLANDER,Stella,12,39
2016,FEMALE,ASIAN AND PACIFIC ISLANDER,Jessie,12,39
2016,FEMALE,ASIAN AND PACIFIC ISLANDER,Joy,12,39
2016,FEMALE,ASIAN AND PACIFIC ISLANDER,Anne,12,39
2016,FEMALE,ASIAN AND PACIFIC ISLANDER,Amara,12,39
2016,FEMALE,ASIAN AND PACIFIC ISLANDER,Carina,12,39
2016,FEMALE,ASIAN AND PACIFIC ISLANDER,Savannah,12,39
2016,FEMALE,ASIAN AND PACIFIC ISLANDER,Selina,12,39
2016,FEMALE,ASIAN AND PACIFIC ISLANDER,Karen,12,39
2016,FEMALE,ASIAN AND PACIFIC ISLANDER,Valerie,12,39
2016,FEMALE,ASIAN AND PACIFIC ISLANDER,Luna,12,39
2016,FEMALE,ASIAN AND PACIFIC ISLANDER,Esther,12,39
2016,FEMALE,ASIAN AND PACIFIC ISLANDER,Annabelle,12,39
2016,FEMALE,ASIAN AND PACIFIC ISLANDER,Eleanor,12,39
2016,FEMALE,ASIAN AND PACIFIC ISLANDER,Celine,12,39
2016,FEMALE,ASIAN AND PACIFIC ISLANDER,Nora,11,40
2016,FEMALE,ASIAN AND PACIFIC ISLANDER,Kira,11,40
2016,FEMALE,ASIAN AND PACIFIC ISLANDER,Yuna,11,40
2016,FEMALE,ASIAN AND PACIFIC ISLANDER,Layla,11,40
2016,FEMALE,ASIAN AND PACIFIC ISLANDER,Taylor,11,40
2016,FEMALE,ASIAN AND PACIFIC ISLANDER,Noor,11,40
2016,FEMALE,ASIAN AND PACIFIC ISLANDER,Bonnie,11,40
2016,FEMALE,ASIAN AND PACIFIC ISLANDER,Jenny,11,40
2016,FEMALE,ASIAN AND PACIFIC ISLANDER,Sylvia,11,40
2016,FEMALE,ASIAN AND PACIFIC ISLANDER,Scarlett,11,40
2016,FEMALE,ASIAN AND PACIFIC ISLANDER,Hareem,11,40
2016,FEMALE,ASIAN AND PACIFIC ISLANDER,Miranda,11,40
2016,FEMALE,ASIAN AND PACIFIC ISLANDER,Lillian,11,40
2016,FEMALE,ASIAN AND PACIFIC ISLANDER,Amina,11,40
2016,FEMALE,ASIAN AND PACIFIC ISLANDER,Zahra,11,40
2016,FEMALE,ASIAN AND PACIFIC ISLANDER,Mahnoor,11,40
2016,FEMALE,ASIAN AND PACIFIC ISLANDER,Eunice,11,40
2016,FEMALE,ASIAN AND PACIFIC ISLANDER,Laura,10,41
2016,FEMALE,ASIAN AND PACIFIC ISLANDER,Summer,10,41
2016,FEMALE,ASIAN AND PACIFIC ISLANDER,Jannatul,10,41
2016,FEMALE,ASIAN AND PACIFIC ISLANDER,Mariam,10,41
2016,FEMALE,ASIAN AND PACIFIC ISLANDER,Leela,10,41
2016,FEMALE,ASIAN AND PACIFIC ISLANDER,Brianna,10,41
2016,FEMALE,ASIAN AND PACIFIC ISLANDER,Anabia,10,41
2016,FEMALE,ASIAN AND PACIFIC ISLANDER,Lia,10,41
2016,FEMALE,ASIAN AND PACIFIC ISLANDER,Anjali,10,41
2016,FEMALE,ASIAN AND PACIFIC ISLANDER,Caroline,10,41
2016,FEMALE,ASIAN AND PACIFIC ISLANDER,Aileen,10,41
2016,FEMALE,ASIAN AND PACIFIC ISLANDER,Amira,10,41
2016,FEMALE,ASIAN AND PACIFIC ISLANDER,Hazel,10,41
2016,FEMALE,ASIAN AND PACIFIC ISLANDER,Syeda,10,41
2016,FEMALE,ASIAN AND PACIFIC ISLANDER,Arisha,10,41
2016,FEMALE,ASIAN AND PACIFIC ISLANDER,Aliyah,10,41
2016,FEMALE,ASIAN AND PACIFIC ISLANDER,Mira,10,41
2016,FEMALE,ASIAN AND PACIFIC ISLANDER,Keira,10,41
2016,FEMALE,ASIAN AND PACIFIC ISLANDER,Livia,10,41
2016,FEMALE,BLACK NON HISPANIC,Ava,109,1
2016,FEMALE,BLACK NON HISPANIC,Madison,104,2
2016,FEMALE,BLACK NON HISPANIC,Skylar,68,3
2016,FEMALE,BLACK NON HISPANIC,Riley,65,4
2016,FEMALE,BLACK NON HISPANIC,Aaliyah,57,5
2016,FEMALE,BLACK NON HISPANIC,Savannah,54,6
2016,FEMALE,BLACK NON HISPANIC,Chloe,51,7
2016,FEMALE,BLACK NON HISPANIC,Olivia,49,8
2016,FEMALE,BLACK NON HISPANIC,Abigail,48,9
2016,FEMALE,BLACK NON HISPANIC,Fatoumata,48,9
2016,FEMALE,BLACK NON HISPANIC,Peyton,46,10
2016,FEMALE,BLACK NON HISPANIC,Zoe,45,11
2016,FEMALE,BLACK NON HISPANIC,Isabella,44,12
2016,FEMALE,BLACK NON HISPANIC,Faith,43,13
2016,FEMALE,BLACK NON HISPANIC,London,41,14
2016,FEMALE,BLACK NON HISPANIC,Autumn,41,14
2016,FEMALE,BLACK NON HISPANIC,Sophia,40,15
2016,FEMALE,BLACK NON HISPANIC,Malia,38,16
2016,FEMALE,BLACK NON HISPANIC,Brielle,38,16
2016,FEMALE,BLACK NON HISPANIC,Amelia,37,17
2016,FEMALE,BLACK NON HISPANIC,Taylor,37,17
2016,FEMALE,BLACK NON HISPANIC,Mia,37,17
2016,FEMALE,BLACK NON HISPANIC,Fatima,36,18
2016,FEMALE,BLACK NON HISPANIC,Nevaeh,35,19
2016,FEMALE,BLACK NON HISPANIC,Arianna,35,19
2016,FEMALE,BLACK NON HISPANIC,Kayla,35,19
2016,FEMALE,BLACK NON HISPANIC,Zoey,34,20
2016,FEMALE,BLACK NON HISPANIC,Nia,34,20
2016,FEMALE,BLACK NON HISPANIC,Kylie,34,20
2016,FEMALE,BLACK NON HISPANIC,Gabrielle,33,21
2016,FEMALE,BLACK NON HISPANIC,Aisha,33,21
2016,FEMALE,BLACK NON HISPANIC,Aria,33,21
2016,FEMALE,BLACK NON HISPANIC,Serenity,33,21
2016,FEMALE,BLACK NON HISPANIC,Laila,32,22
2016,FEMALE,BLACK NON HISPANIC,Khloe,32,22
2016,FEMALE,BLACK NON HISPANIC,Naomi,32,22
2016,FEMALE,BLACK NON HISPANIC,Leah,32,22
2016,FEMALE,BLACK NON HISPANIC,Makayla,32,22
2016,FEMALE,BLACK NON HISPANIC,Mariam,31,23
2016,FEMALE,BLACK NON HISPANIC,Paige,30,24
2016,FEMALE,BLACK NON HISPANIC,Zuri,30,24
2016,FEMALE,BLACK NON HISPANIC,Mariama,30,24
2016,FEMALE,BLACK NON HISPANIC,Victoria,30,24
2016,FEMALE,BLACK NON HISPANIC,Jasmine,28,25
2016,FEMALE,BLACK NON HISPANIC,Grace,28,25
2016,FEMALE,BLACK NON HISPANIC,Nyla,28,25
2016,FEMALE,BLACK NON HISPANIC,Morgan,28,25
2016,FEMALE,BLACK NON HISPANIC,Aminata,27,26
2016,FEMALE,BLACK NON HISPANIC,Emily,26,27
2016,FEMALE,BLACK NON HISPANIC,Lauren,26,27
2016,FEMALE,BLACK NON HISPANIC,Layla,25,28
2016,FEMALE,BLACK NON HISPANIC,Sarah,25,28
2016,FEMALE,BLACK NON HISPANIC,Hailey,25,28
2016,FEMALE,BLACK NON HISPANIC,Miracle,25,28
2016,FEMALE,BLACK NON HISPANIC,Ariah,25,28
2016,FEMALE,BLACK NON HISPANIC,Emma,24,29
2016,FEMALE,BLACK NON HISPANIC,Amina,24,29
2016,FEMALE,BLACK NON HISPANIC,Amiyah,24,29
2016,FEMALE,BLACK NON HISPANIC,Nylah,24,29
2016,FEMALE,BLACK NON HISPANIC,Chelsea,23,30
2016,FEMALE,BLACK NON HISPANIC,Heaven,23,30
2016,FEMALE,BLACK NON HISPANIC,Bella,23,30
2016,FEMALE,BLACK NON HISPANIC,Ariana,23,30
2016,FEMALE,BLACK NON HISPANIC,Elizabeth,23,30
2016,FEMALE,BLACK NON HISPANIC,Trinity,22,31
2016,FEMALE,BLACK NON HISPANIC,Amaya,22,31
2016,FEMALE,BLACK NON HISPANIC,Genesis,22,31
2016,FEMALE,BLACK NON HISPANIC,Paris,22,31
2016,FEMALE,BLACK NON HISPANIC,Jordyn,22,31
2016,FEMALE,BLACK NON HISPANIC,Ariel,22,31
2016,FEMALE,BLACK NON HISPANIC,Gabriella,21,32
2016,FEMALE,BLACK NON HISPANIC,Kennedy,21,32
2016,FEMALE,BLACK NON HISPANIC,Talia,21,32
2016,FEMALE,BLACK NON HISPANIC,Mariah,21,32
2016,FEMALE,BLACK NON HISPANIC,Imani,21,32
2016,FEMALE,BLACK NON HISPANIC,Jayla,20,33
2016,FEMALE,BLACK NON HISPANIC,Kaylee,20,33
2016,FEMALE,BLACK NON HISPANIC,Dakota,20,33
2016,FEMALE,BLACK NON HISPANIC,Destiny,20,33
2016,FEMALE,BLACK NON HISPANIC,Alyssa,20,33
2016,FEMALE,BLACK NON HISPANIC,Kimora,20,33
2016,FEMALE,BLACK NON HISPANIC,Maya,20,33
2016,FEMALE,BLACK NON HISPANIC,Sydney,20,33
2016,FEMALE,BLACK NON HISPANIC,Charlotte,19,34
2016,FEMALE,BLACK NON HISPANIC,Leilani,19,34
2016,FEMALE,BLACK NON HISPANIC,Michelle,19,34
2016,FEMALE,BLACK NON HISPANIC,Aliyah,18,35
2016,FEMALE,BLACK NON HISPANIC,Aniyah,18,35
2016,FEMALE,BLACK NON HISPANIC,Tori,18,35
2016,FEMALE,BLACK NON HISPANIC,Aubrey,18,35
2016,FEMALE,BLACK NON HISPANIC,Avery,18,35
2016,FEMALE,BLACK NON HISPANIC,Lyric,18,35
2016,FEMALE,BLACK NON HISPANIC,Arielle,17,36
2016,FEMALE,BLACK NON HISPANIC,Eliana,17,36
2016,FEMALE,BLACK NON HISPANIC,Mya,17,36
2016,FEMALE,BLACK NON HISPANIC,Kiara,17,36
2016,FEMALE,BLACK NON HISPANIC,Egypt,17,36
2016,FEMALE,BLACK NON HISPANIC,Hannah,17,36
2016,FEMALE,BLACK NON HISPANIC,Journee,16,37
2016,FEMALE,BLACK NON HISPANIC,Anaya,16,37
2016,FEMALE,BLACK NON HISPANIC,Skyla,16,37
2016,FEMALE,BLACK NON HISPANIC,Janelle,16,37
2016,FEMALE,BLACK NON HISPANIC,Harmony,16,37
2016,FEMALE,BLACK NON HISPANIC,Isabelle,16,37
2016,FEMALE,BLACK NON HISPANIC,Alani,15,38
2016,FEMALE,BLACK NON HISPANIC,Brianna,15,38
2016,FEMALE,BLACK NON HISPANIC,Zariah,15,38
2016,FEMALE,BLACK NON HISPANIC,Maliyah,15,38
2016,FEMALE,BLACK NON HISPANIC,Jade,15,38
2016,FEMALE,BLACK NON HISPANIC,Amira,15,38
2016,FEMALE,BLACK NON HISPANIC,Sage,15,38
2016,FEMALE,BLACK NON HISPANIC,Kali,14,39
2016,FEMALE,BLACK NON HISPANIC,Brooke,14,39
2016,FEMALE,BLACK NON HISPANIC,Zara,14,39
2016,FEMALE,BLACK NON HISPANIC,Nala,14,39
2016,FEMALE,BLACK NON HISPANIC,Londyn,14,39
2016,FEMALE,BLACK NON HISPANIC,Amirah,14,39
2016,FEMALE,BLACK NON HISPANIC,McKenzie,14,39
2016,FEMALE,BLACK NON HISPANIC,Sarai,14,39
2016,FEMALE,BLACK NON HISPANIC,Nova,14,39
2016,FEMALE,BLACK NON HISPANIC,Gianna,13,40
2016,FEMALE,BLACK NON HISPANIC,Eva,13,40
2016,FEMALE,BLACK NON HISPANIC,Joy,13,40
2016,FEMALE,BLACK NON HISPANIC,Danielle,13,40
2016,FEMALE,BLACK NON HISPANIC,Mackenzie,13,40
2016,FEMALE,BLACK NON HISPANIC,Christina,13,40
2016,FEMALE,BLACK NON HISPANIC,Alexis,13,40
2016,FEMALE,BLACK NON HISPANIC,Addison,13,40
2016,FEMALE,BLACK NON HISPANIC,Harper,12,41
2016,FEMALE,BLACK NON HISPANIC,Bintou,12,41
2016,FEMALE,BLACK NON HISPANIC,Marley,12,41
2016,FEMALE,BLACK NON HISPANIC,Janiyah,12,41
2016,FEMALE,BLACK NON HISPANIC,Tianna,12,41
2016,FEMALE,BLACK NON HISPANIC,Journey,12,41
2016,FEMALE,BLACK NON HISPANIC,Milani,12,41
2016,FEMALE,BLACK NON HISPANIC,Oumou,12,41
2016,FEMALE,BLACK NON HISPANIC,Amara,12,41
2016,FEMALE,BLACK NON HISPANIC,Eden,12,41
2016,FEMALE,BLACK NON HISPANIC,Sasha,12,41
2016,FEMALE,BLACK NON HISPANIC,Jada,12,41
2016,FEMALE,BLACK NON HISPANIC,Cali,12,41
2016,FEMALE,BLACK NON HISPANIC,Ella,12,41
2016,FEMALE,BLACK NON HISPANIC,Princess,11,42
2016,FEMALE,BLACK NON HISPANIC,Melanie,11,42
2016,FEMALE,BLACK NON HISPANIC,Kaliyah,11,42
2016,FEMALE,BLACK NON HISPANIC,Nalani,11,42
2016,FEMALE,BLACK NON HISPANIC,Mckenzie,11,42
2016,FEMALE,BLACK NON HISPANIC,Aicha,11,42
2016,FEMALE,BLACK NON HISPANIC,Aissatou,11,42
2016,FEMALE,BLACK NON HISPANIC,Malaysia,11,42
2016,FEMALE,BLACK NON HISPANIC,Audrey,11,42
2016,FEMALE,BLACK NON HISPANIC,Tamia,11,42
2016,FEMALE,BLACK NON HISPANIC,Reign,11,42
2016,FEMALE,BLACK NON HISPANIC,Rylee,11,42
2016,FEMALE,BLACK NON HISPANIC,Khadija,10,43
2016,FEMALE,BLACK NON HISPANIC,Mila,10,43
2016,FEMALE,BLACK NON HISPANIC,Maimouna,10,43
2016,FEMALE,BLACK NON HISPANIC,Zahra,10,43
2016,FEMALE,BLACK NON HISPANIC,Skye,10,43
2016,FEMALE,BLACK NON HISPANIC,Tiana,10,43
2016,FEMALE,BLACK NON HISPANIC,Hope,10,43
2016,FEMALE,BLACK NON HISPANIC,Violet,10,43
2016,FEMALE,BLACK NON HISPANIC,Blessing,10,43
2016,FEMALE,BLACK NON HISPANIC,Ashley,10,43
2016,FEMALE,BLACK NON HISPANIC,Saniyah,10,43
2016,FEMALE,BLACK NON HISPANIC,Annabelle,10,43
2016,FEMALE,BLACK NON HISPANIC,Kori,10,43
2016,FEMALE,BLACK NON HISPANIC,Sanai,10,43
2016,FEMALE,BLACK NON HISPANIC,Jaliyah,10,43
2016,FEMALE,BLACK NON HISPANIC,Leila,10,43
2016,FEMALE,BLACK NON HISPANIC,Fanta,10,43
2016,FEMALE,BLACK NON HISPANIC,Sanaa,10,43
2016,FEMALE,BLACK NON HISPANIC,Mikayla,10,43
2016,FEMALE,BLACK NON HISPANIC,Milan,10,43
2016,FEMALE,HISPANIC,Isabella,276,1
2016,FEMALE,HISPANIC,Sophia,261,2
2016,FEMALE,HISPANIC,Mia,228,3
2016,FEMALE,HISPANIC,Emma,197,4
2016,FEMALE,HISPANIC,Camila,180,5
2016,FEMALE,HISPANIC,Sofia,179,6
2016,FEMALE,HISPANIC,Emily,124,7
2016,FEMALE,HISPANIC,Valentina,119,8
2016,FEMALE,HISPANIC,Abigail,117,9
2016,FEMALE,HISPANIC,Victoria,116,10
2016,FEMALE,HISPANIC,Leah,116,10
2016,FEMALE,HISPANIC,Madison,115,11
2016,FEMALE,HISPANIC,Ava,110,12
2016,FEMALE,HISPANIC,Olivia,108,13
2016,FEMALE,HISPANIC,Ashley,100,14
2016,FEMALE,HISPANIC,Allison,97,15
2016,FEMALE,HISPANIC,Scarlett,94,16
2016,FEMALE,HISPANIC,Genesis,93,17
2016,FEMALE,HISPANIC,Melanie,87,18
2016,FEMALE,HISPANIC,Brianna,86,19
2016,FEMALE,HISPANIC,Alexa,85,20
2016,FEMALE,HISPANIC,Zoe,83,21
2016,FEMALE,HISPANIC,Hailey,81,22
2016,FEMALE,HISPANIC,Kimberly,81,22
2016,FEMALE,HISPANIC,Samantha,79,23
2016,FEMALE,HISPANIC,Chloe,75,24
2016,FEMALE,HISPANIC,Ariana,73,25
2016,FEMALE,HISPANIC,Arianna,69,26
2016,FEMALE,HISPANIC,Penelope,68,27
2016,FEMALE,HISPANIC,Amelia,66,28
2016,FEMALE,HISPANIC,Alaia,66,28
2016,FEMALE,HISPANIC,Kaylee,64,29
2016,FEMALE,HISPANIC,Valerie,61,30
2016,FEMALE,HISPANIC,Maria,60,31
2016,FEMALE,HISPANIC,Gabriella,58,32
2016,FEMALE,HISPANIC,Layla,57,33
2016,FEMALE,HISPANIC,Luna,57,33
2016,FEMALE,HISPANIC,Elizabeth,57,33
2016,FEMALE,HISPANIC,Aaliyah,56,34
2016,FEMALE,HISPANIC,Zoey,55,35
2016,FEMALE,HISPANIC,Gianna,55,35
2016,FEMALE,HISPANIC,Amy,52,36
2016,FEMALE,HISPANIC,Daniela,52,36
2016,FEMALE,HISPANIC,Nicole,51,37
2016,FEMALE,HISPANIC,Sarah,49,38
2016,FEMALE,HISPANIC,Juliette,49,38
2016,FEMALE,HISPANIC,Jade,48,39
2016,FEMALE,HISPANIC,Charlotte,48,39
2016,FEMALE,HISPANIC,Mila,48,39
2016,FEMALE,HISPANIC,Kylie,46,40
2016,FEMALE,HISPANIC,Katherine,46,40
2016,FEMALE,HISPANIC,Bella,45,41
2016,FEMALE,HISPANIC,Grace,44,42
2016,FEMALE,HISPANIC,Riley,44,42
2016,FEMALE,HISPANIC,Gabriela,43,43
2016,FEMALE,HISPANIC,Kayla,42,44
2016,FEMALE,HISPANIC,Alyssa,39,45
2016,FEMALE,HISPANIC,Andrea,39,45
2016,FEMALE,HISPANIC,Ana,39,45
2016,FEMALE,HISPANIC,Aubrey,38,46
2016,FEMALE,HISPANIC,Avery,38,46
2016,FEMALE,HISPANIC,Maya,37,47
2016,FEMALE,HISPANIC,Adriana,37,47
2016,FEMALE,HISPANIC,Amaya,37,47
2016,FEMALE,HISPANIC,Kiara,36,48
2016,FEMALE,HISPANIC,Evelyn,36,48
2016,FEMALE,HISPANIC,Natalia,36,48
2016,FEMALE,HISPANIC,Aria,35,49
2016,FEMALE,HISPANIC,Khloe,35,49
2016,FEMALE,HISPANIC,Savannah,35,49
2016,FEMALE,HISPANIC,Alice,34,50
2016,FEMALE,HISPANIC,Valeria,34,50
2016,FEMALE,HISPANIC,Emely,33,51
2016,FEMALE,HISPANIC,Serenity,33,51
2016,FEMALE,HISPANIC,Isabel,32,52
2016,FEMALE,HISPANIC,Elena,32,52
2016,FEMALE,HISPANIC,Amber,32,52
2016,FEMALE,HISPANIC,Natalie,32,52
2016,FEMALE,HISPANIC,Melissa,32,52
2016,FEMALE,HISPANIC,Leslie,32,52
2016,FEMALE,HISPANIC,Diana,31,53
2016,FEMALE,HISPANIC,Stephanie,31,53
2016,FEMALE,HISPANIC,Angelina,31,53
2016,FEMALE,HISPANIC,Ximena,30,54
2016,FEMALE,HISPANIC,Skylar,30,54
2016,FEMALE,HISPANIC,Emilia,30,54
2016,FEMALE,HISPANIC,Keyla,29,55
2016,FEMALE,HISPANIC,Michelle,29,55
2016,FEMALE,HISPANIC,Mya,28,56
2016,FEMALE,HISPANIC,Eliana,28,56
2016,FEMALE,HISPANIC,Naomi,28,56
2016,FEMALE,HISPANIC,Eva,27,57
2016,FEMALE,HISPANIC,Jazlyn,27,57
2016,FEMALE,HISPANIC,Mariana,27,57
2016,FEMALE,HISPANIC,Aylin,27,57
2016,FEMALE,HISPANIC,Chelsea,27,57
2016,FEMALE,HISPANIC,Ella,27,57
2016,FEMALE,HISPANIC,Kaitlyn,27,57
2016,FEMALE,HISPANIC,Sarai,26,58
2016,FEMALE,HISPANIC,Delilah,26,58
2016,FEMALE,HISPANIC,Alana,26,58
2016,FEMALE,HISPANIC,Lia,25,59
2016,FEMALE,HISPANIC,Alina,25,59
2016,FEMALE,HISPANIC,Amanda,25,59
2016,FEMALE,HISPANIC,Aliyah,25,59
2016,FEMALE,HISPANIC,Sara,25,59
2016,FEMALE,HISPANIC,Vanessa,24,60
2016,FEMALE,HISPANIC,Jayleen,24,60
2016,FEMALE,HISPANIC,Alison,24,60
2016,FEMALE,HISPANIC,Ruby,24,60
2016,FEMALE,HISPANIC,Jasmine,24,60
2016,FEMALE,HISPANIC,Violet,23,61
2016,FEMALE,HISPANIC,Antonella,23,61
2016,FEMALE,HISPANIC,Alexandra,23,61
2016,FEMALE,HISPANIC,Jocelyn,23,61
2016,FEMALE,HISPANIC,Amaia,23,61
2016,FEMALE,HISPANIC,Juliana,22,62
2016,FEMALE,HISPANIC,Juliet,22,62
2016,FEMALE,HISPANIC,Liliana,22,62
2016,FEMALE,HISPANIC,Sophie,22,62
2016,FEMALE,HISPANIC,Leilani,22,62
2016,FEMALE,HISPANIC,Angelica,22,62
2016,FEMALE,HISPANIC,Melany,22,62
2016,FEMALE,HISPANIC,Brittany,22,62
2016,FEMALE,HISPANIC,Briana,21,63
2016,FEMALE,HISPANIC,Jayla,21,63
2016,FEMALE,HISPANIC,Maia,21,63
2016,FEMALE,HISPANIC,Audrey,21,63
2016,FEMALE,HISPANIC,London,21,63
2016,FEMALE,HISPANIC,Danna,21,63
2016,FEMALE,HISPANIC,Athena,21,63
2016,FEMALE,HISPANIC,Amalia,20,64
2016,FEMALE,HISPANIC,Autumn,20,64
2016,FEMALE,HISPANIC,Julianna,20,64
2016,FEMALE,HISPANIC,Rose,20,64
2016,FEMALE,HISPANIC,Selena,20,64
2016,FEMALE,HISPANIC,Lauren,20,64
2016,FEMALE,HISPANIC,Aurora,20,64
2016,FEMALE,HISPANIC,Destiny,20,64
2016,FEMALE,HISPANIC,Nova,20,64
2016,FEMALE,HISPANIC,Sherlyn,20,64
2016,FEMALE,HISPANIC,Jessica,20,64
2016,FEMALE,HISPANIC,Julia,19,65
2016,FEMALE,HISPANIC,Helen,19,65
2016,FEMALE,HISPANIC,Daniella,19,65
2016,FEMALE,HISPANIC,Alondra,19,65
2016,FEMALE,HISPANIC,Stella,19,65
2016,FEMALE,HISPANIC,Jazmin,19,65
2016,FEMALE,HISPANIC,Jennifer,19,65
2016,FEMALE,HISPANIC,April,18,66
2016,FEMALE,HISPANIC,Bianca,18,66
2016,FEMALE,HISPANIC,Miranda,18,66
2016,FEMALE,HISPANIC,Lily,18,66
2016,FEMALE,HISPANIC,Angie,18,66
2016,FEMALE,HISPANIC,Arya,18,66
2016,FEMALE,HISPANIC,Giselle,18,66
2016,FEMALE,HISPANIC,Annabelle,18,66
2016,FEMALE,HISPANIC,Mariah,18,66
2016,FEMALE,HISPANIC,Alejandra,17,67
2016,FEMALE,HISPANIC,Lucia,17,67
2016,FEMALE,HISPANIC,Samara,17,67
2016,FEMALE,HISPANIC,Sabrina,17,67
2016,FEMALE,HISPANIC,Laila,17,67
2016,FEMALE,HISPANIC,Jaylene,17,67
2016,FEMALE,HISPANIC,Madelyn,17,67
2016,FEMALE,HISPANIC,Keily,17,67
2016,FEMALE,HISPANIC,Catalina,17,67
2016,FEMALE,HISPANIC,Yaretzi,16,68
2016,FEMALE,HISPANIC,Esther,16,68
2016,FEMALE,HISPANIC,Karen,16,68
2016,FEMALE,HISPANIC,Heaven,16,68
2016,FEMALE,HISPANIC,Liana,16,68
2016,FEMALE,HISPANIC,Daisy,16,68
2016,FEMALE,HISPANIC,Alessandra,16,68
2016,FEMALE,HISPANIC,Guadalupe,16,68
2016,FEMALE,HISPANIC,Valery,16,68
2016,FEMALE,HISPANIC,Sasha,16,68
2016,FEMALE,HISPANIC,Leila,15,69
2016,FEMALE,HISPANIC,Izabella,15,69
2016,FEMALE,HISPANIC,Isabelle,15,69
2016,FEMALE,HISPANIC,Eileen,15,69
2016,FEMALE,HISPANIC,Jacqueline,15,69
2016,FEMALE,HISPANIC,Alicia,15,69
2016,FEMALE,HISPANIC,Sienna,15,69
2016,FEMALE,HISPANIC,Kelly,15,69
2016,FEMALE,HISPANIC,Analia,15,69
2016,FEMALE,HISPANIC,Kamila,15,69
2016,FEMALE,HISPANIC,Brielle,15,69
2016,FEMALE,HISPANIC,Nathalia,15,69
2016,FEMALE,HISPANIC,Itzel,15,69
2016,FEMALE,HISPANIC,Natasha,15,69
2016,FEMALE,HISPANIC,Hannah,15,69
2016,FEMALE,HISPANIC,Ariella,15,69
2016,FEMALE,HISPANIC,Esmeralda,15,69
2016,FEMALE,HISPANIC,Angela,14,70
2016,FEMALE,HISPANIC,Aileen,14,70
2016,FEMALE,HISPANIC,Skyla,14,70
2016,FEMALE,HISPANIC,Carla,14,70
2016,FEMALE,HISPANIC,Jaylah,14,70
2016,FEMALE,HISPANIC,Mackenzie,14,70
2016,FEMALE,HISPANIC,Aleah,14,70
2016,FEMALE,HISPANIC,Leia,14,70
2016,FEMALE,HISPANIC,Cataleya,14,70
2016,FEMALE,HISPANIC,Nashla,14,70
2016,FEMALE,HISPANIC,Bryanna,14,70
2016,FEMALE,HISPANIC,Allyson,14,70
2016,FEMALE,HISPANIC,Luciana,14,70
2016,FEMALE,HISPANIC,Annalise,14,70
2016,FEMALE,HISPANIC,Nathaly,14,70
2016,FEMALE,HISPANIC,Celine,13,71
2016,FEMALE,HISPANIC,Miah,13,71
2016,FEMALE,HISPANIC,Camilla,13,71
2016,FEMALE,HISPANIC,Amirah,13,71
2016,FEMALE,HISPANIC,Lizbeth,13,71
2016,FEMALE,HISPANIC,Laura,13,71
2016,FEMALE,HISPANIC,Gia,13,71
2016,FEMALE,HISPANIC,Nylah,13,71
2016,FEMALE,HISPANIC,Megan,13,71
2016,FEMALE,HISPANIC,Elianna,13,71
2016,FEMALE,HISPANIC,Anastasia,13,71
2016,FEMALE,HISPANIC,Erika,13,71
2016,FEMALE,HISPANIC,Mikaela,13,71
2016,FEMALE,HISPANIC,Rachel,13,71
2016,FEMALE,HISPANIC,Nyla,13,71
2016,FEMALE,HISPANIC,Sadie,13,71
2016,FEMALE,HISPANIC,Elisa,13,71
2016,FEMALE,HISPANIC,Hazel,13,71
2016,FEMALE,HISPANIC,Kendra,13,71
2016,FEMALE,HISPANIC,Tiffany,12,72
2016,FEMALE,HISPANIC,Angelique,12,72
2016,FEMALE,HISPANIC,Alia,12,72
2016,FEMALE,HISPANIC,Jamie,12,72
2016,FEMALE,HISPANIC,Ayleen,12,72
2016,FEMALE,HISPANIC,Roselyn,12,72
2016,FEMALE,HISPANIC,Lesly,12,72
2016,FEMALE,HISPANIC,Melody,12,72
2016,FEMALE,HISPANIC,Arabella,12,72
2016,FEMALE,HISPANIC,Evangeline,12,72
2016,FEMALE,HISPANIC,Skyler,12,72
2016,FEMALE,HISPANIC,Alani,12,72
2016,FEMALE,HISPANIC,Makayla,12,72
2016,FEMALE,HISPANIC,Ruth,12,72
2016,FEMALE,HISPANIC,Kaylie,12,72
2016,FEMALE,HISPANIC,Fatima,12,72
2016,FEMALE,HISPANIC,Faith,12,72
2016,FEMALE,HISPANIC,Aliah,12,72
2016,FEMALE,HISPANIC,Eliza,12,72
2016,FEMALE,HISPANIC,Khaleesi,12,72
2016,FEMALE,HISPANIC,Jaelyn,12,72
2016,FEMALE,HISPANIC,Josephine,12,72
2016,FEMALE,HISPANIC,Britney,12,72
2016,FEMALE,HISPANIC,Fernanda,11,73
2016,FEMALE,HISPANIC,Anaya,11,73
2016,FEMALE,HISPANIC,Anna,11,73
2016,FEMALE,HISPANIC,Jaylin,11,73
2016,FEMALE,HISPANIC,Malia,11,73
2016,FEMALE,HISPANIC,Leilany,11,73
2016,FEMALE,HISPANIC,Elianny,11,73
2016,FEMALE,HISPANIC,Dayana,11,73
2016,FEMALE,HISPANIC,Madeline,11,73
2016,FEMALE,HISPANIC,Yamileth,11,73
2016,FEMALE,HISPANIC,Adelyn,11,73
2016,FEMALE,HISPANIC,Lillian,11,73
2016,FEMALE,HISPANIC,Zara,11,73
2016,FEMALE,HISPANIC,Luz,11,73
2016,FEMALE,HISPANIC,Harley,11,73
2016,FEMALE,HISPANIC,Amayah,11,73
2016,FEMALE,HISPANIC,Nia,11,73
2016,FEMALE,HISPANIC,Alanna,11,73
2016,FEMALE,HISPANIC,Alaina,11,73
2016,FEMALE,HISPANIC,Nathalie,11,73
2016,FEMALE,HISPANIC,Celeste,11,73
2016,FEMALE,HISPANIC,Paige,11,73
2016,FEMALE,HISPANIC,Rosemary,11,73
2016,FEMALE,HISPANIC,Montserrat,11,73
2016,FEMALE,HISPANIC,Arianny,11,73
2016,FEMALE,HISPANIC,Kelsey,11,73
2016,FEMALE,HISPANIC,Alexis,11,73
2016,FEMALE,HISPANIC,Scarlet,11,73
2016,FEMALE,HISPANIC,Arielle,11,73
2016,FEMALE,HISPANIC,Arlette,11,73
2016,FEMALE,HISPANIC,Peyton,10,74
2016,FEMALE,HISPANIC,Nayeli,10,74
2016,FEMALE,HISPANIC,Noemi,10,74
2016,FEMALE,HISPANIC,Shirley,10,74
2016,FEMALE,HISPANIC,Kate,10,74
2016,FEMALE,HISPANIC,Jimena,10,74
2016,FEMALE,HISPANIC,Alayna,10,74
2016,FEMALE,HISPANIC,Kaylani,10,74
2016,FEMALE,HISPANIC,Karla,10,74
2016,FEMALE,HISPANIC,Jasmin,10,74
2016,FEMALE,HISPANIC,Trinity,10,74
2016,FEMALE,HISPANIC,Adeline,10,74
2016,FEMALE,HISPANIC,Belen,10,74
2016,FEMALE,HISPANIC,Wendy,10,74
2016,FEMALE,HISPANIC,Amina,10,74
2016,FEMALE,HISPANIC,Janelle,10,74
2016,FEMALE,HISPANIC,Ivanna,10,74
2016,FEMALE,HISPANIC,Isabela,10,74
2016,FEMALE,HISPANIC,Crystal,10,74
2016,FEMALE,HISPANIC,Jolie,10,74
2016,FEMALE,HISPANIC,Caroline,10,74
2016,FEMALE,HISPANIC,Cassandra,10,74
2016,FEMALE,HISPANIC,Veronica,10,74
2016,FEMALE,HISPANIC,Paris,10,74
2016,FEMALE,WHITE NON HISPANIC,Olivia,230,1
2016,FEMALE,WHITE NON HISPANIC,Rachel,221,2
2016,FEMALE,WHITE NON HISPANIC,Esther,209,3
2016,FEMALE,WHITE NON HISPANIC,Sarah,202,4
2016,FEMALE,WHITE NON HISPANIC,Emma,201,5
2016,FEMALE,WHITE NON HISPANIC,Charlotte,190,6
2016,FEMALE,WHITE NON HISPANIC,Chaya,182,7
2016,FEMALE,WHITE NON HISPANIC,Leah,178,8
2016,FEMALE,WHITE NON HISPANIC,Ava,168,9
2016,FEMALE,WHITE NON HISPANIC,Chana,166,10
2016,FEMALE,WHITE NON HISPANIC,Miriam,159,11
2016,FEMALE,WHITE NON HISPANIC,Sara,148,12
2016,FEMALE,WHITE NON HISPANIC,Sophia,144,13
2016,FEMALE,WHITE NON HISPANIC,Maya,137,14
2016,FEMALE,WHITE NON HISPANIC,Emily,136,15
2016,FEMALE,WHITE NON HISPANIC,Rivka,127,16
2016,FEMALE,WHITE NON HISPANIC,Elizabeth,117,17
2016,FEMALE,WHITE NON HISPANIC,Mia,117,17
2016,FEMALE,WHITE NON HISPANIC,Ella,114,18
2016,FEMALE,WHITE NON HISPANIC,Sofia,110,19
2016,FEMALE,WHITE NON HISPANIC,Alexandra,99,20
2016,FEMALE,WHITE NON HISPANIC,Amelia,99,20
2016,FEMALE,WHITE NON HISPANIC,Malka,95,21
2016,FEMALE,WHITE NON HISPANIC,Faigy,91,22
2016,FEMALE,WHITE NON HISPANIC,Malky,87,23
2016,FEMALE,WHITE NON HISPANIC,Gitty,86,24
2016,FEMALE,WHITE NON HISPANIC,Grace,84,25
2016,FEMALE,WHITE NON HISPANIC,Abigail,82,26
2016,FEMALE,WHITE NON HISPANIC,Zoe,81,27
2016,FEMALE,WHITE NON HISPANIC,Isabella,81,27
2016,FEMALE,WHITE NON HISPANIC,Anna,80,28
2016,FEMALE,WHITE NON HISPANIC,Madison,79,29
2016,FEMALE,WHITE NON HISPANIC,Lily,79,29
2016,FEMALE,WHITE NON HISPANIC,Victoria,76,30
2016,FEMALE,WHITE NON HISPANIC,Hannah,76,30
2016,FEMALE,WHITE NON HISPANIC,Gabriella,75,31
2016,FEMALE,WHITE NON HISPANIC,Julia,73,32
2016,FEMALE,WHITE NON HISPANIC,Chloe,72,33
2016,FEMALE,WHITE NON HISPANIC,Alice,71,34
2016,FEMALE,WHITE NON HISPANIC,Eva,68,35
2016,FEMALE,WHITE NON HISPANIC,Harper,67,36
2016,FEMALE,WHITE NON HISPANIC,Stella,67,36
2016,FEMALE,WHITE NON HISPANIC,Mila,66,37
2016,FEMALE,WHITE NON HISPANIC,Emilia,66,37
2016,FEMALE,WHITE NON HISPANIC,Penelope,62,38
2016,FEMALE,WHITE NON HISPANIC,Sophie,62,38
2016,FEMALE,WHITE NON HISPANIC,Rivky,61,39
2016,FEMALE,WHITE NON HISPANIC,Sienna,61,39
2016,FEMALE,WHITE NON HISPANIC,Yitty,58,40
2016,FEMALE,WHITE NON HISPANIC,Layla,58,40
2016,FEMALE,WHITE NON HISPANIC,Evelyn,57,41
2016,FEMALE,WHITE NON HISPANIC,Avery,57,41
2016,FEMALE,WHITE NON HISPANIC,Violet,57,41
2016,FEMALE,WHITE NON HISPANIC,Baila,55,42
2016,FEMALE,WHITE NON HISPANIC,Riley,55,42
2016,FEMALE,WHITE NON HISPANIC,Raizy,55,42
2016,FEMALE,WHITE NON HISPANIC,Valentina,54,43
2016,FEMALE,WHITE NON HISPANIC,Toby,54,43
2016,FEMALE,WHITE NON HISPANIC,Eleanor,53,44
2016,FEMALE,WHITE NON HISPANIC,Naomi,53,44
2016,FEMALE,WHITE NON HISPANIC,Rose,49,45
2016,FEMALE,WHITE NON HISPANIC,Madeline,48,46
2016,FEMALE,WHITE NON HISPANIC,Claire,48,46
2016,FEMALE,WHITE NON HISPANIC,Caroline,48,46
2016,FEMALE,WHITE NON HISPANIC,Maria,47,47
2016,FEMALE,WHITE NON HISPANIC,Shaindy,47,47
2016,FEMALE,WHITE NON HISPANIC,Talia,47,47
2016,FEMALE,WHITE NON HISPANIC,Devorah,46,48
2016,FEMALE,WHITE NON HISPANIC,Ruby,46,48
2016,FEMALE,WHITE NON HISPANIC,Nora,46,48
2016,FEMALE,WHITE NON HISPANIC,Lila,45,49
2016,FEMALE,WHITE NON HISPANIC,Chany,45,49
2016,FEMALE,WHITE NON HISPANIC,Fiona,44,50
2016,FEMALE,WHITE NON HISPANIC,Lucy,44,50
2016,FEMALE,WHITE NON HISPANIC,Josephine,44,50
2016,FEMALE,WHITE NON HISPANIC,Rebecca,43,51
2016,FEMALE,WHITE NON HISPANIC,Natalie,43,51
2016,FEMALE,WHITE NON HISPANIC,Amina,42,52
2016,FEMALE,WHITE NON HISPANIC,Samantha,41,53
2016,FEMALE,WHITE NON HISPANIC,Sadie,41,53
2016,FEMALE,WHITE NON HISPANIC,Sloane,41,53
2016,FEMALE,WHITE NON HISPANIC,Scarlett,41,53
2016,FEMALE,WHITE NON HISPANIC,Liliana,40,54
2016,FEMALE,WHITE NON HISPANIC,Clara,40,54
2016,FEMALE,WHITE NON HISPANIC,Eliana,40,54
2016,FEMALE,WHITE NON HISPANIC,Gianna,40,54
2016,FEMALE,WHITE NON HISPANIC,Juliette,39,55
2016,FEMALE,WHITE NON HISPANIC,Dina,39,55
2016,FEMALE,WHITE NON HISPANIC,Isabelle,39,55
2016,FEMALE,WHITE NON HISPANIC,Chava,38,56
2016,FEMALE,WHITE NON HISPANIC,Pearl,38,56
2016,FEMALE,WHITE NON HISPANIC,Angelina,38,56
2016,FEMALE,WHITE NON HISPANIC,Yocheved,38,56
2016,FEMALE,WHITE NON HISPANIC,Ariana,37,57
2016,FEMALE,WHITE NON HISPANIC,Lillian,37,57
2016,FEMALE,WHITE NON HISPANIC,Katherine,37,57
2016,FEMALE,WHITE NON HISPANIC,Nina,37,57
2016,FEMALE,WHITE NON HISPANIC,Audrey,36,58
2016,FEMALE,WHITE NON HISPANIC,Alexa,36,58
2016,FEMALE,WHITE NON HISPANIC,Noa,36,58
2016,FEMALE,WHITE NON HISPANIC,Nicole,35,59
2016,FEMALE,WHITE NON HISPANIC,Aria,35,59
2016,FEMALE,WHITE NON HISPANIC,Hazel,35,59
2016,FEMALE,WHITE NON HISPANIC,Vivienne,34,60
2016,FEMALE,WHITE NON HISPANIC,Isla,34,60
2016,FEMALE,WHITE NON HISPANIC,Blima,34,60
2016,FEMALE,WHITE NON HISPANIC,Isabel,33,61
2016,FEMALE,WHITE NON HISPANIC,Juliet,33,61
2016,FEMALE,WHITE NON HISPANIC,Adele,32,62
2016,FEMALE,WHITE NON HISPANIC,Esty,32,62
2016,FEMALE,WHITE NON HISPANIC,Lucia,32,62
2016,FEMALE,WHITE NON HISPANIC,Libby,32,62
2016,FEMALE,WHITE NON HISPANIC,Elle,32,62
2016,FEMALE,WHITE NON HISPANIC,Adeline,31,63
2016,FEMALE,WHITE NON HISPANIC,Molly,31,63
2016,FEMALE,WHITE NON HISPANIC,Hailey,31,63
2016,FEMALE,WHITE NON HISPANIC,Nechama,31,63
2016,FEMALE,WHITE NON HISPANIC,Vivian,30,64
2016,FEMALE,WHITE NON HISPANIC,Kayla,30,64
2016,FEMALE,WHITE NON HISPANIC,Michelle,29,65
2016,FEMALE,WHITE NON HISPANIC,Anastasia,29,65
2016,FEMALE,WHITE NON HISPANIC,Quinn,29,65
2016,FEMALE,WHITE NON HISPANIC,Goldy,29,65
2016,FEMALE,WHITE NON HISPANIC,Rochel,29,65
2016,FEMALE,WHITE NON HISPANIC,Frances,29,65
2016,FEMALE,WHITE NON HISPANIC,Maeve,28,66
2016,FEMALE,WHITE NON HISPANIC,Francesca,28,66
2016,FEMALE,WHITE NON HISPANIC,Shoshana,28,66
2016,FEMALE,WHITE NON HISPANIC,Willa,28,66
2016,FEMALE,WHITE NON HISPANIC,Juliana,28,66
2016,FEMALE,WHITE NON HISPANIC,Margaret,27,67
2016,FEMALE,WHITE NON HISPANIC,Annabelle,27,67
2016,FEMALE,WHITE NON HISPANIC,Addison,27,67
2016,FEMALE,WHITE NON HISPANIC,Gemma,27,67
2016,FEMALE,WHITE NON HISPANIC,Fraidy,27,67
2016,FEMALE,WHITE NON HISPANIC,Sury,27,67
2016,FEMALE,WHITE NON HISPANIC,Madelyn,26,68
2016,FEMALE,WHITE NON HISPANIC,Lyla,26,68
2016,FEMALE,WHITE NON HISPANIC,Cora,26,68
2016,FEMALE,WHITE NON HISPANIC,Giuliana,25,69
2016,FEMALE,WHITE NON HISPANIC,Jane,25,69
2016,FEMALE,WHITE NON HISPANIC,Savannah,25,69
2016,FEMALE,WHITE NON HISPANIC,June,25,69
2016,FEMALE,WHITE NON HISPANIC,Hindy,25,69
2016,FEMALE,WHITE NON HISPANIC,Sydney,25,69
2016,FEMALE,WHITE NON HISPANIC,Natalia,25,69
2016,FEMALE,WHITE NON HISPANIC,Yides,25,69
2016,FEMALE,WHITE NON HISPANIC,Eloise,24,70
2016,FEMALE,WHITE NON HISPANIC,Bracha,24,70
2016,FEMALE,WHITE NON HISPANIC,Diana,24,70
2016,FEMALE,WHITE NON HISPANIC,Mackenzie,24,70
2016,FEMALE,WHITE NON HISPANIC,Ariella,24,70
2016,FEMALE,WHITE NON HISPANIC,Bella,24,70
2016,FEMALE,WHITE NON HISPANIC,Emerson,24,70
2016,FEMALE,WHITE NON HISPANIC,Mira,24,70
2016,FEMALE,WHITE NON HISPANIC,Leila,24,70
2016,FEMALE,WHITE NON HISPANIC,Lara,23,71
2016,FEMALE,WHITE NON HISPANIC,Eliza,23,71
2016,FEMALE,WHITE NON HISPANIC,Mary,23,71
2016,FEMALE,WHITE NON HISPANIC,Elena,23,71
2016,FEMALE,WHITE NON HISPANIC,Daniella,22,72
2016,FEMALE,WHITE NON HISPANIC,Faiga,22,72
2016,FEMALE,WHITE NON HISPANIC,Ahuva,22,72
2016,FEMALE,WHITE NON HISPANIC,Ellie,22,72
2016,FEMALE,WHITE NON HISPANIC,Alexis,22,72
2016,FEMALE,WHITE NON HISPANIC,Pessy,22,72
2016,FEMALE,WHITE NON HISPANIC,Mariam,22,72
2016,FEMALE,WHITE NON HISPANIC,Laila,22,72
2016,FEMALE,WHITE NON HISPANIC,Alessia,21,73
2016,FEMALE,WHITE NON HISPANIC,Mindy,21,73
2016,FEMALE,WHITE NON HISPANIC,Blimy,21,73
2016,FEMALE,WHITE NON HISPANIC,Luna,21,73
2016,FEMALE,WHITE NON HISPANIC,Kira,21,73
2016,FEMALE,WHITE NON HISPANIC,Samira,21,73
2016,FEMALE,WHITE NON HISPANIC,Skylar,21,73
2016,FEMALE,WHITE NON HISPANIC,Noor,20,74
2016,FEMALE,WHITE NON HISPANIC,Yael,20,74
2016,FEMALE,WHITE NON HISPANIC,Maryam,20,74
2016,FEMALE,WHITE NON HISPANIC,Ada,20,74
2016,FEMALE,WHITE NON HISPANIC,Keira,20,74
2016,FEMALE,WHITE NON HISPANIC,Margot,20,74
2016,FEMALE,WHITE NON HISPANIC,Sasha,20,74
2016,FEMALE,WHITE NON HISPANIC,Georgia,20,74
2016,FEMALE,WHITE NON HISPANIC,Phoebe,20,74
2016,FEMALE,WHITE NON HISPANIC,Shira,19,75
2016,FEMALE,WHITE NON HISPANIC,Alessandra,19,75
2016,FEMALE,WHITE NON HISPANIC,Alina,19,75
2016,FEMALE,WHITE NON HISPANIC,Sabrina,19,75
2016,FEMALE,WHITE NON HISPANIC,Adina,19,75
2016,FEMALE,WHITE NON HISPANIC,Perl,19,75
2016,FEMALE,WHITE NON HISPANIC,Madeleine,19,75
2016,FEMALE,WHITE NON HISPANIC,Ayla,19,75
2016,FEMALE,WHITE NON HISPANIC,Milana,19,75
2016,FEMALE,WHITE NON HISPANIC,Catherine,19,75
2016,FEMALE,WHITE NON HISPANIC,Liana,19,75
2016,FEMALE,WHITE NON HISPANIC,Arielle,19,75
2016,FEMALE,WHITE NON HISPANIC,Dylan,19,75
2016,FEMALE,WHITE NON HISPANIC,Amalia,19,75
2016,FEMALE,WHITE NON HISPANIC,Summer,19,75
2016,FEMALE,WHITE NON HISPANIC,Brooke,19,75
2016,FEMALE,WHITE NON HISPANIC,Lydia,19,75
2016,FEMALE,WHITE NON HISPANIC,Cecilia,18,76
2016,FEMALE,WHITE NON HISPANIC,Gittel,18,76
2016,FEMALE,WHITE NON HISPANIC,Bianca,18,76
2016,FEMALE,WHITE NON HISPANIC,Alma,18,76
2016,FEMALE,WHITE NON HISPANIC,Salma,18,76
2016,FEMALE,WHITE NON HISPANIC,Charlie,18,76
2016,FEMALE,WHITE NON HISPANIC,Gabriela,18,76
2016,FEMALE,WHITE NON HISPANIC,Raizel,18,76
2016,FEMALE,WHITE NON HISPANIC,Beatrice,18,76
2016,FEMALE,WHITE NON HISPANIC,Colette,18,76
2016,FEMALE,WHITE NON HISPANIC,Avigail,18,76
2016,FEMALE,WHITE NON HISPANIC,Taylor,18,76
2016,FEMALE,WHITE NON HISPANIC,Zoey,18,76
2016,FEMALE,WHITE NON HISPANIC,Elise,17,77
2016,FEMALE,WHITE NON HISPANIC,Lola,17,77
2016,FEMALE,WHITE NON HISPANIC,Julianna,17,77
2016,FEMALE,WHITE NON HISPANIC,Ruchy,17,77
2016,FEMALE,WHITE NON HISPANIC,Camilla,17,77
2016,FEMALE,WHITE NON HISPANIC,Adriana,17,77
2016,FEMALE,WHITE NON HISPANIC,Ruth,17,77
2016,FEMALE,WHITE NON HISPANIC,Lea,17,77
2016,FEMALE,WHITE NON HISPANIC,Alyssa,17,77
2016,FEMALE,WHITE NON HISPANIC,Ivy,17,77
2016,FEMALE,WHITE NON HISPANIC,Eve,17,77
2016,FEMALE,WHITE NON HISPANIC,Iris,17,77
2016,FEMALE,WHITE NON HISPANIC,Olive,17,77
2016,FEMALE,WHITE NON HISPANIC,Hana,17,77
2016,FEMALE,WHITE NON HISPANIC,Aurora,17,77
2016,FEMALE,WHITE NON HISPANIC,Helen,17,77
2016,FEMALE,WHITE NON HISPANIC,Chavy,16,78
2016,FEMALE,WHITE NON HISPANIC,Tzipora,16,78
2016,FEMALE,WHITE NON HISPANIC,Veronica,16,78
2016,FEMALE,WHITE NON HISPANIC,Genevieve,16,78
2016,FEMALE,WHITE NON HISPANIC,Hanna,16,78
2016,FEMALE,WHITE NON HISPANIC,Yehudis,16,78
2016,FEMALE,WHITE NON HISPANIC,Lana,16,78
2016,FEMALE,WHITE NON HISPANIC,Louise,16,78
2016,FEMALE,WHITE NON HISPANIC,Reese,16,78
2016,FEMALE,WHITE NON HISPANIC,Shaina,16,78
2016,FEMALE,WHITE NON HISPANIC,Bruchy,16,78
2016,FEMALE,WHITE NON HISPANIC,Lena,16,78
2016,FEMALE,WHITE NON HISPANIC,Arianna,16,78
2016,FEMALE,WHITE NON HISPANIC,Idy,16,78
2016,FEMALE,WHITE NON HISPANIC,Frady,16,78
2016,FEMALE,WHITE NON HISPANIC,Matilda,16,78
2016,FEMALE,WHITE NON HISPANIC,Sylvie,16,78
2016,FEMALE,WHITE NON HISPANIC,Celine,16,78
2016,FEMALE,WHITE NON HISPANIC,Hadassah,16,78
2016,FEMALE,WHITE NON HISPANIC,Raquel,15,79
2016,FEMALE,WHITE NON HISPANIC,Morgan,15,79
2016,FEMALE,WHITE NON HISPANIC,Vera,15,79
2016,FEMALE,WHITE NON HISPANIC,Amelie,15,79
2016,FEMALE,WHITE NON HISPANIC,Kate,15,79
2016,FEMALE,WHITE NON HISPANIC,Annabel,15,79
2016,FEMALE,WHITE NON HISPANIC,Frimet,15,79
2016,FEMALE,WHITE NON HISPANIC,Devora,15,79
2016,FEMALE,WHITE NON HISPANIC,Henny,15,79
2016,FEMALE,WHITE NON HISPANIC,Fradel,15,79
2016,FEMALE,WHITE NON HISPANIC,Zissy,15,79
2016,FEMALE,WHITE NON HISPANIC,Elisheva,15,79
2016,FEMALE,WHITE NON HISPANIC,Aliza,15,79
2016,FEMALE,WHITE NON HISPANIC,Malika,15,79
2016,FEMALE,WHITE NON HISPANIC,Layan,15,79
2016,FEMALE,WHITE NON HISPANIC,Shifra,15,79
2016,FEMALE,WHITE NON HISPANIC,Sabina,15,79
2016,FEMALE,WHITE NON HISPANIC,Serena,15,79
2016,FEMALE,WHITE NON HISPANIC,Willow,15,79
2016,FEMALE,WHITE NON HISPANIC,Siena,15,79
2016,FEMALE,WHITE NON HISPANIC,Adelaide,14,80
2016,FEMALE,WHITE NON HISPANIC,Blake,14,80
2016,FEMALE,WHITE NON HISPANIC,Nadia,14,80
2016,FEMALE,WHITE NON HISPANIC,Brucha,14,80
2016,FEMALE,WHITE NON HISPANIC,Liv,14,80
2016,FEMALE,WHITE NON HISPANIC,Esme,14,80
2016,FEMALE,WHITE NON HISPANIC,Reagan,14,80
2016,FEMALE,WHITE NON HISPANIC,Judy,14,80
2016,FEMALE,WHITE NON HISPANIC,Paige,14,80
2016,FEMALE,WHITE NON HISPANIC,Perel,14,80
2016,FEMALE,WHITE NON HISPANIC,Brielle,14,80
2016,FEMALE,WHITE NON HISPANIC,Malak,14,80
2016,FEMALE,WHITE NON HISPANIC,Golda,14,80
2016,FEMALE,WHITE NON HISPANIC,Tziporah,14,80
2016,FEMALE,WHITE NON HISPANIC,Mirel,14,80
2016,FEMALE,WHITE NON HISPANIC,Eden,14,80
2016,FEMALE,WHITE NON HISPANIC,Louisa,14,80
2016,FEMALE,WHITE NON HISPANIC,Brianna,14,80
2016,FEMALE,WHITE NON HISPANIC,Rifka,14,80
2016,FEMALE,WHITE NON HISPANIC,Livia,14,80
2016,FEMALE,WHITE NON HISPANIC,Rivkah,14,80
2016,FEMALE,WHITE NON HISPANIC,Vienna,13,81
2016,FEMALE,WHITE NON HISPANIC,Gia,13,81
2016,FEMALE,WHITE NON HISPANIC,Simone,13,81
2016,FEMALE,WHITE NON HISPANIC,Teagan,13,81
2016,FEMALE,WHITE NON HISPANIC,Etty,13,81
2016,FEMALE,WHITE NON HISPANIC,Gabrielle,13,81
2016,FEMALE,WHITE NON HISPANIC,Lauren,13,81
2016,FEMALE,WHITE NON HISPANIC,Amy,13,81
2016,FEMALE,WHITE NON HISPANIC,Shea,13,81
2016,FEMALE,WHITE NON HISPANIC,Tova,13,81
2016,FEMALE,WHITE NON HISPANIC,Ryan,13,81
2016,FEMALE,WHITE NON HISPANIC,Freida,13,81
2016,FEMALE,WHITE NON HISPANIC,Lia,13,81
2016,FEMALE,WHITE NON HISPANIC,Dahlia,13,81
2016,FEMALE,WHITE NON HISPANIC,Rifky,13,81
2016,FEMALE,WHITE NON HISPANIC,Frieda,13,81
2016,FEMALE,WHITE NON HISPANIC,Juniper,13,81
2016,FEMALE,WHITE NON HISPANIC,Jacqueline,12,82
2016,FEMALE,WHITE NON HISPANIC,Maia,12,82
2016,FEMALE,WHITE NON HISPANIC,Breindy,12,82
2016,FEMALE,WHITE NON HISPANIC,Hinda,12,82
2016,FEMALE,WHITE NON HISPANIC,Hadley,12,82
2016,FEMALE,WHITE NON HISPANIC,Tessa,12,82
2016,FEMALE,WHITE NON HISPANIC,Elisa,12,82
2016,FEMALE,WHITE NON HISPANIC,Camille,12,82
2016,FEMALE,WHITE NON HISPANIC,Liba,12,82
2016,FEMALE,WHITE NON HISPANIC,Edith,12,82
2016,FEMALE,WHITE NON HISPANIC,Lilah,12,82
2016,FEMALE,WHITE NON HISPANIC,Adrianna,12,82
2016,FEMALE,WHITE NON HISPANIC,Everly,12,82
2016,FEMALE,WHITE NON HISPANIC,Batya,12,82
2016,FEMALE,WHITE NON HISPANIC,Fatima,12,82
2016,FEMALE,WHITE NON HISPANIC,Basya,12,82
2016,FEMALE,WHITE NON HISPANIC,Amanda,12,82
2016,FEMALE,WHITE NON HISPANIC,Freya,12,82
2016,FEMALE,WHITE NON HISPANIC,Antonia,12,82
2016,FEMALE,WHITE NON HISPANIC,Liora,12,82
2016,FEMALE,WHITE NON HISPANIC,Laura,12,82
2016,FEMALE,WHITE NON HISPANIC,Shevy,12,82
2016,FEMALE,WHITE NON HISPANIC,Trany,12,82
2016,FEMALE,WHITE NON HISPANIC,Miri,12,82
2016,FEMALE,WHITE NON HISPANIC,Aubrey,12,82
2016,FEMALE,WHITE NON HISPANIC,Toba,12,82
2016,FEMALE,WHITE NON HISPANIC,Julie,12,82
2016,FEMALE,WHITE NON HISPANIC,Batsheva,12,82
2016,FEMALE,WHITE NON HISPANIC,Farida,11,83
2016,FEMALE,WHITE NON HISPANIC,Lilly,11,83
2016,FEMALE,WHITE NON HISPANIC,Leyla,11,83
2016,FEMALE,WHITE NON HISPANIC,Alisa,11,83
2016,FEMALE,WHITE NON HISPANIC,Zara,11,83
2016,FEMALE,WHITE NON HISPANIC,Sima,11,83
2016,FEMALE,WHITE NON HISPANIC,Diyora,11,83
2016,FEMALE,WHITE NON HISPANIC,Madina,11,83
2016,FEMALE,WHITE NON HISPANIC,Aviva,11,83
2016,FEMALE,WHITE NON HISPANIC,Daria,11,83
2016,FEMALE,WHITE NON HISPANIC,Harley,11,83
2016,FEMALE,WHITE NON HISPANIC,Kaia,11,83
2016,FEMALE,WHITE NON HISPANIC,Goldie,11,83
2016,FEMALE,WHITE NON HISPANIC,Camila,11,83
2016,FEMALE,WHITE NON HISPANIC,Valerie,11,83
2016,FEMALE,WHITE NON HISPANIC,Anne,11,83
2016,FEMALE,WHITE NON HISPANIC,Dalia,11,83
2016,FEMALE,WHITE NON HISPANIC,Tamar,11,83
2016,FEMALE,WHITE NON HISPANIC,Jenna,11,83
2016,FEMALE,WHITE NON HISPANIC,Briella,10,84
2016,FEMALE,WHITE NON HISPANIC,Yasmin,10,84
2016,FEMALE,WHITE NON HISPANIC,Zainab,10,84
2016,FEMALE,WHITE NON HISPANIC,Katerina,10,84
2016,FEMALE,WHITE NON HISPANIC,Sonia,10,84
2016,FEMALE,WHITE NON HISPANIC,Michal,10,84
2016,FEMALE,WHITE NON HISPANIC,Suri,10,84
2016,FEMALE,WHITE NON HISPANIC,Poppy,10,84
2016,FEMALE,WHITE NON HISPANIC,Ashley,10,84
2016,FEMALE,WHITE NON HISPANIC,Nicolette,10,84
2016,FEMALE,WHITE NON HISPANIC,Autumn,10,84
2016,FEMALE,WHITE NON HISPANIC,Christina,10,84
2016,FEMALE,WHITE NON HISPANIC,Evangeline,10,84
2016,FEMALE,WHITE NON HISPANIC,Finley,10,84
2016,FEMALE,WHITE NON HISPANIC,Danielle,10,84
2016,FEMALE,WHITE NON HISPANIC,Zelda,10,84
2016,FEMALE,WHITE NON HISPANIC,Delilah,10,84
2016,FEMALE,WHITE NON HISPANIC,Brooklyn,10,84
2016,FEMALE,WHITE NON HISPANIC,Margaux,10,84
2016,FEMALE,WHITE NON HISPANIC,Logan,10,84
2016,FEMALE,WHITE NON HISPANIC,Sylvia,10,84
2016,FEMALE,WHITE NON HISPANIC,Riva,10,84
2016,FEMALE,WHITE NON HISPANIC,Ana,10,84
2016,FEMALE,WHITE NON HISPANIC,Marlowe,10,84
2016,FEMALE,WHITE NON HISPANIC,Reem,10,84
2016,FEMALE,WHITE NON HISPANIC,Tamara,10,84
2016,FEMALE,WHITE NON HISPANIC,Lina,10,84
2016,FEMALE,WHITE NON HISPANIC,Maggie,10,84
2016,FEMALE,WHITE NON HISPANIC,Vanessa,10,84
2016,FEMALE,WHITE NON HISPANIC,Brynn,10,84
2016,FEMALE,WHITE NON HISPANIC,Cleo,10,84
2016,FEMALE,WHITE NON HISPANIC,Lilliana,10,84
2016,MALE,ASIAN AND PACIFIC ISLANDER,Ethan,193,1
2016,MALE,ASIAN AND PACIFIC ISLANDER,Ryan,160,2
2016,MALE,ASIAN AND PACIFIC ISLANDER,Muhammad,157,3
2016,MALE,ASIAN AND PACIFIC ISLANDER,Lucas,148,4
2016,MALE,ASIAN AND PACIFIC ISLANDER,Jayden,138,5
2016,MALE,ASIAN AND PACIFIC ISLANDER,Aiden,133,6
2016,MALE,ASIAN AND PACIFIC ISLANDER,Daniel,81,7
2016,MALE,ASIAN AND PACIFIC ISLANDER,Evan,77,8
2016,MALE,ASIAN AND PACIFIC ISLANDER,Liam,76,9
2016,MALE,ASIAN AND PACIFIC ISLANDER,Jason,76,9
2016,MALE,ASIAN AND PACIFIC ISLANDER,Matthew,73,10
2016,MALE,ASIAN AND PACIFIC ISLANDER,Austin,69,11
2016,MALE,ASIAN AND PACIFIC ISLANDER,Eric,67,12
2016,MALE,ASIAN AND PACIFIC ISLANDER,Kevin,64,13
2016,MALE,ASIAN AND PACIFIC ISLANDER,William,62,14
2016,MALE,ASIAN AND PACIFIC ISLANDER,Justin,61,15
2016,MALE,ASIAN AND PACIFIC ISLANDER,Owen,60,16
2016,MALE,ASIAN AND PACIFIC ISLANDER,Mohammad,58,17
2016,MALE,ASIAN AND PACIFIC ISLANDER,Oliver,58,17
2016,MALE,ASIAN AND PACIFIC ISLANDER,Aaron,57,18
2016,MALE,ASIAN AND PACIFIC ISLANDER,Noah,57,18
2016,MALE,ASIAN AND PACIFIC ISLANDER,Henry,56,19
2016,MALE,ASIAN AND PACIFIC ISLANDER,Benjamin,55,20
2016,MALE,ASIAN AND PACIFIC ISLANDER,Nathan,54,21
2016,MALE,ASIAN AND PACIFIC ISLANDER,Mason,54,21
2016,MALE,ASIAN AND PACIFIC ISLANDER,Alexander,53,22
2016,MALE,ASIAN AND PACIFIC ISLANDER,Leo,51,23
2016,MALE,ASIAN AND PACIFIC ISLANDER,Vincent,51,23
2016,MALE,ASIAN AND PACIFIC ISLANDER,Ian,49,24
2016,MALE,ASIAN AND PACIFIC ISLANDER,Dylan,46,25
2016,MALE,ASIAN AND PACIFIC ISLANDER,Jacob,45,26
2016,MALE,ASIAN AND PACIFIC ISLANDER,Andrew,45,26
2016,MALE,ASIAN AND PACIFIC ISLANDER,Kyle,44,27
2016,MALE,ASIAN AND PACIFIC ISLANDER,Jonathan,44,27
2016,MALE,ASIAN AND PACIFIC ISLANDER,Ivan,42,28
2016,MALE,ASIAN AND PACIFIC ISLANDER,James,41,29
2016,MALE,ASIAN AND PACIFIC ISLANDER,Michael,40,30
2016,MALE,ASIAN AND PACIFIC ISLANDER,Samuel,39,31
2016,MALE,ASIAN AND PACIFIC ISLANDER,Syed,38,32
2016,MALE,ASIAN AND PACIFIC ISLANDER,Brian,38,32
2016,MALE,ASIAN AND PACIFIC ISLANDER,Brandon,37,33
2016,MALE,ASIAN AND PACIFIC ISLANDER,Ibrahim,37,33
2016,MALE,ASIAN AND PACIFIC ISLANDER,Alex,37,33
2016,MALE,ASIAN AND PACIFIC ISLANDER,Abdullah,36,34
2016,MALE,ASIAN AND PACIFIC ISLANDER,Alvin,36,34
2016,MALE,ASIAN AND PACIFIC ISLANDER,Eason,35,35
2016,MALE,ASIAN AND PACIFIC ISLANDER,Max,35,35
2016,MALE,ASIAN AND PACIFIC ISLANDER,Jasper,35,35
2016,MALE,ASIAN AND PACIFIC ISLANDER,Kai,34,36
2016,MALE,ASIAN AND PACIFIC ISLANDER,Tenzin,34,36
2016,MALE,ASIAN AND PACIFIC ISLANDER,Logan,33,37
2016,MALE,ASIAN AND PACIFIC ISLANDER,Jeremy,33,37
2016,MALE,ASIAN AND PACIFIC ISLANDER,Ayaan,33,37
2016,MALE,ASIAN AND PACIFIC ISLANDER,Darren,32,38
2016,MALE,ASIAN AND PACIFIC ISLANDER,Gavin,32,38
2016,MALE,ASIAN AND PACIFIC ISLANDER,Andy,32,38
2016,MALE,ASIAN AND PACIFIC ISLANDER,Joshua,30,39
2016,MALE,ASIAN AND PACIFIC ISLANDER,Mohammed,29,40
2016,MALE,ASIAN AND PACIFIC ISLANDER,Joseph,29,40
2016,MALE,ASIAN AND PACIFIC ISLANDER,Theodore,28,41
2016,MALE,ASIAN AND PACIFIC ISLANDER,Julian,28,41
2016,MALE,ASIAN AND PACIFIC ISLANDER,Adam,28,41
2016,MALE,ASIAN AND PACIFIC ISLANDER,Arham,27,42
2016,MALE,ASIAN AND PACIFIC ISLANDER,Nicholas,27,42
2016,MALE,ASIAN AND PACIFIC ISLANDER,Jaden,27,42
2016,MALE,ASIAN AND PACIFIC ISLANDER,Rayan,27,42
2016,MALE,ASIAN AND PACIFIC ISLANDER,Marcus,27,42
2016,MALE,ASIAN AND PACIFIC ISLANDER,David,26,43
2016,MALE,ASIAN AND PACIFIC ISLANDER,Sean,25,44
2016,MALE,ASIAN AND PACIFIC ISLANDER,Zachary,25,44
2016,MALE,ASIAN AND PACIFIC ISLANDER,Aidan,25,44
2016,MALE,ASIAN AND PACIFIC ISLANDER,Raymond,25,44
2016,MALE,ASIAN AND PACIFIC ISLANDER,Alan,25,44
2016,MALE,ASIAN AND PACIFIC ISLANDER,Anthony,25,44
2016,MALE,ASIAN AND PACIFIC ISLANDER,Oscar,24,45
2016,MALE,ASIAN AND PACIFIC ISLANDER,Derek,24,45
2016,MALE,ASIAN AND PACIFIC ISLANDER,Kyson,24,45
2016,MALE,ASIAN AND PACIFIC ISLANDER,Connor,24,45
2016,MALE,ASIAN AND PACIFIC ISLANDER,Rohan,24,45
2016,MALE,ASIAN AND PACIFIC ISLANDER,Tyler,23,46
2016,MALE,ASIAN AND PACIFIC ISLANDER,Luke,23,46
2016,MALE,ASIAN AND PACIFIC ISLANDER,Jackson,23,46
2016,MALE,ASIAN AND PACIFIC ISLANDER,Ayden,23,46
2016,MALE,ASIAN AND PACIFIC ISLANDER,Christopher,22,47
2016,MALE,ASIAN AND PACIFIC ISLANDER,Caleb,22,47
2016,MALE,ASIAN AND PACIFIC ISLANDER,Aryan,22,47
2016,MALE,ASIAN AND PACIFIC ISLANDER,Nathaniel,22,47
2016,MALE,ASIAN AND PACIFIC ISLANDER,Winston,21,48
2016,MALE,ASIAN AND PACIFIC ISLANDER,Isaac,21,48
2016,MALE,ASIAN AND PACIFIC ISLANDER,Christian,21,48
2016,MALE,ASIAN AND PACIFIC ISLANDER,Steven,21,48
2016,MALE,ASIAN AND PACIFIC ISLANDER,Zayn,21,48
2016,MALE,ASIAN AND PACIFIC ISLANDER,Tristan,21,48
2016,MALE,ASIAN AND PACIFIC ISLANDER,Wesley,20,49
2016,MALE,ASIAN AND PACIFIC ISLANDER,Allen,20,49
2016,MALE,ASIAN AND PACIFIC ISLANDER,Sebastian,20,49
2016,MALE,ASIAN AND PACIFIC ISLANDER,Adrian,20,49
2016,MALE,ASIAN AND PACIFIC ISLANDER,Arjun,20,49
2016,MALE,ASIAN AND PACIFIC ISLANDER,Hudson,20,49
2016,MALE,ASIAN AND PACIFIC ISLANDER,Louis,19,50
2016,MALE,ASIAN AND PACIFIC ISLANDER,Rayyan,19,50
2016,MALE,ASIAN AND PACIFIC ISLANDER,Hamza,19,50
2016,MALE,ASIAN AND PACIFIC ISLANDER,Elijah,19,50
2016,MALE,ASIAN AND PACIFIC ISLANDER,Xavier,19,50
2016,MALE,ASIAN AND PACIFIC ISLANDER,George,19,50
2016,MALE,ASIAN AND PACIFIC ISLANDER,Yusuf,19,50
2016,MALE,ASIAN AND PACIFIC ISLANDER,Jordan,18,51
2016,MALE,ASIAN AND PACIFIC ISLANDER,Harrison,18,51
2016,MALE,ASIAN AND PACIFIC ISLANDER,Kingsley,18,51
2016,MALE,ASIAN AND PACIFIC ISLANDER,Ayan,18,51
2016,MALE,ASIAN AND PACIFIC ISLANDER,Anson,18,51
2016,MALE,ASIAN AND PACIFIC ISLANDER,Gabriel,18,51
2016,MALE,ASIAN AND PACIFIC ISLANDER,Benson,18,51
2016,MALE,ASIAN AND PACIFIC ISLANDER,Caden,18,51
2016,MALE,ASIAN AND PACIFIC ISLANDER,Jack,18,51
2016,MALE,ASIAN AND PACIFIC ISLANDER,Miles,18,51
2016,MALE,ASIAN AND PACIFIC ISLANDER,Jerry,18,51
2016,MALE,ASIAN AND PACIFIC ISLANDER,Musa,17,52
2016,MALE,ASIAN AND PACIFIC ISLANDER,Kayden,17,52
2016,MALE,ASIAN AND PACIFIC ISLANDER,Charles,17,52
2016,MALE,ASIAN AND PACIFIC ISLANDER,Thomas,17,52
2016,MALE,ASIAN AND PACIFIC ISLANDER,Bryan,17,52
2016,MALE,ASIAN AND PACIFIC ISLANDER,John,17,52
2016,MALE,ASIAN AND PACIFIC ISLANDER,Roy,16,53
2016,MALE,ASIAN AND PACIFIC ISLANDER,Lawrence,16,53
2016,MALE,ASIAN AND PACIFIC ISLANDER,Felix,16,53
2016,MALE,ASIAN AND PACIFIC ISLANDER,Ahnaf,15,54
2016,MALE,ASIAN AND PACIFIC ISLANDER,Aarav,15,54
2016,MALE,ASIAN AND PACIFIC ISLANDER,Carson,15,54
2016,MALE,ASIAN AND PACIFIC ISLANDER,Leon,15,54
2016,MALE,ASIAN AND PACIFIC ISLANDER,Preston,15,54
2016,MALE,ASIAN AND PACIFIC ISLANDER,Eli,15,54
2016,MALE,ASIAN AND PACIFIC ISLANDER,Jeffrey,15,54
2016,MALE,ASIAN AND PACIFIC ISLANDER,Krish,14,55
2016,MALE,ASIAN AND PACIFIC ISLANDER,Abdul,14,55
2016,MALE,ASIAN AND PACIFIC ISLANDER,Chris,14,55
2016,MALE,ASIAN AND PACIFIC ISLANDER,Zayan,14,55
2016,MALE,ASIAN AND PACIFIC ISLANDER,Aayan,14,55
2016,MALE,ASIAN AND PACIFIC ISLANDER,Calvin,14,55
2016,MALE,ASIAN AND PACIFIC ISLANDER,Kabir,14,55
2016,MALE,ASIAN AND PACIFIC ISLANDER,Md,14,55
2016,MALE,ASIAN AND PACIFIC ISLANDER,Mustafa,14,55
2016,MALE,ASIAN AND PACIFIC ISLANDER,Ahmed,14,55
2016,MALE,ASIAN AND PACIFIC ISLANDER,Richard,14,55
2016,MALE,ASIAN AND PACIFIC ISLANDER,Hunter,14,55
2016,MALE,ASIAN AND PACIFIC ISLANDER,Edison,14,55
2016,MALE,ASIAN AND PACIFIC ISLANDER,Aaryan,13,56
2016,MALE,ASIAN AND PACIFIC ISLANDER,Adyan,13,56
2016,MALE,ASIAN AND PACIFIC ISLANDER,Hashim,13,56
2016,MALE,ASIAN AND PACIFIC ISLANDER,Maxwell,13,56
2016,MALE,ASIAN AND PACIFIC ISLANDER,Rehan,13,56
2016,MALE,ASIAN AND PACIFIC ISLANDER,Cyrus,13,56
2016,MALE,ASIAN AND PACIFIC ISLANDER,Brayden,13,56
2016,MALE,ASIAN AND PACIFIC ISLANDER,Johnny,13,56
2016,MALE,ASIAN AND PACIFIC ISLANDER,Cameron,13,56
2016,MALE,ASIAN AND PACIFIC ISLANDER,Azaan,13,56
2016,MALE,ASIAN AND PACIFIC ISLANDER,Armaan,13,56
2016,MALE,ASIAN AND PACIFIC ISLANDER,Kian,13,56
2016,MALE,ASIAN AND PACIFIC ISLANDER,Shawn,12,57
2016,MALE,ASIAN AND PACIFIC ISLANDER,Ashton,12,57
2016,MALE,ASIAN AND PACIFIC ISLANDER,Carter,12,57
2016,MALE,ASIAN AND PACIFIC ISLANDER,Stanley,12,57
2016,MALE,ASIAN AND PACIFIC ISLANDER,Damon,12,57
2016,MALE,ASIAN AND PACIFIC ISLANDER,Ahmad,12,57
2016,MALE,ASIAN AND PACIFIC ISLANDER,Aden,12,57
2016,MALE,ASIAN AND PACIFIC ISLANDER,Elvis,12,57
2016,MALE,ASIAN AND PACIFIC ISLANDER,Eden,12,57
2016,MALE,ASIAN AND PACIFIC ISLANDER,Aydin,11,58
2016,MALE,ASIAN AND PACIFIC ISLANDER,Asher,11,58
2016,MALE,ASIAN AND PACIFIC ISLANDER,Hayden,11,58
2016,MALE,ASIAN AND PACIFIC ISLANDER,Edward,11,58
2016,MALE,ASIAN AND PACIFIC ISLANDER,Hugo,11,58
2016,MALE,ASIAN AND PACIFIC ISLANDER,Simon,11,58
2016,MALE,ASIAN AND PACIFIC ISLANDER,Jace,11,58
2016,MALE,ASIAN AND PACIFIC ISLANDER,Aahil,11,58
2016,MALE,ASIAN AND PACIFIC ISLANDER,Albert,11,58
2016,MALE,ASIAN AND PACIFIC ISLANDER,Cody,11,58
2016,MALE,ASIAN AND PACIFIC ISLANDER,Edwin,11,58
2016,MALE,ASIAN AND PACIFIC ISLANDER,Lincoln,11,58
2016,MALE,ASIAN AND PACIFIC ISLANDER,Farhan,11,58
2016,MALE,ASIAN AND PACIFIC ISLANDER,Wilson,10,59
2016,MALE,ASIAN AND PACIFIC ISLANDER,Robert,10,59
2016,MALE,ASIAN AND PACIFIC ISLANDER,Ali,10,59
2016,MALE,ASIAN AND PACIFIC ISLANDER,Ryder,10,59
2016,MALE,ASIAN AND PACIFIC ISLANDER,Terry,10,59
2016,MALE,ASIAN AND PACIFIC ISLANDER,Devin,10,59
2016,MALE,ASIAN AND PACIFIC ISLANDER,Grayson,10,59
2016,MALE,ASIAN AND PACIFIC ISLANDER,Timothy,10,59
2016,MALE,ASIAN AND PACIFIC ISLANDER,Cayden,10,59
2016,MALE,ASIAN AND PACIFIC ISLANDER,Sulaiman,10,59
2016,MALE,ASIAN AND PACIFIC ISLANDER,Mikael,10,59
2016,MALE,ASIAN AND PACIFIC ISLANDER,Alston,10,59
2016,MALE,ASIAN AND PACIFIC ISLANDER,Victor,10,59
2016,MALE,ASIAN AND PACIFIC ISLANDER,Nelson,10,59
2016,MALE,ASIAN AND PACIFIC ISLANDER,Kimi,10,59
2016,MALE,BLACK NON HISPANIC,Noah,148,1
2016,MALE,BLACK NON HISPANIC,Aiden,137,2
2016,MALE,BLACK NON HISPANIC,Elijah,116,3
2016,MALE,BLACK NON HISPANIC,Liam,108,4
2016,MALE,BLACK NON HISPANIC,Ethan,107,5
2016,MALE,BLACK NON HISPANIC,Jeremiah,101,6
2016,MALE,BLACK NON HISPANIC,Amir,95,7
2016,MALE,BLACK NON HISPANIC,Joshua,94,8
2016,MALE,BLACK NON HISPANIC,Josiah,91,9
2016,MALE,BLACK NON HISPANIC,Mason,91,9
2016,MALE,BLACK NON HISPANIC,Carter,80,10
2016,MALE,BLACK NON HISPANIC,Jayden,75,11
2016,MALE,BLACK NON HISPANIC,Michael,71,12
2016,MALE,BLACK NON HISPANIC,David,66,13
2016,MALE,BLACK NON HISPANIC,Chase,65,14
2016,MALE,BLACK NON HISPANIC,Logan,65,14
2016,MALE,BLACK NON HISPANIC,King,64,15
2016,MALE,BLACK NON HISPANIC,Christian,61,16
2016,MALE,BLACK NON HISPANIC,Tyler,58,17
2016,MALE,BLACK NON HISPANIC,Cameron,58,17
2016,MALE,BLACK NON HISPANIC,Jacob,57,18
2016,MALE,BLACK NON HISPANIC,Isaiah,57,18
2016,MALE,BLACK NON HISPANIC,Malachi,56,19
2016,MALE,BLACK NON HISPANIC,Zion,54,20
2016,MALE,BLACK NON HISPANIC,Daniel,52,21
2016,MALE,BLACK NON HISPANIC,Kayden,50,22
2016,MALE,BLACK NON HISPANIC,Ayden,47,23
2016,MALE,BLACK NON HISPANIC,Kaiden,47,23
2016,MALE,BLACK NON HISPANIC,Messiah,47,23
2016,MALE,BLACK NON HISPANIC,Mohamed,45,24
2016,MALE,BLACK NON HISPANIC,Samuel,45,24
2016,MALE,BLACK NON HISPANIC,Christopher,44,25
2016,MALE,BLACK NON HISPANIC,Kyrie,44,25
2016,MALE,BLACK NON HISPANIC,Ryan,42,26
2016,MALE,BLACK NON HISPANIC,Jayce,41,27
2016,MALE,BLACK NON HISPANIC,Justin,41,27
2016,MALE,BLACK NON HISPANIC,Caleb,40,28
2016,MALE,BLACK NON HISPANIC,Nathan,40,28
2016,MALE,BLACK NON HISPANIC,Xavier,39,29
2016,MALE,BLACK NON HISPANIC,Aaron,39,29
2016,MALE,BLACK NON HISPANIC,Tristan,38,30
2016,MALE,BLACK NON HISPANIC,Amari,37,31
2016,MALE,BLACK NON HISPANIC,Jace,37,31
2016,MALE,BLACK NON HISPANIC,Nathaniel,36,32
2016,MALE,BLACK NON HISPANIC,Joel,35,33
2016,MALE,BLACK NON HISPANIC,Jaden,35,33
2016,MALE,BLACK NON HISPANIC,Matthew,35,33
2016,MALE,BLACK NON HISPANIC,Ashton,35,33
2016,MALE,BLACK NON HISPANIC,Jonathan,35,33
2016,MALE,BLACK NON HISPANIC,Prince,35,33
2016,MALE,BLACK NON HISPANIC,Hunter,34,34
2016,MALE,BLACK NON HISPANIC,Anthony,34,34
2016,MALE,BLACK NON HISPANIC,Alexander,34,34
2016,MALE,BLACK NON HISPANIC,Jason,33,35
2016,MALE,BLACK NON HISPANIC,Dylan,33,35
2016,MALE,BLACK NON HISPANIC,Jordan,32,36
2016,MALE,BLACK NON HISPANIC,Jayceon,32,36
2016,MALE,BLACK NON HISPANIC,Bryson,31,37
2016,MALE,BLACK NON HISPANIC,Adonis,31,37
2016,MALE,BLACK NON HISPANIC,Gabriel,31,37
2016,MALE,BLACK NON HISPANIC,Brandon,31,37
2016,MALE,BLACK NON HISPANIC,Nasir,30,38
2016,MALE,BLACK NON HISPANIC,Bryce,29,39
2016,MALE,BLACK NON HISPANIC,Karter,29,39
2016,MALE,BLACK NON HISPANIC,Kyle,29,39
2016,MALE,BLACK NON HISPANIC,Zachary,29,39
2016,MALE,BLACK NON HISPANIC,Emmanuel,29,39
2016,MALE,BLACK NON HISPANIC,Micah,28,40
2016,MALE,BLACK NON HISPANIC,Avery,28,40
2016,MALE,BLACK NON HISPANIC,Austin,28,40
2016,MALE,BLACK NON HISPANIC,Omari,28,40
2016,MALE,BLACK NON HISPANIC,Mamadou,28,40
2016,MALE,BLACK NON HISPANIC,Kai,28,40
2016,MALE,BLACK NON HISPANIC,Lucas,28,40
2016,MALE,BLACK NON HISPANIC,Ibrahim,27,41
2016,MALE,BLACK NON HISPANIC,Sebastian,27,41
2016,MALE,BLACK NON HISPANIC,Chance,27,41
2016,MALE,BLACK NON HISPANIC,Joseph,26,42
2016,MALE,BLACK NON HISPANIC,Nicholas,25,43
2016,MALE,BLACK NON HISPANIC,James,24,44
2016,MALE,BLACK NON HISPANIC,Maison,23,45
2016,MALE,BLACK NON HISPANIC,Kaleb,22,46
2016,MALE,BLACK NON HISPANIC,Eli,22,46
2016,MALE,BLACK NON HISPANIC,Adam,21,47
2016,MALE,BLACK NON HISPANIC,Andrew,21,47
2016,MALE,BLACK NON HISPANIC,Benjamin,20,48
2016,MALE,BLACK NON HISPANIC,Major,20,48
2016,MALE,BLACK NON HISPANIC,Julian,20,48
2016,MALE,BLACK NON HISPANIC,Malik,20,48
2016,MALE,BLACK NON HISPANIC,Isaac,20,48
2016,MALE,BLACK NON HISPANIC,Ezra,20,48
2016,MALE,BLACK NON HISPANIC,Jaiden,18,49
2016,MALE,BLACK NON HISPANIC,Richard,18,49
2016,MALE,BLACK NON HISPANIC,William,18,49
2016,MALE,BLACK NON HISPANIC,Robert,18,49
2016,MALE,BLACK NON HISPANIC,Legend,17,50
2016,MALE,BLACK NON HISPANIC,Nolan,17,50
2016,MALE,BLACK NON HISPANIC,Royal,17,50
2016,MALE,BLACK NON HISPANIC,John,17,50
2016,MALE,BLACK NON HISPANIC,Adrian,17,50
2016,MALE,BLACK NON HISPANIC,Elias,17,50
2016,MALE,BLACK NON HISPANIC,Grayson,16,51
2016,MALE,BLACK NON HISPANIC,Justice,16,51
2016,MALE,BLACK NON HISPANIC,Kevin,16,51
2016,MALE,BLACK NON HISPANIC,Alpha,16,51
2016,MALE,BLACK NON HISPANIC,Jaxon,16,51
2016,MALE,BLACK NON HISPANIC,Zaire,16,51
2016,MALE,BLACK NON HISPANIC,Princeton,15,52
2016,MALE,BLACK NON HISPANIC,Giovanni,15,52
2016,MALE,BLACK NON HISPANIC,Khalil,15,52
2016,MALE,BLACK NON HISPANIC,Mekhi,15,52
2016,MALE,BLACK NON HISPANIC,Muhammad,15,52
2016,MALE,BLACK NON HISPANIC,Ousmane,15,52
2016,MALE,BLACK NON HISPANIC,Andre,15,52
2016,MALE,BLACK NON HISPANIC,Levi,15,52
2016,MALE,BLACK NON HISPANIC,Sean,15,52
2016,MALE,BLACK NON HISPANIC,Shane,14,53
2016,MALE,BLACK NON HISPANIC,Jaylen,14,53
2016,MALE,BLACK NON HISPANIC,Aidan,14,53
2016,MALE,BLACK NON HISPANIC,Maximus,14,53
2016,MALE,BLACK NON HISPANIC,Ezekiel,14,53
2016,MALE,BLACK NON HISPANIC,Kaden,14,53
2016,MALE,BLACK NON HISPANIC,Mouhamed,14,53
2016,MALE,BLACK NON HISPANIC,Alex,14,53
2016,MALE,BLACK NON HISPANIC,Asher,14,53
2016,MALE,BLACK NON HISPANIC,Timothy,13,54
2016,MALE,BLACK NON HISPANIC,Judah,13,54
2016,MALE,BLACK NON HISPANIC,Jamari,13,54
2016,MALE,BLACK NON HISPANIC,Jaxson,13,54
2016,MALE,BLACK NON HISPANIC,Ibrahima,13,54
2016,MALE,BLACK NON HISPANIC,Kameron,13,54
2016,MALE,BLACK NON HISPANIC,Sincere,13,54
2016,MALE,BLACK NON HISPANIC,Darius,13,54
2016,MALE,BLACK NON HISPANIC,Israel,13,54
2016,MALE,BLACK NON HISPANIC,Jonas,13,54
2016,MALE,BLACK NON HISPANIC,Charles,12,55
2016,MALE,BLACK NON HISPANIC,Amadou,12,55
2016,MALE,BLACK NON HISPANIC,Greyson,12,55
2016,MALE,BLACK NON HISPANIC,Victor,12,55
2016,MALE,BLACK NON HISPANIC,Kamari,12,55
2016,MALE,BLACK NON HISPANIC,Peyton,12,55
2016,MALE,BLACK NON HISPANIC,Bryan,12,55
2016,MALE,BLACK NON HISPANIC,Cairo,12,55
2016,MALE,BLACK NON HISPANIC,Preston,12,55
2016,MALE,BLACK NON HISPANIC,Blake,12,55
2016,MALE,BLACK NON HISPANIC,Connor,11,56
2016,MALE,BLACK NON HISPANIC,Moussa,11,56
2016,MALE,BLACK NON HISPANIC,George,11,56
2016,MALE,BLACK NON HISPANIC,Marcus,11,56
2016,MALE,BLACK NON HISPANIC,Derrick,11,56
2016,MALE,BLACK NON HISPANIC,Abdoul,11,56
2016,MALE,BLACK NON HISPANIC,Caiden,11,56
2016,MALE,BLACK NON HISPANIC,Nehemiah,11,56
2016,MALE,BLACK NON HISPANIC,Jonah,11,56
2016,MALE,BLACK NON HISPANIC,Kingston,11,56
2016,MALE,BLACK NON HISPANIC,Cayden,10,57
2016,MALE,BLACK NON HISPANIC,Miles,10,57
2016,MALE,BLACK NON HISPANIC,Kyree,10,57
2016,MALE,BLACK NON HISPANIC,Zayden,10,57
2016,MALE,BLACK NON HISPANIC,Oumar,10,57
2016,MALE,BLACK NON HISPANIC,Henry,10,57
2016,MALE,BLACK NON HISPANIC,Myles,10,57
2016,MALE,BLACK NON HISPANIC,Ali,10,57
2016,MALE,BLACK NON HISPANIC,Brayden,10,57
2016,MALE,BLACK NON HISPANIC,Omar,10,57
2016,MALE,BLACK NON HISPANIC,Abraham,10,57
2016,MALE,BLACK NON HISPANIC,Damari,10,57
2016,MALE,BLACK NON HISPANIC,Wyatt,10,57
2016,MALE,BLACK NON HISPANIC,Camren,10,57
2016,MALE,BLACK NON HISPANIC,Ameer,10,57
2016,MALE,BLACK NON HISPANIC,Jamal,10,57
2016,MALE,HISPANIC,Liam,387,1
2016,MALE,HISPANIC,Jacob,351,2
2016,MALE,HISPANIC,Dylan,312,3
2016,MALE,HISPANIC,Matthew,297,4
2016,MALE,HISPANIC,Noah,269,5
2016,MALE,HISPANIC,Sebastian,256,6
2016,MALE,HISPANIC,Ethan,250,7
2016,MALE,HISPANIC,Jayden,231,8
2016,MALE,HISPANIC,Lucas,206,9
2016,MALE,HISPANIC,Aiden,192,10
2016,MALE,HISPANIC,Daniel,188,11
2016,MALE,HISPANIC,Angel,187,12
2016,MALE,HISPANIC,Alexander,169,13
2016,MALE,HISPANIC,Mason,168,14
2016,MALE,HISPANIC,Christopher,163,15
2016,MALE,HISPANIC,Aaron,141,16
2016,MALE,HISPANIC,Mateo,138,17
2016,MALE,HISPANIC,Joshua,137,18
2016,MALE,HISPANIC,Adrian,135,19
2016,MALE,HISPANIC,Anthony,130,20
2016,MALE,HISPANIC,David,129,21
2016,MALE,HISPANIC,Michael,126,22
2016,MALE,HISPANIC,Gabriel,115,23
2016,MALE,HISPANIC,Logan,115,23
2016,MALE,HISPANIC,Isaac,114,24
2016,MALE,HISPANIC,Ian,110,25
2016,MALE,HISPANIC,Joseph,104,26
2016,MALE,HISPANIC,Ryan,103,27
2016,MALE,HISPANIC,Julian,103,27
2016,MALE,HISPANIC,Josiah,99,28
2016,MALE,HISPANIC,Justin,94,29
2016,MALE,HISPANIC,Jose,91,30
2016,MALE,HISPANIC,Kevin,91,30
2016,MALE,HISPANIC,Elijah,90,31
2016,MALE,HISPANIC,Luis,88,32
2016,MALE,HISPANIC,Jonathan,87,33
2016,MALE,HISPANIC,Nathan,83,34
2016,MALE,HISPANIC,James,83,34
2016,MALE,HISPANIC,Benjamin,83,34
2016,MALE,HISPANIC,Samuel,83,34
2016,MALE,HISPANIC,Jeremiah,82,35
2016,MALE,HISPANIC,John,80,36
2016,MALE,HISPANIC,Jeremy,79,37
2016,MALE,HISPANIC,Nicholas,78,38
2016,MALE,HISPANIC,Carlos,78,38
2016,MALE,HISPANIC,Christian,76,39
2016,MALE,HISPANIC,Andrew,75,40
2016,MALE,HISPANIC,Ayden,74,41
2016,MALE,HISPANIC,Brandon,74,41
2016,MALE,HISPANIC,Elias,73,42
2016,MALE,HISPANIC,Xavier,73,42
2016,MALE,HISPANIC,Leonardo,72,43
2016,MALE,HISPANIC,Diego,69,44
2016,MALE,HISPANIC,Erick,63,45
2016,MALE,HISPANIC,Axel,63,45
2016,MALE,HISPANIC,Jesus,62,46
2016,MALE,HISPANIC,Oliver,61,47
2016,MALE,HISPANIC,Alan,58,48
2016,MALE,HISPANIC,Kayden,57,49
2016,MALE,HISPANIC,Emmanuel,56,50
2016,MALE,HISPANIC,Steven,55,51
2016,MALE,HISPANIC,Gael,55,51
2016,MALE,HISPANIC,Joel,55,51
2016,MALE,HISPANIC,Thiago,55,51
2016,MALE,HISPANIC,Santiago,54,52
2016,MALE,HISPANIC,Jason,54,52
2016,MALE,HISPANIC,Alex,53,53
2016,MALE,HISPANIC,Alejandro,52,54
2016,MALE,HISPANIC,Nicolas,52,54
2016,MALE,HISPANIC,William,51,55
2016,MALE,HISPANIC,Damian,50,56
2016,MALE,HISPANIC,Austin,49,57
2016,MALE,HISPANIC,Adam,48,58
2016,MALE,HISPANIC,Juan,48,58
2016,MALE,HISPANIC,Isaiah,47,59
2016,MALE,HISPANIC,Jace,47,59
2016,MALE,HISPANIC,Bryan,46,60
2016,MALE,HISPANIC,Jayce,44,61
2016,MALE,HISPANIC,Matteo,42,62
2016,MALE,HISPANIC,Nathaniel,42,62
2016,MALE,HISPANIC,Abraham,42,62
2016,MALE,HISPANIC,Jordan,40,63
2016,MALE,HISPANIC,Evan,40,63
2016,MALE,HISPANIC,Miguel,39,64
2016,MALE,HISPANIC,Johan,39,64
2016,MALE,HISPANIC,Abel,38,65
2016,MALE,HISPANIC,Derek,38,65
2016,MALE,HISPANIC,Iker,38,65
2016,MALE,HISPANIC,Jake,38,65
2016,MALE,HISPANIC,Adriel,37,66
2016,MALE,HISPANIC,Hunter,37,66
2016,MALE,HISPANIC,Ivan,36,67
2016,MALE,HISPANIC,Edward,36,67
2016,MALE,HISPANIC,Leo,36,67
2016,MALE,HISPANIC,Caleb,35,68
2016,MALE,HISPANIC,Oscar,33,69
2016,MALE,HISPANIC,Eli,33,69
2016,MALE,HISPANIC,Javier,33,69
2016,MALE,HISPANIC,Alexis,33,69
2016,MALE,HISPANIC,Edwin,32,70
2016,MALE,HISPANIC,Matias,32,70
2016,MALE,HISPANIC,Messiah,32,70
2016,MALE,HISPANIC,Jadiel,32,70
2016,MALE,HISPANIC,Tyler,32,70
2016,MALE,HISPANIC,Henry,32,70
2016,MALE,HISPANIC,Josue,32,70
2016,MALE,HISPANIC,Brayden,30,71
2016,MALE,HISPANIC,Bradley,29,72
2016,MALE,HISPANIC,Victor,29,72
2016,MALE,HISPANIC,Jackson,28,73
2016,MALE,HISPANIC,Andy,28,73
2016,MALE,HISPANIC,Mathias,28,73
2016,MALE,HISPANIC,Jonah,27,74
2016,MALE,HISPANIC,Elian,27,74
2016,MALE,HISPANIC,King,27,74
2016,MALE,HISPANIC,Zachary,27,74
2016,MALE,HISPANIC,Rafael,26,75
2016,MALE,HISPANIC,Jaden,26,75
2016,MALE,HISPANIC,Cristian,26,75
2016,MALE,HISPANIC,Dominic,26,75
2016,MALE,HISPANIC,Giovanni,26,75
2016,MALE,HISPANIC,Jaxon,26,75
2016,MALE,HISPANIC,Max,25,76
2016,MALE,HISPANIC,Jorge,25,76
2016,MALE,HISPANIC,Emanuel,25,76
2016,MALE,HISPANIC,Julius,25,76
2016,MALE,HISPANIC,Cameron,24,77
2016,MALE,HISPANIC,Kenneth,24,77
2016,MALE,HISPANIC,Jayson,24,77
2016,MALE,HISPANIC,Owen,24,77
2016,MALE,HISPANIC,Andres,24,77
2016,MALE,HISPANIC,Pablo,24,77
2016,MALE,HISPANIC,Jack,24,77
2016,MALE,HISPANIC,Thomas,24,77
2016,MALE,HISPANIC,Carter,24,77
2016,MALE,HISPANIC,Emilio,24,77
2016,MALE,HISPANIC,Allen,23,78
2016,MALE,HISPANIC,Robert,23,78
2016,MALE,HISPANIC,Eric,22,79
2016,MALE,HISPANIC,Hector,22,79
2016,MALE,HISPANIC,Jaiden,22,79
2016,MALE,HISPANIC,Noel,22,79
2016,MALE,HISPANIC,Chase,22,79
2016,MALE,HISPANIC,Julio,22,79
2016,MALE,HISPANIC,Brian,22,79
2016,MALE,HISPANIC,Lorenzo,22,79
2016,MALE,HISPANIC,Maximiliano,22,79
2016,MALE,HISPANIC,Francisco,21,80
2016,MALE,HISPANIC,Vincent,21,80
2016,MALE,HISPANIC,Peter,21,80
2016,MALE,HISPANIC,Greyson,21,80
2016,MALE,HISPANIC,Avery,21,80
2016,MALE,HISPANIC,Eduardo,21,80
2016,MALE,HISPANIC,Aidan,21,80
2016,MALE,HISPANIC,Ismael,20,81
2016,MALE,HISPANIC,Cesar,20,81
2016,MALE,HISPANIC,Kaiden,20,81
2016,MALE,HISPANIC,Dariel,20,81
2016,MALE,HISPANIC,Anderson,20,81
2016,MALE,HISPANIC,Richard,20,81
2016,MALE,HISPANIC,Jonas,20,81
2016,MALE,HISPANIC,Bryce,20,81
2016,MALE,HISPANIC,George,19,82
2016,MALE,HISPANIC,Grayson,19,82
2016,MALE,HISPANIC,Ezra,19,82
2016,MALE,HISPANIC,Jaxson,19,82
2016,MALE,HISPANIC,Damien,19,82
2016,MALE,HISPANIC,Moises,19,82
2016,MALE,HISPANIC,Amir,19,82
2016,MALE,HISPANIC,Prince,19,82
2016,MALE,HISPANIC,Zion,19,82
2016,MALE,HISPANIC,Manuel,19,82
2016,MALE,HISPANIC,Jefferson,19,82
2016,MALE,HISPANIC,Zayden,19,82
2016,MALE,HISPANIC,Levi,18,83
2016,MALE,HISPANIC,Tristan,18,83
2016,MALE,HISPANIC,Mathew,18,83
2016,MALE,HISPANIC,Leandro,18,83
2016,MALE,HISPANIC,Nolan,18,83
2016,MALE,HISPANIC,Uriel,18,83
2016,MALE,HISPANIC,Ricardo,18,83
2016,MALE,HISPANIC,Mark,17,84
2016,MALE,HISPANIC,Chris,17,84
2016,MALE,HISPANIC,Dominick,17,84
2016,MALE,HISPANIC,Luke,17,84
2016,MALE,HISPANIC,Maison,17,84
2016,MALE,HISPANIC,Milan,17,84
2016,MALE,HISPANIC,Joaquin,17,84
2016,MALE,HISPANIC,Bryson,17,84
2016,MALE,HISPANIC,Ean,17,84
2016,MALE,HISPANIC,Maximus,17,84
2016,MALE,HISPANIC,Jay,16,85
2016,MALE,HISPANIC,Pedro,16,85
2016,MALE,HISPANIC,Ariel,16,85
2016,MALE,HISPANIC,Charles,16,85
2016,MALE,HISPANIC,Abdiel,16,85
2016,MALE,HISPANIC,Martin,16,85
2016,MALE,HISPANIC,Israel,16,85
2016,MALE,HISPANIC,Jeffrey,16,85
2016,MALE,HISPANIC,Marcos,16,85
2016,MALE,HISPANIC,Luca,16,85
2016,MALE,HISPANIC,Adonis,16,85
2016,MALE,HISPANIC,Jaycob,16,85
2016,MALE,HISPANIC,Edgar,15,86
2016,MALE,HISPANIC,Roman,15,86
2016,MALE,HISPANIC,Enzo,15,86
2016,MALE,HISPANIC,Andre,15,86
2016,MALE,HISPANIC,Marcus,15,86
2016,MALE,HISPANIC,Louis,15,86
2016,MALE,HISPANIC,Brayan,15,86
2016,MALE,HISPANIC,Kenny,15,86
2016,MALE,HISPANIC,Lukas,15,86
2016,MALE,HISPANIC,Angelo,15,86
2016,MALE,HISPANIC,Ezekiel,14,87
2016,MALE,HISPANIC,Isaias,14,87
2016,MALE,HISPANIC,Raymond,14,87
2016,MALE,HISPANIC,Kai,14,87
2016,MALE,HISPANIC,Kaden,14,87
2016,MALE,HISPANIC,Maxwell,14,87
2016,MALE,HISPANIC,Kyrie,14,87
2016,MALE,HISPANIC,Roberto,14,87
2016,MALE,HISPANIC,Yadiel,14,87
2016,MALE,HISPANIC,Jean,14,87
2016,MALE,HISPANIC,Valentino,14,87
2016,MALE,HISPANIC,Landon,13,88
2016,MALE,HISPANIC,Marco,13,88
2016,MALE,HISPANIC,Franklin,13,88
2016,MALE,HISPANIC,Fernando,13,88
2016,MALE,HISPANIC,Armani,13,88
2016,MALE,HISPANIC,Randy,13,88
2016,MALE,HISPANIC,Sergio,13,88
2016,MALE,HISPANIC,Jimmy,12,89
2016,MALE,HISPANIC,Kyle,12,89
2016,MALE,HISPANIC,Eliel,12,89
2016,MALE,HISPANIC,Alessandro,12,89
2016,MALE,HISPANIC,Rodrigo,12,89
2016,MALE,HISPANIC,Felipe,12,89
2016,MALE,HISPANIC,Jariel,12,89
2016,MALE,HISPANIC,Omar,12,89
2016,MALE,HISPANIC,Kaleb,12,89
2016,MALE,HISPANIC,Frank,12,89
2016,MALE,HISPANIC,Harrison,12,89
2016,MALE,HISPANIC,Byron,12,89
2016,MALE,HISPANIC,Hudson,12,89
2016,MALE,HISPANIC,Jael,12,89
2016,MALE,HISPANIC,Adiel,12,89
2016,MALE,HISPANIC,Mario,12,89
2016,MALE,HISPANIC,August,12,89
2016,MALE,HISPANIC,Enrique,12,89
2016,MALE,HISPANIC,Johann,12,89
2016,MALE,HISPANIC,Nathanael,11,90
2016,MALE,HISPANIC,Lenny,11,90
2016,MALE,HISPANIC,Allan,11,90
2016,MALE,HISPANIC,Johnny,11,90
2016,MALE,HISPANIC,Paul,11,90
2016,MALE,HISPANIC,Elliot,11,90
2016,MALE,HISPANIC,Timothy,11,90
2016,MALE,HISPANIC,Kelvin,11,90
2016,MALE,HISPANIC,Jax,11,90
2016,MALE,HISPANIC,Ezequiel,11,90
2016,MALE,HISPANIC,Jared,11,90
2016,MALE,HISPANIC,Leonidas,11,90
2016,MALE,HISPANIC,Jasiah,11,90
2016,MALE,HISPANIC,Zabdiel,11,90
2016,MALE,HISPANIC,Miles,11,90
2016,MALE,HISPANIC,Jayceon,10,91
2016,MALE,HISPANIC,Dante,10,91
2016,MALE,HISPANIC,Nelson,10,91
2016,MALE,HISPANIC,Matthias,10,91
2016,MALE,HISPANIC,Marlon,10,91
2016,MALE,HISPANIC,Albert,10,91
2016,MALE,HISPANIC,Eliam,10,91
2016,MALE,HISPANIC,Felix,10,91
2016,MALE,HISPANIC,Arturo,10,91
2016,MALE,HISPANIC,Asher,10,91
2016,MALE,HISPANIC,Sean,10,91
2016,MALE,HISPANIC,Antonio,10,91
2016,MALE,HISPANIC,Lionel,10,91
2016,MALE,HISPANIC,Gavin,10,91
2016,MALE,HISPANIC,Mike,10,91
2016,MALE,HISPANIC,Maximilian,10,91
2016,MALE,HISPANIC,Edison,10,91
2016,MALE,HISPANIC,Darwin,10,91
2016,MALE,HISPANIC,Fabian,10,91
2016,MALE,HISPANIC,Kendrick,10,91
2016,MALE,HISPANIC,Caiden,10,91
2016,MALE,WHITE NON HISPANIC,Joseph,261,1
2016,MALE,WHITE NON HISPANIC,Michael,260,2
2016,MALE,WHITE NON HISPANIC,David,255,3
2016,MALE,WHITE NON HISPANIC,Moshe,239,4
2016,MALE,WHITE NON HISPANIC,Jacob,236,5
2016,MALE,WHITE NON HISPANIC,James,231,6
2016,MALE,WHITE NON HISPANIC,Benjamin,219,7
2016,MALE,WHITE NON HISPANIC,Alexander,211,8
2016,MALE,WHITE NON HISPANIC,Henry,196,9
2016,MALE,WHITE NON HISPANIC,Daniel,196,9
2016,MALE,WHITE NON HISPANIC,Jack,178,10
2016,MALE,WHITE NON HISPANIC,Adam,178,10
2016,MALE,WHITE NON HISPANIC,William,169,11
2016,MALE,WHITE NON HISPANIC,Abraham,163,12
2016,MALE,WHITE NON HISPANIC,Samuel,156,13
2016,MALE,WHITE NON HISPANIC,Noah,147,14
2016,MALE,WHITE NON HISPANIC,John,146,15
2016,MALE,WHITE NON HISPANIC,Isaac,143,16
2016,MALE,WHITE NON HISPANIC,Oliver,142,17
2016,MALE,WHITE NON HISPANIC,Chaim,140,18
2016,MALE,WHITE NON HISPANIC,Nicholas,136,19
2016,MALE,WHITE NON HISPANIC,Ethan,133,20
2016,MALE,WHITE NON HISPANIC,Ryan,129,21
2016,MALE,WHITE NON HISPANIC,Liam,128,22
2016,MALE,WHITE NON HISPANIC,Matthew,127,23
2016,MALE,WHITE NON HISPANIC,Gabriel,124,24
2016,MALE,WHITE NON HISPANIC,Leo,121,25
2016,MALE,WHITE NON HISPANIC,Eli,117,26
2016,MALE,WHITE NON HISPANIC,Theodore,117,26
2016,MALE,WHITE NON HISPANIC,Lucas,115,27
2016,MALE,WHITE NON HISPANIC,Yosef,114,28
2016,MALE,WHITE NON HISPANIC,Thomas,112,29
2016,MALE,WHITE NON HISPANIC,Charles,109,30
2016,MALE,WHITE NON HISPANIC,Andrew,102,31
2016,MALE,WHITE NON HISPANIC,Dylan,101,32
2016,MALE,WHITE NON HISPANIC,Anthony,100,33
2016,MALE,WHITE NON HISPANIC,Shimon,100,33
2016,MALE,WHITE NON HISPANIC,Max,99,34
2016,MALE,WHITE NON HISPANIC,Yisroel,98,35
2016,MALE,WHITE NON HISPANIC,Luke,97,36
2016,MALE,WHITE NON HISPANIC,Mordechai,91,37
2016,MALE,WHITE NON HISPANIC,Yehuda,88,38
2016,MALE,WHITE NON HISPANIC,Menachem,87,39
2016,MALE,WHITE NON HISPANIC,Luca,85,40
2016,MALE,WHITE NON HISPANIC,Julian,85,40
2016,MALE,WHITE NON HISPANIC,Sebastian,84,41
2016,MALE,WHITE NON HISPANIC,Zachary,80,42
2016,MALE,WHITE NON HISPANIC,Jackson,77,43
2016,MALE,WHITE NON HISPANIC,George,76,44
2016,MALE,WHITE NON HISPANIC,Mason,73,45
2016,MALE,WHITE NON HISPANIC,Owen,71,46
2016,MALE,WHITE NON HISPANIC,Christopher,71,46
2016,MALE,WHITE NON HISPANIC,Jonathan,70,47
2016,MALE,WHITE NON HISPANIC,Asher,68,48
2016,MALE,WHITE NON HISPANIC,Robert,68,48
2016,MALE,WHITE NON HISPANIC,Aiden,67,49
2016,MALE,WHITE NON HISPANIC,Nathan,67,49
2016,MALE,WHITE NON HISPANIC,Yitzchok,67,49
2016,MALE,WHITE NON HISPANIC,Shlomo,67,49
2016,MALE,WHITE NON HISPANIC,Omar,64,50
2016,MALE,WHITE NON HISPANIC,Hudson,63,51
2016,MALE,WHITE NON HISPANIC,Joshua,62,52
2016,MALE,WHITE NON HISPANIC,Miles,62,52
2016,MALE,WHITE NON HISPANIC,Mark,61,53
2016,MALE,WHITE NON HISPANIC,Aron,61,53
2016,MALE,WHITE NON HISPANIC,Shmuel,60,54
2016,MALE,WHITE NON HISPANIC,Maxwell,60,54
2016,MALE,WHITE NON HISPANIC,Nathaniel,58,55
2016,MALE,WHITE NON HISPANIC,Yakov,57,56
2016,MALE,WHITE NON HISPANIC,Logan,57,56
2016,MALE,WHITE NON HISPANIC,Meir,57,56
2016,MALE,WHITE NON HISPANIC,Connor,57,56
2016,MALE,WHITE NON HISPANIC,Levi,56,57
2016,MALE,WHITE NON HISPANIC,Aaron,55,58
2016,MALE,WHITE NON HISPANIC,Ezra,54,59
2016,MALE,WHITE NON HISPANIC,Shaya,53,60
2016,MALE,WHITE NON HISPANIC,Ali,53,60
2016,MALE,WHITE NON HISPANIC,Simon,51,61
2016,MALE,WHITE NON HISPANIC,Dov,51,61
2016,MALE,WHITE NON HISPANIC,Ari,49,62
2016,MALE,WHITE NON HISPANIC,Tzvi,49,62
2016,MALE,WHITE NON HISPANIC,Oscar,48,63
2016,MALE,WHITE NON HISPANIC,Edward,47,64
2016,MALE,WHITE NON HISPANIC,Avraham,47,64
2016,MALE,WHITE NON HISPANIC,Vincent,47,64
2016,MALE,WHITE NON HISPANIC,Hunter,47,64
2016,MALE,WHITE NON HISPANIC,Jonah,47,64
2016,MALE,WHITE NON HISPANIC,Adrian,47,64
2016,MALE,WHITE NON HISPANIC,Harrison,46,65
2016,MALE,WHITE NON HISPANIC,Zev,45,66
2016,MALE,WHITE NON HISPANIC,Yaakov,43,67
2016,MALE,WHITE NON HISPANIC,Solomon,43,67
2016,MALE,WHITE NON HISPANIC,Christian,42,68
2016,MALE,WHITE NON HISPANIC,Leon,41,69
2016,MALE,WHITE NON HISPANIC,Peter,41,69
2016,MALE,WHITE NON HISPANIC,Leonardo,41,69
2016,MALE,WHITE NON HISPANIC,Eliezer,41,69
2016,MALE,WHITE NON HISPANIC,Jake,39,70
2016,MALE,WHITE NON HISPANIC,Wyatt,39,70
2016,MALE,WHITE NON HISPANIC,Evan,38,71
2016,MALE,WHITE NON HISPANIC,Dovid,38,71
2016,MALE,WHITE NON HISPANIC,Cole,38,71
2016,MALE,WHITE NON HISPANIC,Aidan,38,71
2016,MALE,WHITE NON HISPANIC,Grayson,37,72
2016,MALE,WHITE NON HISPANIC,Nolan,37,72
2016,MALE,WHITE NON HISPANIC,Sam,37,72
2016,MALE,WHITE NON HISPANIC,Mendel,37,72
2016,MALE,WHITE NON HISPANIC,Mohamed,37,72
2016,MALE,WHITE NON HISPANIC,Moses,37,72
2016,MALE,WHITE NON HISPANIC,Patrick,36,73
2016,MALE,WHITE NON HISPANIC,Judah,35,74
2016,MALE,WHITE NON HISPANIC,Gavin,35,74
2016,MALE,WHITE NON HISPANIC,Arthur,34,75
2016,MALE,WHITE NON HISPANIC,Finn,34,75
2016,MALE,WHITE NON HISPANIC,Dean,34,75
2016,MALE,WHITE NON HISPANIC,Israel,34,75
2016,MALE,WHITE NON HISPANIC,Elijah,33,76
2016,MALE,WHITE NON HISPANIC,Ahmed,33,76
2016,MALE,WHITE NON HISPANIC,Shulem,33,76
2016,MALE,WHITE NON HISPANIC,Nicolas,32,77
2016,MALE,WHITE NON HISPANIC,Elias,32,77
2016,MALE,WHITE NON HISPANIC,Shmiel,31,78
2016,MALE,WHITE NON HISPANIC,Raphael,31,78
2016,MALE,WHITE NON HISPANIC,Elliot,31,78
2016,MALE,WHITE NON HISPANIC,Paul,31,78
2016,MALE,WHITE NON HISPANIC,Chase,31,78
2016,MALE,WHITE NON HISPANIC,Colin,30,79
2016,MALE,WHITE NON HISPANIC,Rocco,30,79
2016,MALE,WHITE NON HISPANIC,Aryeh,30,79
2016,MALE,WHITE NON HISPANIC,Antonio,30,79
2016,MALE,WHITE NON HISPANIC,Lipa,29,80
2016,MALE,WHITE NON HISPANIC,Amir,29,80
2016,MALE,WHITE NON HISPANIC,Eliyahu,29,80
2016,MALE,WHITE NON HISPANIC,Wesley,29,80
2016,MALE,WHITE NON HISPANIC,Ben,29,80
2016,MALE,WHITE NON HISPANIC,Kai,29,80
2016,MALE,WHITE NON HISPANIC,Tyler,29,80
2016,MALE,WHITE NON HISPANIC,Simcha,29,80
2016,MALE,WHITE NON HISPANIC,Frank,29,80
2016,MALE,WHITE NON HISPANIC,Cooper,29,80
2016,MALE,WHITE NON HISPANIC,Mayer,28,81
2016,MALE,WHITE NON HISPANIC,Hershy,28,81
2016,MALE,WHITE NON HISPANIC,Roman,28,81
2016,MALE,WHITE NON HISPANIC,Yechiel,28,81
2016,MALE,WHITE NON HISPANIC,Matteo,28,81
2016,MALE,WHITE NON HISPANIC,Parker,27,82
2016,MALE,WHITE NON HISPANIC,Lukas,27,82
2016,MALE,WHITE NON HISPANIC,Lazer,27,82
2016,MALE,WHITE NON HISPANIC,Naftuli,27,82
2016,MALE,WHITE NON HISPANIC,Philip,27,82
2016,MALE,WHITE NON HISPANIC,Rayan,27,82
2016,MALE,WHITE NON HISPANIC,Naftali,27,82
2016,MALE,WHITE NON HISPANIC,Rafael,27,82
2016,MALE,WHITE NON HISPANIC,Alan,27,82
2016,MALE,WHITE NON HISPANIC,Richard,27,82
2016,MALE,WHITE NON HISPANIC,Milo,27,82
2016,MALE,WHITE NON HISPANIC,Luka,27,82
2016,MALE,WHITE NON HISPANIC,Yousef,26,83
2016,MALE,WHITE NON HISPANIC,Alex,26,83
2016,MALE,WHITE NON HISPANIC,August,26,83
2016,MALE,WHITE NON HISPANIC,Jude,26,83
2016,MALE,WHITE NON HISPANIC,Declan,26,83
2016,MALE,WHITE NON HISPANIC,Graham,26,83
2016,MALE,WHITE NON HISPANIC,Charlie,26,83
2016,MALE,WHITE NON HISPANIC,Jordan,25,84
2016,MALE,WHITE NON HISPANIC,Justin,25,84
2016,MALE,WHITE NON HISPANIC,Theo,25,84
2016,MALE,WHITE NON HISPANIC,Giovanni,25,84
2016,MALE,WHITE NON HISPANIC,Yusuf,25,84
2016,MALE,WHITE NON HISPANIC,Elliott,25,84
2016,MALE,WHITE NON HISPANIC,Hamza,25,84
2016,MALE,WHITE NON HISPANIC,Carter,24,85
2016,MALE,WHITE NON HISPANIC,Hershel,24,85
2016,MALE,WHITE NON HISPANIC,Quinn,24,85
2016,MALE,WHITE NON HISPANIC,Maxim,24,85
2016,MALE,WHITE NON HISPANIC,Victor,24,85
2016,MALE,WHITE NON HISPANIC,Cameron,24,85
2016,MALE,WHITE NON HISPANIC,Conor,24,85
2016,MALE,WHITE NON HISPANIC,Emmett,24,85
2016,MALE,WHITE NON HISPANIC,Maximilian,24,85
2016,MALE,WHITE NON HISPANIC,Jason,24,85
2016,MALE,WHITE NON HISPANIC,Austin,24,85
2016,MALE,WHITE NON HISPANIC,Ariel,24,85
2016,MALE,WHITE NON HISPANIC,Shia,24,85
2016,MALE,WHITE NON HISPANIC,Maximus,23,86
2016,MALE,WHITE NON HISPANIC,Martin,23,86
2016,MALE,WHITE NON HISPANIC,Lorenzo,23,86
2016,MALE,WHITE NON HISPANIC,Felix,23,86
2016,MALE,WHITE NON HISPANIC,Marco,23,86
2016,MALE,WHITE NON HISPANIC,Caleb,22,87
2016,MALE,WHITE NON HISPANIC,Louis,22,87
2016,MALE,WHITE NON HISPANIC,Spencer,22,87
2016,MALE,WHITE NON HISPANIC,Landon,22,87
2016,MALE,WHITE NON HISPANIC,Grant,22,87
2016,MALE,WHITE NON HISPANIC,Rowan,22,87
2016,MALE,WHITE NON HISPANIC,Lev,22,87
2016,MALE,WHITE NON HISPANIC,Sean,22,87
2016,MALE,WHITE NON HISPANIC,Timothy,22,87
2016,MALE,WHITE NON HISPANIC,Avrohom,22,87
2016,MALE,WHITE NON HISPANIC,Ian,22,87
2016,MALE,WHITE NON HISPANIC,Dominic,21,88
2016,MALE,WHITE NON HISPANIC,Noam,21,88
2016,MALE,WHITE NON HISPANIC,Reid,21,88
2016,MALE,WHITE NON HISPANIC,Brandon,21,88
2016,MALE,WHITE NON HISPANIC,Akiva,21,88
2016,MALE,WHITE NON HISPANIC,Yehoshua,21,88
2016,MALE,WHITE NON HISPANIC,Usher,21,88
2016,MALE,WHITE NON HISPANIC,Ellis,21,88
2016,MALE,WHITE NON HISPANIC,Youssef,21,88
2016,MALE,WHITE NON HISPANIC,Arlo,20,89
2016,MALE,WHITE NON HISPANIC,Marcus,20,89
2016,MALE,WHITE NON HISPANIC,Baruch,20,89
2016,MALE,WHITE NON HISPANIC,Shlome,20,89
2016,MALE,WHITE NON HISPANIC,Cheskel,20,89
2016,MALE,WHITE NON HISPANIC,Eitan,20,89
2016,MALE,WHITE NON HISPANIC,Meshilem,20,89
2016,MALE,WHITE NON HISPANIC,Eric,20,89
2016,MALE,WHITE NON HISPANIC,Albert,20,89
2016,MALE,WHITE NON HISPANIC,Gavriel,20,89
2016,MALE,WHITE NON HISPANIC,Mendy,19,90
2016,MALE,WHITE NON HISPANIC,Salvatore,19,90
2016,MALE,WHITE NON HISPANIC,Avi,19,90
2016,MALE,WHITE NON HISPANIC,Jaxon,19,90
2016,MALE,WHITE NON HISPANIC,Shloime,19,90
2016,MALE,WHITE NON HISPANIC,Nico,19,90
2016,MALE,WHITE NON HISPANIC,Jasper,19,90
2016,MALE,WHITE NON HISPANIC,Shloimy,19,90
2016,MALE,WHITE NON HISPANIC,Bennett,19,90
2016,MALE,WHITE NON HISPANIC,Ibrahim,19,90
2016,MALE,WHITE NON HISPANIC,Everett,19,90
2016,MALE,WHITE NON HISPANIC,Abdullah,19,90
2016,MALE,WHITE NON HISPANIC,Jayden,18,91
2016,MALE,WHITE NON HISPANIC,Hugo,18,91
2016,MALE,WHITE NON HISPANIC,Morris,18,91
2016,MALE,WHITE NON HISPANIC,Elimelech,18,91
2016,MALE,WHITE NON HISPANIC,Efraim,18,91
2016,MALE,WHITE NON HISPANIC,Muhammad,17,92
2016,MALE,WHITE NON HISPANIC,Yossi,17,92
2016,MALE,WHITE NON HISPANIC,Kyle,17,92
2016,MALE,WHITE NON HISPANIC,Kevin,17,92
2016,MALE,WHITE NON HISPANIC,Hersh,17,92
2016,MALE,WHITE NON HISPANIC,Samir,17,92
2016,MALE,WHITE NON HISPANIC,Aharon,17,92
2016,MALE,WHITE NON HISPANIC,Shane,17,92
2016,MALE,WHITE NON HISPANIC,Mateo,16,93
2016,MALE,WHITE NON HISPANIC,Anas,16,93
2016,MALE,WHITE NON HISPANIC,Moishe,16,93
2016,MALE,WHITE NON HISPANIC,Angelo,16,93
2016,MALE,WHITE NON HISPANIC,Pinchas,16,93
2016,MALE,WHITE NON HISPANIC,Mohammed,16,93
2016,MALE,WHITE NON HISPANIC,Joel,16,93
2016,MALE,WHITE NON HISPANIC,Francesco,16,93
2016,MALE,WHITE NON HISPANIC,Brian,16,93
2016,MALE,WHITE NON HISPANIC,Bodhi,15,94
2016,MALE,WHITE NON HISPANIC,Calvin,15,94
2016,MALE,WHITE NON HISPANIC,Ronan,15,94
2016,MALE,WHITE NON HISPANIC,Ryder,15,94
2016,MALE,WHITE NON HISPANIC,Axel,15,94
2016,MALE,WHITE NON HISPANIC,Damian,15,94
2016,MALE,WHITE NON HISPANIC,Raymond,15,94
2016,MALE,WHITE NON HISPANIC,Donovan,15,94
2016,MALE,WHITE NON HISPANIC,Zalmen,15,94
2016,MALE,WHITE NON HISPANIC,Binyamin,15,94
2016,MALE,WHITE NON HISPANIC,Benzion,15,94
2016,MALE,WHITE NON HISPANIC,Blake,15,94
2016,MALE,WHITE NON HISPANIC,Chesky,15,94
2016,MALE,WHITE NON HISPANIC,Vincenzo,15,94
2016,MALE,WHITE NON HISPANIC,Brody,14,95
2016,MALE,WHITE NON HISPANIC,Avery,14,95
2016,MALE,WHITE NON HISPANIC,Pinchus,14,95
2016,MALE,WHITE NON HISPANIC,Silas,14,95
2016,MALE,WHITE NON HISPANIC,Timur,14,95
2016,MALE,WHITE NON HISPANIC,Reuven,14,95
2016,MALE,WHITE NON HISPANIC,Beckett,14,95
2016,MALE,WHITE NON HISPANIC,Yoel,14,95
2016,MALE,WHITE NON HISPANIC,Frederick,14,95
2016,MALE,WHITE NON HISPANIC,Yisrael,14,95
2016,MALE,WHITE NON HISPANIC,Leonard,14,95
2016,MALE,WHITE NON HISPANIC,Mohammad,14,95
2016,MALE,WHITE NON HISPANIC,Harry,14,95
2016,MALE,WHITE NON HISPANIC,Griffin,14,95
2016,MALE,WHITE NON HISPANIC,Dominick,13,96
2016,MALE,WHITE NON HISPANIC,Jaxson,13,96
2016,MALE,WHITE NON HISPANIC,Jad,13,96
2016,MALE,WHITE NON HISPANIC,Tristan,13,96
2016,MALE,WHITE NON HISPANIC,Francis,13,96
2016,MALE,WHITE NON HISPANIC,Yitzchak,13,96
2016,MALE,WHITE NON HISPANIC,Stephen,13,96
2016,MALE,WHITE NON HISPANIC,Greyson,13,96
2016,MALE,WHITE NON HISPANIC,River,13,96
2016,MALE,WHITE NON HISPANIC,Micah,13,96
2016,MALE,WHITE NON HISPANIC,Elya,13,96
2016,MALE,WHITE NON HISPANIC,Malik,13,96
2016,MALE,WHITE NON HISPANIC,Xavier,13,96
2016,MALE,WHITE NON HISPANIC,Pierce,13,96
2016,MALE,WHITE NON HISPANIC,Brayden,13,96
2016,MALE,WHITE NON HISPANIC,Boruch,13,96
2016,MALE,WHITE NON HISPANIC,Steven,13,96
2016,MALE,WHITE NON HISPANIC,Jace,13,96
2016,MALE,WHITE NON HISPANIC,Cyrus,12,97
2016,MALE,WHITE NON HISPANIC,Imran,12,97
2016,MALE,WHITE NON HISPANIC,Avrum,12,97
2016,MALE,WHITE NON HISPANIC,Lucian,12,97
2016,MALE,WHITE NON HISPANIC,Brendan,12,97
2016,MALE,WHITE NON HISPANIC,Julien,12,97
2016,MALE,WHITE NON HISPANIC,Yonatan,12,97
2016,MALE,WHITE NON HISPANIC,Ameer,12,97
2016,MALE,WHITE NON HISPANIC,Otto,12,97
2016,MALE,WHITE NON HISPANIC,Zayn,12,97
2016,MALE,WHITE NON HISPANIC,Sholom,12,97
2016,MALE,WHITE NON HISPANIC,Fishel,12,97
2016,MALE,WHITE NON HISPANIC,Ayden,12,97
2016,MALE,WHITE NON HISPANIC,Selim,12,97
2016,MALE,WHITE NON HISPANIC,Giuseppe,12,97
2016,MALE,WHITE NON HISPANIC,Jay,12,97
2016,MALE,WHITE NON HISPANIC,Sami,12,97
2016,MALE,WHITE NON HISPANIC,Desmond,12,97
2016,MALE,WHITE NON HISPANIC,Enzo,12,97
2016,MALE,WHITE NON HISPANIC,Ivan,12,97
2016,MALE,WHITE NON HISPANIC,Marcel,11,98
2016,MALE,WHITE NON HISPANIC,Ahmad,11,98
2016,MALE,WHITE NON HISPANIC,Ahron,11,98
2016,MALE,WHITE NON HISPANIC,Gregory,11,98
2016,MALE,WHITE NON HISPANIC,Wolf,11,98
2016,MALE,WHITE NON HISPANIC,Santino,11,98
2016,MALE,WHITE NON HISPANIC,Russell,11,98
2016,MALE,WHITE NON HISPANIC,Isaiah,11,98
2016,MALE,WHITE NON HISPANIC,Jesse,11,98
2016,MALE,WHITE NON HISPANIC,Walter,11,98
2016,MALE,WHITE NON HISPANIC,Jeremy,11,98
2016,MALE,WHITE NON HISPANIC,Nikolai,11,98
2016,MALE,WHITE NON HISPANIC,Shalom,11,98
2016,MALE,WHITE NON HISPANIC,Zain,11,98
2016,MALE,WHITE NON HISPANIC,Gianluca,11,98
2016,MALE,WHITE NON HISPANIC,Milan,11,98
2016,MALE,WHITE NON HISPANIC,Josef,11,98
2016,MALE,WHITE NON HISPANIC,Motty,11,98
2016,MALE,WHITE NON HISPANIC,Shraga,11,98
2016,MALE,WHITE NON HISPANIC,Peretz,11,98
2016,MALE,WHITE NON HISPANIC,Yassin,11,98
2016,MALE,WHITE NON HISPANIC,Eyad,10,99
2016,MALE,WHITE NON HISPANIC,Berl,10,99
2016,MALE,WHITE NON HISPANIC,Dillon,10,99
2016,MALE,WHITE NON HISPANIC,Nosson,10,99
2016,MALE,WHITE NON HISPANIC,Mordche,10,99
2016,MALE,WHITE NON HISPANIC,Noach,10,99
2016,MALE,WHITE NON HISPANIC,Walker,10,99
2016,MALE,WHITE NON HISPANIC,Lincoln,10,99
2016,MALE,WHITE NON HISPANIC,Nikolas,10,99
2016,MALE,WHITE NON HISPANIC,Leonidas,10,99
2016,MALE,WHITE NON HISPANIC,Umar,10,99
2016,MALE,WHITE NON HISPANIC,Bradley,10,99
2016,MALE,WHITE NON HISPANIC,Meyer,10,99
2016,MALE,WHITE NON HISPANIC,Joaquin,10,99
2016,MALE,WHITE NON HISPANIC,Elan,10,99
2016,MALE,WHITE NON HISPANIC,Augustus,10,99
2016,MALE,WHITE NON HISPANIC,Camden,10,99
2016,MALE,WHITE NON HISPANIC,Malek,10,99
2016,MALE,WHITE NON HISPANIC,Winston,10,99
2016,MALE,WHITE NON HISPANIC,Herman,10,99
2016,MALE,WHITE NON HISPANIC,Meilech,10,99
2016,MALE,WHITE NON HISPANIC,Aviel,10,99
2016,MALE,WHITE NON HISPANIC,Leibish,10,99
2016,MALE,WHITE NON HISPANIC,Colton,10,99
2015,FEMALE,ASIAN AND PACIFIC ISLANDER,Olivia,188,1
2015,FEMALE,ASIAN AND PACIFIC ISLANDER,Chloe,119,2
2015,FEMALE,ASIAN AND PACIFIC ISLANDER,Sophia,104,3
2015,FEMALE,ASIAN AND PACIFIC ISLANDER,Emily,99,4
2015,FEMALE,ASIAN AND PACIFIC ISLANDER,Emma,74,5
2015,FEMALE,ASIAN AND PACIFIC ISLANDER,Grace,65,6
2015,FEMALE,ASIAN AND PACIFIC ISLANDER,Isabella,63,7
2015,FEMALE,ASIAN AND PACIFIC ISLANDER,Mia,59,8
2015,FEMALE,ASIAN AND PACIFIC ISLANDER,Angela,57,9
2015,FEMALE,ASIAN AND PACIFIC ISLANDER,Charlotte,50,10
2015,FEMALE,ASIAN AND PACIFIC ISLANDER,Amelia,48,11
2015,FEMALE,ASIAN AND PACIFIC ISLANDER,Ava,46,12
2015,FEMALE,ASIAN AND PACIFIC ISLANDER,Anaya,44,13
2015,FEMALE,ASIAN AND PACIFIC ISLANDER,Claire,40,14
2015,FEMALE,ASIAN AND PACIFIC ISLANDER,Hannah,39,15
2015,FEMALE,ASIAN AND PACIFIC ISLANDER,Sarah,37,16
2015,FEMALE,ASIAN AND PACIFIC ISLANDER,Zoe,36,17
2015,FEMALE,ASIAN AND PACIFIC ISLANDER,Jessica,36,17
2015,FEMALE,ASIAN AND PACIFIC ISLANDER,Bella,36,17
2015,FEMALE,ASIAN AND PACIFIC ISLANDER,Evelyn,36,17
2015,FEMALE,ASIAN AND PACIFIC ISLANDER,Kayla,35,18
2015,FEMALE,ASIAN AND PACIFIC ISLANDER,Ella,35,18
2015,FEMALE,ASIAN AND PACIFIC ISLANDER,Abigail,35,18
2015,FEMALE,ASIAN AND PACIFIC ISLANDER,Fatima,35,18
2015,FEMALE,ASIAN AND PACIFIC ISLANDER,Jasmine,34,19
2015,FEMALE,ASIAN AND PACIFIC ISLANDER,Leah,34,19
2015,FEMALE,ASIAN AND PACIFIC ISLANDER,Rachel,34,19
2015,FEMALE,ASIAN AND PACIFIC ISLANDER,Alice,33,20
2015,FEMALE,ASIAN AND PACIFIC ISLANDER,Avery,32,21
2015,FEMALE,ASIAN AND PACIFIC ISLANDER,Vivian,31,22
2015,FEMALE,ASIAN AND PACIFIC ISLANDER,Angelina,30,23
2015,FEMALE,ASIAN AND PACIFIC ISLANDER,Hailey,30,23
2015,FEMALE,ASIAN AND PACIFIC ISLANDER,Joanna,29,24
2015,FEMALE,ASIAN AND PACIFIC ISLANDER,Maya,29,24
2015,FEMALE,ASIAN AND PACIFIC ISLANDER,Fiona,28,25
2015,FEMALE,ASIAN AND PACIFIC ISLANDER,Victoria,28,25
2015,FEMALE,ASIAN AND PACIFIC ISLANDER,Sophie,28,25
2015,FEMALE,ASIAN AND PACIFIC ISLANDER,Anna,28,25
2015,FEMALE,ASIAN AND PACIFIC ISLANDER,Aria,27,26
2015,FEMALE,ASIAN AND PACIFIC ISLANDER,Elena,27,26
2015,FEMALE,ASIAN AND PACIFIC ISLANDER,Alina,27,26
2015,FEMALE,ASIAN AND PACIFIC ISLANDER,Ashley,27,26
2015,FEMALE,ASIAN AND PACIFIC ISLANDER,Arya,26,27
2015,FEMALE,ASIAN AND PACIFIC ISLANDER,Kaylee,26,27
2015,FEMALE,ASIAN AND PACIFIC ISLANDER,Stella,26,27
2015,FEMALE,ASIAN AND PACIFIC ISLANDER,Audrey,26,27
2015,FEMALE,ASIAN AND PACIFIC ISLANDER,Tenzin,25,28
2015,FEMALE,ASIAN AND PACIFIC ISLANDER,Ellie,25,28
2015,FEMALE,ASIAN AND PACIFIC ISLANDER,Ariana,25,28
2015,FEMALE,ASIAN AND PACIFIC ISLANDER,Madison,25,28
2015,FEMALE,ASIAN AND PACIFIC ISLANDER,Sofia,25,28
2015,FEMALE,ASIAN AND PACIFIC ISLANDER,Abby,24,29
2015,FEMALE,ASIAN AND PACIFIC ISLANDER,Elizabeth,24,29
2015,FEMALE,ASIAN AND PACIFIC ISLANDER,Annie,24,29
2015,FEMALE,ASIAN AND PACIFIC ISLANDER,Catherine,24,29
2015,FEMALE,ASIAN AND PACIFIC ISLANDER,Ayesha,23,30
2015,FEMALE,ASIAN AND PACIFIC ISLANDER,Zainab,22,31
2015,FEMALE,ASIAN AND PACIFIC ISLANDER,Tiffany,22,31
2015,FEMALE,ASIAN AND PACIFIC ISLANDER,Stephanie,22,31
2015,FEMALE,ASIAN AND PACIFIC ISLANDER,Serena,22,31
2015,FEMALE,ASIAN AND PACIFIC ISLANDER,Iris,22,31
2015,FEMALE,ASIAN AND PACIFIC ISLANDER,Lily,22,31
2015,FEMALE,ASIAN AND PACIFIC ISLANDER,Zara,22,31
2015,FEMALE,ASIAN AND PACIFIC ISLANDER,Melody,21,32
2015,FEMALE,ASIAN AND PACIFIC ISLANDER,Cindy,21,32
2015,FEMALE,ASIAN AND PACIFIC ISLANDER,Michelle,21,32
2015,FEMALE,ASIAN AND PACIFIC ISLANDER,Naomi,20,33
2015,FEMALE,ASIAN AND PACIFIC ISLANDER,Manha,20,33
2015,FEMALE,ASIAN AND PACIFIC ISLANDER,Vicky,20,33
2015,FEMALE,ASIAN AND PACIFIC ISLANDER,Sara,20,33
2015,FEMALE,ASIAN AND PACIFIC ISLANDER,Penelope,20,33
2015,FEMALE,ASIAN AND PACIFIC ISLANDER,Phoebe,20,33
2015,FEMALE,ASIAN AND PACIFIC ISLANDER,Natalie,20,33
2015,FEMALE,ASIAN AND PACIFIC ISLANDER,Amy,20,33
2015,FEMALE,ASIAN AND PACIFIC ISLANDER,Zahra,20,33
2015,FEMALE,ASIAN AND PACIFIC ISLANDER,Kaitlyn,20,33
2015,FEMALE,ASIAN AND PACIFIC ISLANDER,Christina,19,34
2015,FEMALE,ASIAN AND PACIFIC ISLANDER,Lillian,19,34
2015,FEMALE,ASIAN AND PACIFIC ISLANDER,Maryam,19,34
2015,FEMALE,ASIAN AND PACIFIC ISLANDER,Allison,19,34
2015,FEMALE,ASIAN AND PACIFIC ISLANDER,Ivy,19,34
2015,FEMALE,ASIAN AND PACIFIC ISLANDER,Aisha,19,34
2015,FEMALE,ASIAN AND PACIFIC ISLANDER,Nicole,19,34
2015,FEMALE,ASIAN AND PACIFIC ISLANDER,Queenie,19,34
2015,FEMALE,ASIAN AND PACIFIC ISLANDER,Selina,18,35
2015,FEMALE,ASIAN AND PACIFIC ISLANDER,Eva,18,35
2015,FEMALE,ASIAN AND PACIFIC ISLANDER,Mila,18,35
2015,FEMALE,ASIAN AND PACIFIC ISLANDER,Jenny,18,35
2015,FEMALE,ASIAN AND PACIFIC ISLANDER,Katherine,18,35
2015,FEMALE,ASIAN AND PACIFIC ISLANDER,Cynthia,17,36
2015,FEMALE,ASIAN AND PACIFIC ISLANDER,Rebecca,17,36
2015,FEMALE,ASIAN AND PACIFIC ISLANDER,Julia,17,36
2015,FEMALE,ASIAN AND PACIFIC ISLANDER,Kelly,17,36
2015,FEMALE,ASIAN AND PACIFIC ISLANDER,Alisha,17,36
2015,FEMALE,ASIAN AND PACIFIC ISLANDER,Hanna,17,36
2015,FEMALE,ASIAN AND PACIFIC ISLANDER,Arianna,17,36
2015,FEMALE,ASIAN AND PACIFIC ISLANDER,Aleena,16,37
2015,FEMALE,ASIAN AND PACIFIC ISLANDER,Irene,16,37
2015,FEMALE,ASIAN AND PACIFIC ISLANDER,Nina,16,37
2015,FEMALE,ASIAN AND PACIFIC ISLANDER,Amber,16,37
2015,FEMALE,ASIAN AND PACIFIC ISLANDER,Shirley,16,37
2015,FEMALE,ASIAN AND PACIFIC ISLANDER,Sabrina,16,37
2015,FEMALE,ASIAN AND PACIFIC ISLANDER,Zoey,15,38
2015,FEMALE,ASIAN AND PACIFIC ISLANDER,Emilia,15,38
2015,FEMALE,ASIAN AND PACIFIC ISLANDER,Elina,15,38
2015,FEMALE,ASIAN AND PACIFIC ISLANDER,Harper,15,38
2015,FEMALE,ASIAN AND PACIFIC ISLANDER,Isabelle,15,38
2015,FEMALE,ASIAN AND PACIFIC ISLANDER,Anika,15,38
2015,FEMALE,ASIAN AND PACIFIC ISLANDER,Elsa,15,38
2015,FEMALE,ASIAN AND PACIFIC ISLANDER,Mariam,14,39
2015,FEMALE,ASIAN AND PACIFIC ISLANDER,Leela,14,39
2015,FEMALE,ASIAN AND PACIFIC ISLANDER,Jannat,14,39
2015,FEMALE,ASIAN AND PACIFIC ISLANDER,Celine,14,39
2015,FEMALE,ASIAN AND PACIFIC ISLANDER,Nabiha,14,39
2015,FEMALE,ASIAN AND PACIFIC ISLANDER,Eileen,13,40
2015,FEMALE,ASIAN AND PACIFIC ISLANDER,Arisha,13,40
2015,FEMALE,ASIAN AND PACIFIC ISLANDER,Samaira,13,40
2015,FEMALE,ASIAN AND PACIFIC ISLANDER,Ruby,13,40
2015,FEMALE,ASIAN AND PACIFIC ISLANDER,Queena,13,40
2015,FEMALE,ASIAN AND PACIFIC ISLANDER,Lucy,13,40
2015,FEMALE,ASIAN AND PACIFIC ISLANDER,Alexandra,13,40
2015,FEMALE,ASIAN AND PACIFIC ISLANDER,Amanda,13,40
2015,FEMALE,ASIAN AND PACIFIC ISLANDER,Winnie,13,40
2015,FEMALE,ASIAN AND PACIFIC ISLANDER,Angel,13,40
2015,FEMALE,ASIAN AND PACIFIC ISLANDER,Janice,13,40
2015,FEMALE,ASIAN AND PACIFIC ISLANDER,Aiza,13,40
2015,FEMALE,ASIAN AND PACIFIC ISLANDER,Jocelyn,13,40
2015,FEMALE,ASIAN AND PACIFIC ISLANDER,Caroline,13,40
2015,FEMALE,ASIAN AND PACIFIC ISLANDER,Joy,12,41
2015,FEMALE,ASIAN AND PACIFIC ISLANDER,Lauren,12,41
2015,FEMALE,ASIAN AND PACIFIC ISLANDER,Luna,12,41
2015,FEMALE,ASIAN AND PACIFIC ISLANDER,Inaaya,12,41
2015,FEMALE,ASIAN AND PACIFIC ISLANDER,Savannah,12,41
2015,FEMALE,ASIAN AND PACIFIC ISLANDER,Jessie,12,41
2015,FEMALE,ASIAN AND PACIFIC ISLANDER,Tanisha,12,41
2015,FEMALE,ASIAN AND PACIFIC ISLANDER,Elaine,12,41
2015,FEMALE,ASIAN AND PACIFIC ISLANDER,Joyce,12,41
2015,FEMALE,ASIAN AND PACIFIC ISLANDER,Alexis,12,41
2015,FEMALE,ASIAN AND PACIFIC ISLANDER,Lena,12,41
2015,FEMALE,ASIAN AND PACIFIC ISLANDER,Sienna,12,41
2015,FEMALE,ASIAN AND PACIFIC ISLANDER,Madeline,12,41
2015,FEMALE,ASIAN AND PACIFIC ISLANDER,Annabelle,12,41
2015,FEMALE,ASIAN AND PACIFIC ISLANDER,Jennifer,12,41
2015,FEMALE,ASIAN AND PACIFIC ISLANDER,Lydia,12,41
2015,FEMALE,ASIAN AND PACIFIC ISLANDER,Eliana,12,41
2015,FEMALE,ASIAN AND PACIFIC ISLANDER,Katie,12,41
2015,FEMALE,ASIAN AND PACIFIC ISLANDER,Kira,12,41
2015,FEMALE,ASIAN AND PACIFIC ISLANDER,Alyssa,11,42
2015,FEMALE,ASIAN AND PACIFIC ISLANDER,Mira,11,42
2015,FEMALE,ASIAN AND PACIFIC ISLANDER,Diana,11,42
2015,FEMALE,ASIAN AND PACIFIC ISLANDER,Raina,11,42
2015,FEMALE,ASIAN AND PACIFIC ISLANDER,Aarya,11,42
2015,FEMALE,ASIAN AND PACIFIC ISLANDER,Sylvia,11,42
2015,FEMALE,ASIAN AND PACIFIC ISLANDER,Aizah,11,42
2015,FEMALE,ASIAN AND PACIFIC ISLANDER,Erica,11,42
2015,FEMALE,ASIAN AND PACIFIC ISLANDER,Emaan,11,42
2015,FEMALE,ASIAN AND PACIFIC ISLANDER,Hafsa,11,42
2015,FEMALE,ASIAN AND PACIFIC ISLANDER,Haniya,11,42
2015,FEMALE,ASIAN AND PACIFIC ISLANDER,Elise,11,42
2015,FEMALE,ASIAN AND PACIFIC ISLANDER,Giselle,11,42
2015,FEMALE,ASIAN AND PACIFIC ISLANDER,Maliha,11,42
2015,FEMALE,ASIAN AND PACIFIC ISLANDER,Cecilia,11,42
2015,FEMALE,ASIAN AND PACIFIC ISLANDER,Eleanor,11,42
2015,FEMALE,ASIAN AND PACIFIC ISLANDER,Jannatul,11,42
2015,FEMALE,ASIAN AND PACIFIC ISLANDER,Karina,11,42
2015,FEMALE,ASIAN AND PACIFIC ISLANDER,Riley,10,43
2015,FEMALE,ASIAN AND PACIFIC ISLANDER,Layla,10,43
2015,FEMALE,ASIAN AND PACIFIC ISLANDER,Anisa,10,43
2015,FEMALE,ASIAN AND PACIFIC ISLANDER,Clara,10,43
2015,FEMALE,ASIAN AND PACIFIC ISLANDER,Lisa,10,43
2015,FEMALE,ASIAN AND PACIFIC ISLANDER,Samantha,10,43
2015,FEMALE,ASIAN AND PACIFIC ISLANDER,Josephine,10,43
2015,FEMALE,ASIAN AND PACIFIC ISLANDER,Megan,10,43
2015,FEMALE,ASIAN AND PACIFIC ISLANDER,Isla,10,43
2015,FEMALE,ASIAN AND PACIFIC ISLANDER,Isabel,10,43
2015,FEMALE,ASIAN AND PACIFIC ISLANDER,Khloe,10,43
2015,FEMALE,ASIAN AND PACIFIC ISLANDER,Anabia,10,43
2015,FEMALE,ASIAN AND PACIFIC ISLANDER,Christine,10,43
2015,FEMALE,ASIAN AND PACIFIC ISLANDER,Jacqueline,10,43
2015,FEMALE,ASIAN AND PACIFIC ISLANDER,Tina,10,43
2015,FEMALE,ASIAN AND PACIFIC ISLANDER,Scarlett,10,43
2015,FEMALE,ASIAN AND PACIFIC ISLANDER,Skylar,10,43
2015,FEMALE,ASIAN AND PACIFIC ISLANDER,Priscilla,10,43
2015,FEMALE,ASIAN AND PACIFIC ISLANDER,Mahnoor,10,43
2015,FEMALE,ASIAN AND PACIFIC ISLANDER,Karen,10,43
2015,FEMALE,ASIAN AND PACIFIC ISLANDER,Noor,10,43
2015,FEMALE,ASIAN AND PACIFIC ISLANDER,Ariel,10,43
2015,FEMALE,BLACK NON HISPANIC,Madison,128,1
2015,FEMALE,BLACK NON HISPANIC,Skylar,91,2
2015,FEMALE,BLACK NON HISPANIC,Ava,87,3
2015,FEMALE,BLACK NON HISPANIC,Olivia,82,4
2015,FEMALE,BLACK NON HISPANIC,Mia,61,5
2015,FEMALE,BLACK NON HISPANIC,Taylor,56,6
2015,FEMALE,BLACK NON HISPANIC,Aaliyah,56,6
2015,FEMALE,BLACK NON HISPANIC,Chloe,56,6
2015,FEMALE,BLACK NON HISPANIC,Savannah,53,7
2015,FEMALE,BLACK NON HISPANIC,Kylie,52,8
2015,FEMALE,BLACK NON HISPANIC,London,51,9
2015,FEMALE,BLACK NON HISPANIC,Riley,50,10
2015,FEMALE,BLACK NON HISPANIC,Serenity,47,11
2015,FEMALE,BLACK NON HISPANIC,Leah,47,11
2015,FEMALE,BLACK NON HISPANIC,Kayla,44,12
2015,FEMALE,BLACK NON HISPANIC,Peyton,44,12
2015,FEMALE,BLACK NON HISPANIC,Zoe,38,13
2015,FEMALE,BLACK NON HISPANIC,Nyla,38,13
2015,FEMALE,BLACK NON HISPANIC,Brielle,37,14
2015,FEMALE,BLACK NON HISPANIC,Autumn,37,14
2015,FEMALE,BLACK NON HISPANIC,Faith,36,15
2015,FEMALE,BLACK NON HISPANIC,Gabriella,36,15
2015,FEMALE,BLACK NON HISPANIC,Zoey,34,16
2015,FEMALE,BLACK NON HISPANIC,Abigail,34,16
2015,FEMALE,BLACK NON HISPANIC,Makayla,34,16
2015,FEMALE,BLACK NON HISPANIC,Arianna,34,16
2015,FEMALE,BLACK NON HISPANIC,Layla,34,16
2015,FEMALE,BLACK NON HISPANIC,Aria,33,17
2015,FEMALE,BLACK NON HISPANIC,Khloe,32,18
2015,FEMALE,BLACK NON HISPANIC,Zuri,32,18
2015,FEMALE,BLACK NON HISPANIC,Emily,31,19
2015,FEMALE,BLACK NON HISPANIC,Sarah,30,20
2015,FEMALE,BLACK NON HISPANIC,Amelia,30,20
2015,FEMALE,BLACK NON HISPANIC,Gabrielle,30,20
2015,FEMALE,BLACK NON HISPANIC,Aisha,29,21
2015,FEMALE,BLACK NON HISPANIC,Nia,29,21
2015,FEMALE,BLACK NON HISPANIC,Morgan,29,21
2015,FEMALE,BLACK NON HISPANIC,Fatima,29,21
2015,FEMALE,BLACK NON HISPANIC,Mariam,29,21
2015,FEMALE,BLACK NON HISPANIC,Victoria,29,21
2015,FEMALE,BLACK NON HISPANIC,Nevaeh,29,21
2015,FEMALE,BLACK NON HISPANIC,Aminata,29,21
2015,FEMALE,BLACK NON HISPANIC,Ariel,28,22
2015,FEMALE,BLACK NON HISPANIC,Kennedy,28,22
2015,FEMALE,BLACK NON HISPANIC,Fatoumata,28,22
2015,FEMALE,BLACK NON HISPANIC,Alyssa,27,23
2015,FEMALE,BLACK NON HISPANIC,Naomi,27,23
2015,FEMALE,BLACK NON HISPANIC,Aubrey,27,23
2015,FEMALE,BLACK NON HISPANIC,Sophia,27,23
2015,FEMALE,BLACK NON HISPANIC,Isabelle,27,23
2015,FEMALE,BLACK NON HISPANIC,Amiyah,26,24
2015,FEMALE,BLACK NON HISPANIC,Sarai,26,24
2015,FEMALE,BLACK NON HISPANIC,Elizabeth,26,24
2015,FEMALE,BLACK NON HISPANIC,Hailey,26,24
2015,FEMALE,BLACK NON HISPANIC,Amina,25,25
2015,FEMALE,BLACK NON HISPANIC,Leilani,25,25
2015,FEMALE,BLACK NON HISPANIC,Laila,25,25
2015,FEMALE,BLACK NON HISPANIC,Nylah,25,25
2015,FEMALE,BLACK NON HISPANIC,Lauren,24,26
2015,FEMALE,BLACK NON HISPANIC,Paige,24,26
2015,FEMALE,BLACK NON HISPANIC,Maya,23,27
2015,FEMALE,BLACK NON HISPANIC,Isabella,23,27
2015,FEMALE,BLACK NON HISPANIC,Kali,23,27
2015,FEMALE,BLACK NON HISPANIC,Jada,23,27
2015,FEMALE,BLACK NON HISPANIC,Arielle,22,28
2015,FEMALE,BLACK NON HISPANIC,Malia,22,28
2015,FEMALE,BLACK NON HISPANIC,McKenzie,22,28
2015,FEMALE,BLACK NON HISPANIC,Kaylee,22,28
2015,FEMALE,BLACK NON HISPANIC,Ariana,22,28
2015,FEMALE,BLACK NON HISPANIC,Grace,22,28
2015,FEMALE,BLACK NON HISPANIC,Brianna,21,29
2015,FEMALE,BLACK NON HISPANIC,Sydney,21,29
2015,FEMALE,BLACK NON HISPANIC,Trinity,21,29
2015,FEMALE,BLACK NON HISPANIC,Harmony,20,30
2015,FEMALE,BLACK NON HISPANIC,Londyn,20,30
2015,FEMALE,BLACK NON HISPANIC,Avery,20,30
2015,FEMALE,BLACK NON HISPANIC,Jade,20,30
2015,FEMALE,BLACK NON HISPANIC,Zara,20,30
2015,FEMALE,BLACK NON HISPANIC,Heaven,19,31
2015,FEMALE,BLACK NON HISPANIC,Amirah,19,31
2015,FEMALE,BLACK NON HISPANIC,Michelle,19,31
2015,FEMALE,BLACK NON HISPANIC,Jordyn,19,31
2015,FEMALE,BLACK NON HISPANIC,Milan,19,31
2015,FEMALE,BLACK NON HISPANIC,Esther,18,32
2015,FEMALE,BLACK NON HISPANIC,Mya,18,32
2015,FEMALE,BLACK NON HISPANIC,Mariah,18,32
2015,FEMALE,BLACK NON HISPANIC,Lyric,18,32
2015,FEMALE,BLACK NON HISPANIC,Skyla,18,32
2015,FEMALE,BLACK NON HISPANIC,Destiny,18,32
2015,FEMALE,BLACK NON HISPANIC,Jayla,18,32
2015,FEMALE,BLACK NON HISPANIC,Amaya,18,32
2015,FEMALE,BLACK NON HISPANIC,Kyla,18,32
2015,FEMALE,BLACK NON HISPANIC,Chelsea,18,32
2015,FEMALE,BLACK NON HISPANIC,Jasmine,18,32
2015,FEMALE,BLACK NON HISPANIC,Maliyah,18,32
2015,FEMALE,BLACK NON HISPANIC,Mariama,18,32
2015,FEMALE,BLACK NON HISPANIC,Amira,17,33
2015,FEMALE,BLACK NON HISPANIC,Bintou,17,33
2015,FEMALE,BLACK NON HISPANIC,Janiyah,17,33
2015,FEMALE,BLACK NON HISPANIC,Journey,17,33
2015,FEMALE,BLACK NON HISPANIC,Emma,17,33
2015,FEMALE,BLACK NON HISPANIC,Tori,17,33
2015,FEMALE,BLACK NON HISPANIC,Malaysia,17,33
2015,FEMALE,BLACK NON HISPANIC,Eva,17,33
2015,FEMALE,BLACK NON HISPANIC,Paris,16,34
2015,FEMALE,BLACK NON HISPANIC,Alana,16,34
2015,FEMALE,BLACK NON HISPANIC,Aniyah,16,34
2015,FEMALE,BLACK NON HISPANIC,Genesis,16,34
2015,FEMALE,BLACK NON HISPANIC,Kimora,16,34
2015,FEMALE,BLACK NON HISPANIC,Bella,16,34
2015,FEMALE,BLACK NON HISPANIC,Aliyah,16,34
2015,FEMALE,BLACK NON HISPANIC,Imani,16,34
2015,FEMALE,BLACK NON HISPANIC,Skyler,15,35
2015,FEMALE,BLACK NON HISPANIC,Mikayla,15,35
2015,FEMALE,BLACK NON HISPANIC,Skye,15,35
2015,FEMALE,BLACK NON HISPANIC,Gianna,15,35
2015,FEMALE,BLACK NON HISPANIC,Samara,15,35
2015,FEMALE,BLACK NON HISPANIC,Nova,15,35
2015,FEMALE,BLACK NON HISPANIC,Hawa,15,35
2015,FEMALE,BLACK NON HISPANIC,Egypt,15,35
2015,FEMALE,BLACK NON HISPANIC,Summer,15,35
2015,FEMALE,BLACK NON HISPANIC,Miracle,15,35
2015,FEMALE,BLACK NON HISPANIC,Melanie,14,36
2015,FEMALE,BLACK NON HISPANIC,Hannah,14,36
2015,FEMALE,BLACK NON HISPANIC,Dakota,14,36
2015,FEMALE,BLACK NON HISPANIC,Charlotte,14,36
2015,FEMALE,BLACK NON HISPANIC,Sanai,14,36
2015,FEMALE,BLACK NON HISPANIC,Zendaya,13,37
2015,FEMALE,BLACK NON HISPANIC,Christina,13,37
2015,FEMALE,BLACK NON HISPANIC,Leila,13,37
2015,FEMALE,BLACK NON HISPANIC,Aissatou,13,37
2015,FEMALE,BLACK NON HISPANIC,Ariah,13,37
2015,FEMALE,BLACK NON HISPANIC,Nala,12,38
2015,FEMALE,BLACK NON HISPANIC,Wynter,12,38
2015,FEMALE,BLACK NON HISPANIC,Milani,12,38
2015,FEMALE,BLACK NON HISPANIC,Cali,12,38
2015,FEMALE,BLACK NON HISPANIC,Mackenzie,12,38
2015,FEMALE,BLACK NON HISPANIC,Amara,12,38
2015,FEMALE,BLACK NON HISPANIC,Aicha,12,38
2015,FEMALE,BLACK NON HISPANIC,Zahra,12,38
2015,FEMALE,BLACK NON HISPANIC,Amia,12,38
2015,FEMALE,BLACK NON HISPANIC,Marley,12,38
2015,FEMALE,BLACK NON HISPANIC,Sanaa,12,38
2015,FEMALE,BLACK NON HISPANIC,Kadiatou,12,38
2015,FEMALE,BLACK NON HISPANIC,Ashley,12,38
2015,FEMALE,BLACK NON HISPANIC,Kaliyah,12,38
2015,FEMALE,BLACK NON HISPANIC,Kelsey,12,38
2015,FEMALE,BLACK NON HISPANIC,Sariah,11,39
2015,FEMALE,BLACK NON HISPANIC,Danielle,11,39
2015,FEMALE,BLACK NON HISPANIC,Kaitlyn,11,39
2015,FEMALE,BLACK NON HISPANIC,Oumou,11,39
2015,FEMALE,BLACK NON HISPANIC,Kailee,11,39
2015,FEMALE,BLACK NON HISPANIC,Erin,11,39
2015,FEMALE,BLACK NON HISPANIC,Fatou,11,39
2015,FEMALE,BLACK NON HISPANIC,Alani,11,39
2015,FEMALE,BLACK NON HISPANIC,Taliyah,11,39
2015,FEMALE,BLACK NON HISPANIC,Zahara,11,39
2015,FEMALE,BLACK NON HISPANIC,Samantha,11,39
2015,FEMALE,BLACK NON HISPANIC,Ariella,11,39
2015,FEMALE,BLACK NON HISPANIC,Brooke,11,39
2015,FEMALE,BLACK NON HISPANIC,Lauryn,11,39
2015,FEMALE,BLACK NON HISPANIC,Samiyah,11,39
2015,FEMALE,BLACK NON HISPANIC,Zariah,11,39
2015,FEMALE,BLACK NON HISPANIC,Tiana,10,40
2015,FEMALE,BLACK NON HISPANIC,Lily,10,40
2015,FEMALE,BLACK NON HISPANIC,Royal,10,40
2015,FEMALE,BLACK NON HISPANIC,Athena,10,40
2015,FEMALE,BLACK NON HISPANIC,Jayda,10,40
2015,FEMALE,BLACK NON HISPANIC,Angel,10,40
2015,FEMALE,BLACK NON HISPANIC,Sky,10,40
2015,FEMALE,BLACK NON HISPANIC,Julia,10,40
2015,FEMALE,BLACK NON HISPANIC,Anaya,10,40
2015,FEMALE,BLACK NON HISPANIC,Sariyah,10,40
2015,FEMALE,BLACK NON HISPANIC,Saige,10,40
2015,FEMALE,BLACK NON HISPANIC,Brooklyn,10,40
2015,FEMALE,BLACK NON HISPANIC,Alexandria,10,40
2015,FEMALE,BLACK NON HISPANIC,Amber,10,40
2015,FEMALE,BLACK NON HISPANIC,Shiloh,10,40
2015,FEMALE,BLACK NON HISPANIC,Joy,10,40
2015,FEMALE,BLACK NON HISPANIC,Eden,10,40
2015,FEMALE,BLACK NON HISPANIC,Jordan,10,40
2015,FEMALE,BLACK NON HISPANIC,Mila,10,40
2015,FEMALE,BLACK NON HISPANIC,Janiya,10,40
2015,FEMALE,HISPANIC,Isabella,307,1
2015,FEMALE,HISPANIC,Sophia,269,2
2015,FEMALE,HISPANIC,Mia,257,3
2015,FEMALE,HISPANIC,Emma,196,4
2015,FEMALE,HISPANIC,Camila,180,5
2015,FEMALE,HISPANIC,Sofia,178,6
2015,FEMALE,HISPANIC,Abigail,143,7
2015,FEMALE,HISPANIC,Ashley,138,8
2015,FEMALE,HISPANIC,Emily,137,9
2015,FEMALE,HISPANIC,Madison,120,10
2015,FEMALE,HISPANIC,Victoria,118,11
2015,FEMALE,HISPANIC,Alexa,105,12
2015,FEMALE,HISPANIC,Leah,102,13
2015,FEMALE,HISPANIC,Valentina,99,14
2015,FEMALE,HISPANIC,Scarlett,95,15
2015,FEMALE,HISPANIC,Olivia,94,16
2015,FEMALE,HISPANIC,Brianna,93,17
2015,FEMALE,HISPANIC,Ariana,93,17
2015,FEMALE,HISPANIC,Samantha,90,18
2015,FEMALE,HISPANIC,Allison,88,19
2015,FEMALE,HISPANIC,Kimberly,88,19
2015,FEMALE,HISPANIC,Genesis,85,20
2015,FEMALE,HISPANIC,Hailey,84,21
2015,FEMALE,HISPANIC,Melanie,84,21
2015,FEMALE,HISPANIC,Zoe,80,22
2015,FEMALE,HISPANIC,Amy,78,23
2015,FEMALE,HISPANIC,Ava,76,24
2015,FEMALE,HISPANIC,Elizabeth,74,25
2015,FEMALE,HISPANIC,Chloe,72,26
2015,FEMALE,HISPANIC,Arianna,70,27
2015,FEMALE,HISPANIC,Kaylee,69,28
2015,FEMALE,HISPANIC,Alaia,67,29
2015,FEMALE,HISPANIC,Kylie,66,30
2015,FEMALE,HISPANIC,Amelia,65,31
2015,FEMALE,HISPANIC,Sarah,64,32
2015,FEMALE,HISPANIC,Aaliyah,62,33
2015,FEMALE,HISPANIC,Gabriella,61,34
2015,FEMALE,HISPANIC,Daniela,60,35
2015,FEMALE,HISPANIC,Emely,56,36
2015,FEMALE,HISPANIC,Delilah,56,36
2015,FEMALE,HISPANIC,Savannah,55,37
2015,FEMALE,HISPANIC,Gabriela,54,38
2015,FEMALE,HISPANIC,Bella,53,39
2015,FEMALE,HISPANIC,Penelope,52,40
2015,FEMALE,HISPANIC,Valerie,52,40
2015,FEMALE,HISPANIC,Nicole,52,40
2015,FEMALE,HISPANIC,Adriana,51,41
2015,FEMALE,HISPANIC,Layla,50,42
2015,FEMALE,HISPANIC,Zoey,49,43
2015,FEMALE,HISPANIC,Katherine,48,44
2015,FEMALE,HISPANIC,Jade,48,44
2015,FEMALE,HISPANIC,Andrea,48,44
2015,FEMALE,HISPANIC,Luna,47,45
2015,FEMALE,HISPANIC,Mila,47,45
2015,FEMALE,HISPANIC,Maya,46,46
2015,FEMALE,HISPANIC,Isabel,45,47
2015,FEMALE,HISPANIC,Maria,44,48
2015,FEMALE,HISPANIC,Aubrey,44,48
2015,FEMALE,HISPANIC,Eva,43,49
2015,FEMALE,HISPANIC,Juliette,43,49
2015,FEMALE,HISPANIC,Michelle,42,50
2015,FEMALE,HISPANIC,Grace,42,50
2015,FEMALE,HISPANIC,Charlotte,42,50
2015,FEMALE,HISPANIC,Amaya,41,51
2015,FEMALE,HISPANIC,Avery,40,52
2015,FEMALE,HISPANIC,Eliana,39,53
2015,FEMALE,HISPANIC,Alina,39,53
2015,FEMALE,HISPANIC,Evelyn,38,54
2015,FEMALE,HISPANIC,Diana,38,54
2015,FEMALE,HISPANIC,Skylar,38,54
2015,FEMALE,HISPANIC,Angelina,37,55
2015,FEMALE,HISPANIC,Khloe,37,55
2015,FEMALE,HISPANIC,Kayla,37,55
2015,FEMALE,HISPANIC,Riley,36,56
2015,FEMALE,HISPANIC,Valeria,36,56
2015,FEMALE,HISPANIC,Aylin,36,56
2015,FEMALE,HISPANIC,Ana,36,56
2015,FEMALE,HISPANIC,Melany,34,57
2015,FEMALE,HISPANIC,Jayleen,34,57
2015,FEMALE,HISPANIC,Stephanie,33,58
2015,FEMALE,HISPANIC,Chelsea,33,58
2015,FEMALE,HISPANIC,Amanda,32,59
2015,FEMALE,HISPANIC,Leslie,32,59
2015,FEMALE,HISPANIC,Serenity,32,59
2015,FEMALE,HISPANIC,Kiara,32,59
2015,FEMALE,HISPANIC,Jazmin,31,60
2015,FEMALE,HISPANIC,Leilani,31,60
2015,FEMALE,HISPANIC,Vanessa,31,60
2015,FEMALE,HISPANIC,Alyssa,30,61
2015,FEMALE,HISPANIC,Lucia,30,61
2015,FEMALE,HISPANIC,Gianna,30,61
2015,FEMALE,HISPANIC,Natalie,30,61
2015,FEMALE,HISPANIC,Naomi,30,61
2015,FEMALE,HISPANIC,Kaitlyn,29,62
2015,FEMALE,HISPANIC,Amber,29,62
2015,FEMALE,HISPANIC,Mya,29,62
2015,FEMALE,HISPANIC,Sarai,29,62
2015,FEMALE,HISPANIC,Athena,29,62
2015,FEMALE,HISPANIC,Juliet,28,63
2015,FEMALE,HISPANIC,Jasmine,28,63
2015,FEMALE,HISPANIC,Lia,28,63
2015,FEMALE,HISPANIC,Elena,27,64
2015,FEMALE,HISPANIC,Danna,27,64
2015,FEMALE,HISPANIC,Ella,26,65
2015,FEMALE,HISPANIC,Hannah,26,65
2015,FEMALE,HISPANIC,Madelyn,26,65
2015,FEMALE,HISPANIC,Violet,26,65
2015,FEMALE,HISPANIC,Aurora,26,65
2015,FEMALE,HISPANIC,Briana,25,66
2015,FEMALE,HISPANIC,Maia,25,66
2015,FEMALE,HISPANIC,Brittany,25,66
2015,FEMALE,HISPANIC,Yaretzi,25,66
2015,FEMALE,HISPANIC,Sophie,24,67
2015,FEMALE,HISPANIC,Alexandra,24,67
2015,FEMALE,HISPANIC,Alana,24,67
2015,FEMALE,HISPANIC,Jennifer,24,67
2015,FEMALE,HISPANIC,Melissa,24,67
2015,FEMALE,HISPANIC,Karen,23,68
2015,FEMALE,HISPANIC,Sara,23,68
2015,FEMALE,HISPANIC,Natalia,23,68
2015,FEMALE,HISPANIC,Ximena,23,68
2015,FEMALE,HISPANIC,Lizbeth,23,68
2015,FEMALE,HISPANIC,Alison,23,68
2015,FEMALE,HISPANIC,Aria,22,69
2015,FEMALE,HISPANIC,Liliana,22,69
2015,FEMALE,HISPANIC,Angelica,22,69
2015,FEMALE,HISPANIC,Kamila,22,69
2015,FEMALE,HISPANIC,Juliana,22,69
2015,FEMALE,HISPANIC,Jaylene,22,69
2015,FEMALE,HISPANIC,Nylah,22,69
2015,FEMALE,HISPANIC,Jayla,21,70
2015,FEMALE,HISPANIC,Melody,20,71
2015,FEMALE,HISPANIC,Esther,20,71
2015,FEMALE,HISPANIC,Julianna,20,71
2015,FEMALE,HISPANIC,Analia,20,71
2015,FEMALE,HISPANIC,Ariel,20,71
2015,FEMALE,HISPANIC,London,20,71
2015,FEMALE,HISPANIC,Autumn,20,71
2015,FEMALE,HISPANIC,Giselle,19,72
2015,FEMALE,HISPANIC,Dayana,19,72
2015,FEMALE,HISPANIC,Selena,19,72
2015,FEMALE,HISPANIC,Nathaly,19,72
2015,FEMALE,HISPANIC,Leila,19,72
2015,FEMALE,HISPANIC,Luciana,19,72
2015,FEMALE,HISPANIC,Lily,19,72
2015,FEMALE,HISPANIC,Julia,19,72
2015,FEMALE,HISPANIC,Alondra,19,72
2015,FEMALE,HISPANIC,Jessica,19,72
2015,FEMALE,HISPANIC,Miranda,19,72
2015,FEMALE,HISPANIC,Eileen,18,73
2015,FEMALE,HISPANIC,Mariah,18,73
2015,FEMALE,HISPANIC,Alice,18,73
2015,FEMALE,HISPANIC,Aliyah,18,73
2015,FEMALE,HISPANIC,Jocelyn,18,73
2015,FEMALE,HISPANIC,April,18,73
2015,FEMALE,HISPANIC,Isabelle,18,73
2015,FEMALE,HISPANIC,Audrey,18,73
2015,FEMALE,HISPANIC,Guadalupe,18,73
2015,FEMALE,HISPANIC,Laila,17,74
2015,FEMALE,HISPANIC,Aileen,17,74
2015,FEMALE,HISPANIC,Faith,17,74
2015,FEMALE,HISPANIC,Alejandra,17,74
2015,FEMALE,HISPANIC,Jacqueline,17,74
2015,FEMALE,HISPANIC,Kelly,17,74
2015,FEMALE,HISPANIC,Emilia,17,74
2015,FEMALE,HISPANIC,Karla,17,74
2015,FEMALE,HISPANIC,Daniella,17,74
2015,FEMALE,HISPANIC,Angelique,16,75
2015,FEMALE,HISPANIC,Antonella,16,75
2015,FEMALE,HISPANIC,Lauren,16,75
2015,FEMALE,HISPANIC,Aubree,16,75
2015,FEMALE,HISPANIC,Jazlyn,16,75
2015,FEMALE,HISPANIC,Sarahi,16,75
2015,FEMALE,HISPANIC,Mackenzie,16,75
2015,FEMALE,HISPANIC,Julissa,16,75
2015,FEMALE,HISPANIC,Sherlyn,16,75
2015,FEMALE,HISPANIC,Helen,15,76
2015,FEMALE,HISPANIC,Shirley,15,76
2015,FEMALE,HISPANIC,Jaylin,15,76
2015,FEMALE,HISPANIC,Skyla,15,76
2015,FEMALE,HISPANIC,Rose,15,76
2015,FEMALE,HISPANIC,Adrianna,15,76
2015,FEMALE,HISPANIC,Catalina,15,76
2015,FEMALE,HISPANIC,Scarlet,15,76
2015,FEMALE,HISPANIC,Mariana,15,76
2015,FEMALE,HISPANIC,Destiny,15,76
2015,FEMALE,HISPANIC,Alicia,15,76
2015,FEMALE,HISPANIC,Mikaela,15,76
2015,FEMALE,HISPANIC,Stacy,15,76
2015,FEMALE,HISPANIC,Rosa,15,76
2015,FEMALE,HISPANIC,Nathalie,15,76
2015,FEMALE,HISPANIC,Perla,15,76
2015,FEMALE,HISPANIC,Alisson,15,76
2015,FEMALE,HISPANIC,Keyla,15,76
2015,FEMALE,HISPANIC,Daisy,15,76
2015,FEMALE,HISPANIC,Jaylee,15,76
2015,FEMALE,HISPANIC,Keily,14,77
2015,FEMALE,HISPANIC,Anna,14,77
2015,FEMALE,HISPANIC,Bianca,14,77
2015,FEMALE,HISPANIC,Nashla,14,77
2015,FEMALE,HISPANIC,Anaya,14,77
2015,FEMALE,HISPANIC,Allyson,14,77
2015,FEMALE,HISPANIC,Annalise,14,77
2015,FEMALE,HISPANIC,Angela,14,77
2015,FEMALE,HISPANIC,Hazel,13,78
2015,FEMALE,HISPANIC,Catherine,13,78
2015,FEMALE,HISPANIC,Kaylie,13,78
2015,FEMALE,HISPANIC,Bryanna,13,78
2015,FEMALE,HISPANIC,Elisa,13,78
2015,FEMALE,HISPANIC,Annabelle,13,78
2015,FEMALE,HISPANIC,Angie,13,78
2015,FEMALE,HISPANIC,Jimena,13,78
2015,FEMALE,HISPANIC,Valery,13,78
2015,FEMALE,HISPANIC,Nathalia,13,78
2015,FEMALE,HISPANIC,Madeline,13,78
2015,FEMALE,HISPANIC,Itzel,13,78
2015,FEMALE,HISPANIC,Erika,13,78
2015,FEMALE,HISPANIC,Alanis,13,78
2015,FEMALE,HISPANIC,Stella,13,78
2015,FEMALE,HISPANIC,Rebecca,13,78
2015,FEMALE,HISPANIC,Katelyn,13,78
2015,FEMALE,HISPANIC,Caroline,13,78
2015,FEMALE,HISPANIC,Christina,13,78
2015,FEMALE,HISPANIC,Mikayla,12,79
2015,FEMALE,HISPANIC,Joselyn,12,79
2015,FEMALE,HISPANIC,Alexia,12,79
2015,FEMALE,HISPANIC,Noemi,12,79
2015,FEMALE,HISPANIC,Zara,12,79
2015,FEMALE,HISPANIC,Makayla,12,79
2015,FEMALE,HISPANIC,Esmeralda,12,79
2015,FEMALE,HISPANIC,Amalia,12,79
2015,FEMALE,HISPANIC,Montserrat,12,79
2015,FEMALE,HISPANIC,Peyton,12,79
2015,FEMALE,HISPANIC,Amaia,12,79
2015,FEMALE,HISPANIC,Melina,12,79
2015,FEMALE,HISPANIC,Anahi,12,79
2015,FEMALE,HISPANIC,Yaritza,12,79
2015,FEMALE,HISPANIC,Sienna,12,79
2015,FEMALE,HISPANIC,Ruby,12,79
2015,FEMALE,HISPANIC,Kate,12,79
2015,FEMALE,HISPANIC,Ellie,12,79
2015,FEMALE,HISPANIC,Ambar,12,79
2015,FEMALE,HISPANIC,Summer,12,79
2015,FEMALE,HISPANIC,Brenda,12,79
2015,FEMALE,HISPANIC,Alanna,11,80
2015,FEMALE,HISPANIC,Aleah,11,80
2015,FEMALE,HISPANIC,Tiffany,11,80
2015,FEMALE,HISPANIC,Izabella,11,80
2015,FEMALE,HISPANIC,Sabrina,11,80
2015,FEMALE,HISPANIC,Wendy,11,80
2015,FEMALE,HISPANIC,Heidy,11,80
2015,FEMALE,HISPANIC,Ariella,11,80
2015,FEMALE,HISPANIC,Ashly,11,80
2015,FEMALE,HISPANIC,Milani,11,80
2015,FEMALE,HISPANIC,Josephine,11,80
2015,FEMALE,HISPANIC,Marjorie,11,80
2015,FEMALE,HISPANIC,Annie,11,80
2015,FEMALE,HISPANIC,Alayna,11,80
2015,FEMALE,HISPANIC,Jaelyn,11,80
2015,FEMALE,HISPANIC,Aleena,11,80
2015,FEMALE,HISPANIC,Chanel,11,80
2015,FEMALE,HISPANIC,Kayleen,11,80
2015,FEMALE,HISPANIC,Elianny,11,80
2015,FEMALE,HISPANIC,Denisse,11,80
2015,FEMALE,HISPANIC,Kailey,11,80
2015,FEMALE,HISPANIC,Liana,10,81
2015,FEMALE,HISPANIC,Megan,10,81
2015,FEMALE,HISPANIC,Heaven,10,81
2015,FEMALE,HISPANIC,Isabela,10,81
2015,FEMALE,HISPANIC,Lizeth,10,81
2015,FEMALE,HISPANIC,Jazmine,10,81
2015,FEMALE,HISPANIC,Carmen,10,81
2015,FEMALE,HISPANIC,Alani,10,81
2015,FEMALE,HISPANIC,Crystal,10,81
2015,FEMALE,HISPANIC,Janelle,10,81
2015,FEMALE,HISPANIC,Daphne,10,81
2015,FEMALE,HISPANIC,Arielle,10,81
2015,FEMALE,HISPANIC,Violeta,10,81
2015,FEMALE,HISPANIC,Priscilla,10,81
2015,FEMALE,HISPANIC,Sasha,10,81
2015,FEMALE,HISPANIC,Londyn,10,81
2015,FEMALE,HISPANIC,Lindsay,10,81
2015,FEMALE,HISPANIC,Rachel,10,81
2015,FEMALE,HISPANIC,Lola,10,81
2015,FEMALE,HISPANIC,Bethany,10,81
2015,FEMALE,HISPANIC,Leia,10,81
2015,FEMALE,HISPANIC,Alessandra,10,81
2015,FEMALE,HISPANIC,Anastasia,10,81
2015,FEMALE,WHITE NON HISPANIC,Olivia,225,1
2015,FEMALE,WHITE NON HISPANIC,Emma,225,1
2015,FEMALE,WHITE NON HISPANIC,Leah,220,2
2015,FEMALE,WHITE NON HISPANIC,Sarah,208,3
2015,FEMALE,WHITE NON HISPANIC,Esther,206,4
2015,FEMALE,WHITE NON HISPANIC,Rachel,179,5
2015,FEMALE,WHITE NON HISPANIC,Miriam,177,6
2015,FEMALE,WHITE NON HISPANIC,Charlotte,174,7
2015,FEMALE,WHITE NON HISPANIC,Chaya,158,8
2015,FEMALE,WHITE NON HISPANIC,Ava,137,9
2015,FEMALE,WHITE NON HISPANIC,Chana,136,10
2015,FEMALE,WHITE NON HISPANIC,Mia,129,11
2015,FEMALE,WHITE NON HISPANIC,Emily,128,12
2015,FEMALE,WHITE NON HISPANIC,Rivka,127,13
2015,FEMALE,WHITE NON HISPANIC,Sara,127,13
2015,FEMALE,WHITE NON HISPANIC,Ella,126,14
2015,FEMALE,WHITE NON HISPANIC,Sophia,125,15
2015,FEMALE,WHITE NON HISPANIC,Sofia,119,16
2015,FEMALE,WHITE NON HISPANIC,Abigail,113,17
2015,FEMALE,WHITE NON HISPANIC,Zoe,111,18
2015,FEMALE,WHITE NON HISPANIC,Maya,108,19
2015,FEMALE,WHITE NON HISPANIC,Isabella,103,20
2015,FEMALE,WHITE NON HISPANIC,Alexandra,99,21
2015,FEMALE,WHITE NON HISPANIC,Anna,96,22
2015,FEMALE,WHITE NON HISPANIC,Elizabeth,96,22
2015,FEMALE,WHITE NON HISPANIC,Chloe,94,23
2015,FEMALE,WHITE NON HISPANIC,Amelia,92,24
2015,FEMALE,WHITE NON HISPANIC,Eleanor,91,25
2015,FEMALE,WHITE NON HISPANIC,Grace,91,25
2015,FEMALE,WHITE NON HISPANIC,Lily,84,26
2015,FEMALE,WHITE NON HISPANIC,Gitty,75,27
2015,FEMALE,WHITE NON HISPANIC,Victoria,74,28
2015,FEMALE,WHITE NON HISPANIC,Malka,74,28
2015,FEMALE,WHITE NON HISPANIC,Julia,70,29
2015,FEMALE,WHITE NON HISPANIC,Faigy,68,30
2015,FEMALE,WHITE NON HISPANIC,Madison,67,31
2015,FEMALE,WHITE NON HISPANIC,Hannah,67,31
2015,FEMALE,WHITE NON HISPANIC,Penelope,66,32
2015,FEMALE,WHITE NON HISPANIC,Stella,66,32
2015,FEMALE,WHITE NON HISPANIC,Eva,66,32
2015,FEMALE,WHITE NON HISPANIC,Malky,65,33
2015,FEMALE,WHITE NON HISPANIC,Alice,64,34
2015,FEMALE,WHITE NON HISPANIC,Gabriella,64,34
2015,FEMALE,WHITE NON HISPANIC,Caroline,62,35
2015,FEMALE,WHITE NON HISPANIC,Sienna,59,36
2015,FEMALE,WHITE NON HISPANIC,Baila,59,36
2015,FEMALE,WHITE NON HISPANIC,Ruby,58,37
2015,FEMALE,WHITE NON HISPANIC,Madeline,58,37
2015,FEMALE,WHITE NON HISPANIC,Sophie,58,37
2015,FEMALE,WHITE NON HISPANIC,Raizy,57,38
2015,FEMALE,WHITE NON HISPANIC,Harper,56,39
2015,FEMALE,WHITE NON HISPANIC,Evelyn,55,40
2015,FEMALE,WHITE NON HISPANIC,Rivky,55,40
2015,FEMALE,WHITE NON HISPANIC,Rose,54,41
2015,FEMALE,WHITE NON HISPANIC,Maria,54,41
2015,FEMALE,WHITE NON HISPANIC,Talia,54,41
2015,FEMALE,WHITE NON HISPANIC,Scarlett,53,42
2015,FEMALE,WHITE NON HISPANIC,Nora,53,42
2015,FEMALE,WHITE NON HISPANIC,Avery,52,43
2015,FEMALE,WHITE NON HISPANIC,Mila,51,44
2015,FEMALE,WHITE NON HISPANIC,Layla,51,44
2015,FEMALE,WHITE NON HISPANIC,Violet,50,45
2015,FEMALE,WHITE NON HISPANIC,Katherine,50,45
2015,FEMALE,WHITE NON HISPANIC,Samantha,50,45
2015,FEMALE,WHITE NON HISPANIC,Toby,50,45
2015,FEMALE,WHITE NON HISPANIC,Vivian,49,46
2015,FEMALE,WHITE NON HISPANIC,Josephine,48,47
2015,FEMALE,WHITE NON HISPANIC,Emilia,48,47
2015,FEMALE,WHITE NON HISPANIC,Molly,47,48
2015,FEMALE,WHITE NON HISPANIC,Riley,46,49
2015,FEMALE,WHITE NON HISPANIC,Lucy,46,49
2015,FEMALE,WHITE NON HISPANIC,Gianna,45,50
2015,FEMALE,WHITE NON HISPANIC,Clara,45,50
2015,FEMALE,WHITE NON HISPANIC,Isla,44,51
2015,FEMALE,WHITE NON HISPANIC,Rebecca,44,51
2015,FEMALE,WHITE NON HISPANIC,Natalie,42,52
2015,FEMALE,WHITE NON HISPANIC,Isabel,41,53
2015,FEMALE,WHITE NON HISPANIC,Hazel,41,53
2015,FEMALE,WHITE NON HISPANIC,Margaret,41,53
2015,FEMALE,WHITE NON HISPANIC,Alexa,40,54
2015,FEMALE,WHITE NON HISPANIC,Dina,40,54
2015,FEMALE,WHITE NON HISPANIC,Yitty,40,54
2015,FEMALE,WHITE NON HISPANIC,Eliana,40,54
2015,FEMALE,WHITE NON HISPANIC,Ariana,40,54
2015,FEMALE,WHITE NON HISPANIC,Valentina,39,55
2015,FEMALE,WHITE NON HISPANIC,Claire,37,56
2015,FEMALE,WHITE NON HISPANIC,Naomi,37,56
2015,FEMALE,WHITE NON HISPANIC,Amina,37,56
2015,FEMALE,WHITE NON HISPANIC,Lila,37,56
2015,FEMALE,WHITE NON HISPANIC,Sury,36,57
2015,FEMALE,WHITE NON HISPANIC,Noa,36,57
2015,FEMALE,WHITE NON HISPANIC,Juliette,36,57
2015,FEMALE,WHITE NON HISPANIC,Audrey,36,57
2015,FEMALE,WHITE NON HISPANIC,Nechama,36,57
2015,FEMALE,WHITE NON HISPANIC,Nicole,36,57
2015,FEMALE,WHITE NON HISPANIC,Chany,35,58
2015,FEMALE,WHITE NON HISPANIC,Nina,35,58
2015,FEMALE,WHITE NON HISPANIC,Shaindy,35,58
2015,FEMALE,WHITE NON HISPANIC,Esty,35,58
2015,FEMALE,WHITE NON HISPANIC,Kayla,35,58
2015,FEMALE,WHITE NON HISPANIC,Juliet,35,58
2015,FEMALE,WHITE NON HISPANIC,Lucia,34,59
2015,FEMALE,WHITE NON HISPANIC,Yides,34,59
2015,FEMALE,WHITE NON HISPANIC,Aria,34,59
2015,FEMALE,WHITE NON HISPANIC,Sydney,33,60
2015,FEMALE,WHITE NON HISPANIC,Devorah,33,60
2015,FEMALE,WHITE NON HISPANIC,Pessy,33,60
2015,FEMALE,WHITE NON HISPANIC,Chava,33,60
2015,FEMALE,WHITE NON HISPANIC,Arianna,33,60
2015,FEMALE,WHITE NON HISPANIC,Ariella,32,61
2015,FEMALE,WHITE NON HISPANIC,Anastasia,32,61
2015,FEMALE,WHITE NON HISPANIC,Sloane,32,61
2015,FEMALE,WHITE NON HISPANIC,Isabelle,32,61
2015,FEMALE,WHITE NON HISPANIC,Goldy,32,61
2015,FEMALE,WHITE NON HISPANIC,Sadie,32,61
2015,FEMALE,WHITE NON HISPANIC,Bella,31,62
2015,FEMALE,WHITE NON HISPANIC,Vivienne,31,62
2015,FEMALE,WHITE NON HISPANIC,Hailey,31,62
2015,FEMALE,WHITE NON HISPANIC,Fiona,31,62
2015,FEMALE,WHITE NON HISPANIC,Francesca,31,62
2015,FEMALE,WHITE NON HISPANIC,Willa,30,63
2015,FEMALE,WHITE NON HISPANIC,Catherine,30,63
2015,FEMALE,WHITE NON HISPANIC,Lillian,30,63
2015,FEMALE,WHITE NON HISPANIC,Annabelle,30,63
2015,FEMALE,WHITE NON HISPANIC,Adriana,30,63
2015,FEMALE,WHITE NON HISPANIC,Quinn,30,63
2015,FEMALE,WHITE NON HISPANIC,Henny,30,63
2015,FEMALE,WHITE NON HISPANIC,Liba,30,63
2015,FEMALE,WHITE NON HISPANIC,Zissy,30,63
2015,FEMALE,WHITE NON HISPANIC,Beatrice,29,64
2015,FEMALE,WHITE NON HISPANIC,Cecilia,29,64
2015,FEMALE,WHITE NON HISPANIC,Bracha,29,64
2015,FEMALE,WHITE NON HISPANIC,Luna,28,65
2015,FEMALE,WHITE NON HISPANIC,Frances,28,65
2015,FEMALE,WHITE NON HISPANIC,Yocheved,28,65
2015,FEMALE,WHITE NON HISPANIC,Liliana,28,65
2015,FEMALE,WHITE NON HISPANIC,Dylan,28,65
2015,FEMALE,WHITE NON HISPANIC,Vera,28,65
2015,FEMALE,WHITE NON HISPANIC,Cora,27,66
2015,FEMALE,WHITE NON HISPANIC,Rochel,27,66
2015,FEMALE,WHITE NON HISPANIC,Madeleine,27,66
2015,FEMALE,WHITE NON HISPANIC,Giuliana,27,66
2015,FEMALE,WHITE NON HISPANIC,Angelina,27,66
2015,FEMALE,WHITE NON HISPANIC,Chavy,27,66
2015,FEMALE,WHITE NON HISPANIC,Lia,26,67
2015,FEMALE,WHITE NON HISPANIC,Pearl,26,67
2015,FEMALE,WHITE NON HISPANIC,Eliza,26,67
2015,FEMALE,WHITE NON HISPANIC,Ellie,26,67
2015,FEMALE,WHITE NON HISPANIC,Alyssa,26,67
2015,FEMALE,WHITE NON HISPANIC,Juliana,26,67
2015,FEMALE,WHITE NON HISPANIC,Elle,26,67
2015,FEMALE,WHITE NON HISPANIC,Raizel,25,68
2015,FEMALE,WHITE NON HISPANIC,Mackenzie,25,68
2015,FEMALE,WHITE NON HISPANIC,Michelle,25,68
2015,FEMALE,WHITE NON HISPANIC,Milana,25,68
2015,FEMALE,WHITE NON HISPANIC,Adele,25,68
2015,FEMALE,WHITE NON HISPANIC,Julianna,25,68
2015,FEMALE,WHITE NON HISPANIC,Elise,25,68
2015,FEMALE,WHITE NON HISPANIC,Hindy,25,68
2015,FEMALE,WHITE NON HISPANIC,Eloise,24,69
2015,FEMALE,WHITE NON HISPANIC,Blimy,24,69
2015,FEMALE,WHITE NON HISPANIC,Hinda,24,69
2015,FEMALE,WHITE NON HISPANIC,Lyla,24,69
2015,FEMALE,WHITE NON HISPANIC,Genevieve,24,69
2015,FEMALE,WHITE NON HISPANIC,Yehudis,24,69
2015,FEMALE,WHITE NON HISPANIC,Sabrina,24,69
2015,FEMALE,WHITE NON HISPANIC,Fraidy,24,69
2015,FEMALE,WHITE NON HISPANIC,Libby,24,69
2015,FEMALE,WHITE NON HISPANIC,Leila,23,70
2015,FEMALE,WHITE NON HISPANIC,Adina,23,70
2015,FEMALE,WHITE NON HISPANIC,Mary,23,70
2015,FEMALE,WHITE NON HISPANIC,Aubrey,23,70
2015,FEMALE,WHITE NON HISPANIC,Lola,23,70
2015,FEMALE,WHITE NON HISPANIC,Reese,22,71
2015,FEMALE,WHITE NON HISPANIC,Adeline,22,71
2015,FEMALE,WHITE NON HISPANIC,Daniella,22,71
2015,FEMALE,WHITE NON HISPANIC,Aurora,22,71
2015,FEMALE,WHITE NON HISPANIC,Georgia,22,71
2015,FEMALE,WHITE NON HISPANIC,Zoey,21,72
2015,FEMALE,WHITE NON HISPANIC,Blima,21,72
2015,FEMALE,WHITE NON HISPANIC,Paige,21,72
2015,FEMALE,WHITE NON HISPANIC,Ayla,21,72
2015,FEMALE,WHITE NON HISPANIC,Matilda,21,72
2015,FEMALE,WHITE NON HISPANIC,Amira,21,72
2015,FEMALE,WHITE NON HISPANIC,Margot,21,72
2015,FEMALE,WHITE NON HISPANIC,Devora,21,72
2015,FEMALE,WHITE NON HISPANIC,Siena,20,73
2015,FEMALE,WHITE NON HISPANIC,Sima,20,73
2015,FEMALE,WHITE NON HISPANIC,Gemma,20,73
2015,FEMALE,WHITE NON HISPANIC,Ruchy,20,73
2015,FEMALE,WHITE NON HISPANIC,Brianna,20,73
2015,FEMALE,WHITE NON HISPANIC,Lea,20,73
2015,FEMALE,WHITE NON HISPANIC,Keira,20,73
2015,FEMALE,WHITE NON HISPANIC,Phoebe,20,73
2015,FEMALE,WHITE NON HISPANIC,Batsheva,20,73
2015,FEMALE,WHITE NON HISPANIC,Addison,20,73
2015,FEMALE,WHITE NON HISPANIC,Hana,20,73
2015,FEMALE,WHITE NON HISPANIC,Mariam,20,73
2015,FEMALE,WHITE NON HISPANIC,Kate,20,73
2015,FEMALE,WHITE NON HISPANIC,Brooke,19,74
2015,FEMALE,WHITE NON HISPANIC,Shira,19,74
2015,FEMALE,WHITE NON HISPANIC,June,19,74
2015,FEMALE,WHITE NON HISPANIC,Sylvia,19,74
2015,FEMALE,WHITE NON HISPANIC,Ivy,19,74
2015,FEMALE,WHITE NON HISPANIC,Lauren,19,74
2015,FEMALE,WHITE NON HISPANIC,Yael,19,74
2015,FEMALE,WHITE NON HISPANIC,Tessa,19,74
2015,FEMALE,WHITE NON HISPANIC,Etty,19,74
2015,FEMALE,WHITE NON HISPANIC,Lena,19,74
2015,FEMALE,WHITE NON HISPANIC,Milena,19,74
2015,FEMALE,WHITE NON HISPANIC,Leyla,18,75
2015,FEMALE,WHITE NON HISPANIC,Liv,18,75
2015,FEMALE,WHITE NON HISPANIC,Edith,18,75
2015,FEMALE,WHITE NON HISPANIC,Lara,18,75
2015,FEMALE,WHITE NON HISPANIC,Emerson,18,75
2015,FEMALE,WHITE NON HISPANIC,Savannah,18,75
2015,FEMALE,WHITE NON HISPANIC,Skylar,18,75
2015,FEMALE,WHITE NON HISPANIC,Taylor,18,75
2015,FEMALE,WHITE NON HISPANIC,Natalia,18,75
2015,FEMALE,WHITE NON HISPANIC,Jane,18,75
2015,FEMALE,WHITE NON HISPANIC,Jenna,18,75
2015,FEMALE,WHITE NON HISPANIC,Bruchy,18,75
2015,FEMALE,WHITE NON HISPANIC,Miri,17,76
2015,FEMALE,WHITE NON HISPANIC,Eve,17,76
2015,FEMALE,WHITE NON HISPANIC,Simone,17,76
2015,FEMALE,WHITE NON HISPANIC,Aisha,17,76
2015,FEMALE,WHITE NON HISPANIC,Elena,17,76
2015,FEMALE,WHITE NON HISPANIC,Colette,17,76
2015,FEMALE,WHITE NON HISPANIC,Samira,17,76
2015,FEMALE,WHITE NON HISPANIC,Faiga,17,76
2015,FEMALE,WHITE NON HISPANIC,Eden,17,76
2015,FEMALE,WHITE NON HISPANIC,Hanna,16,77
2015,FEMALE,WHITE NON HISPANIC,Fradel,16,77
2015,FEMALE,WHITE NON HISPANIC,Evangeline,16,77
2015,FEMALE,WHITE NON HISPANIC,Maryam,16,77
2015,FEMALE,WHITE NON HISPANIC,Louisa,16,77
2015,FEMALE,WHITE NON HISPANIC,Bianca,16,77
2015,FEMALE,WHITE NON HISPANIC,Gabriela,16,77
2015,FEMALE,WHITE NON HISPANIC,Arya,16,77
2015,FEMALE,WHITE NON HISPANIC,Allison,16,77
2015,FEMALE,WHITE NON HISPANIC,Laila,16,77
2015,FEMALE,WHITE NON HISPANIC,Blake,16,77
2015,FEMALE,WHITE NON HISPANIC,Laura,16,77
2015,FEMALE,WHITE NON HISPANIC,Norah,16,77
2015,FEMALE,WHITE NON HISPANIC,Diana,16,77
2015,FEMALE,WHITE NON HISPANIC,Sasha,16,77
2015,FEMALE,WHITE NON HISPANIC,Raquel,15,78
2015,FEMALE,WHITE NON HISPANIC,Maeve,15,78
2015,FEMALE,WHITE NON HISPANIC,Aviva,15,78
2015,FEMALE,WHITE NON HISPANIC,Morgan,15,78
2015,FEMALE,WHITE NON HISPANIC,Elisheva,15,78
2015,FEMALE,WHITE NON HISPANIC,Ada,15,78
2015,FEMALE,WHITE NON HISPANIC,Thea,15,78
2015,FEMALE,WHITE NON HISPANIC,Mae,15,78
2015,FEMALE,WHITE NON HISPANIC,Sylvie,15,78
2015,FEMALE,WHITE NON HISPANIC,Dahlia,15,78
2015,FEMALE,WHITE NON HISPANIC,Adelaide,15,78
2015,FEMALE,WHITE NON HISPANIC,Olive,15,78
2015,FEMALE,WHITE NON HISPANIC,Malak,15,78
2015,FEMALE,WHITE NON HISPANIC,Maia,15,78
2015,FEMALE,WHITE NON HISPANIC,Juniper,15,78
2015,FEMALE,WHITE NON HISPANIC,Margaux,14,79
2015,FEMALE,WHITE NON HISPANIC,Louise,14,79
2015,FEMALE,WHITE NON HISPANIC,Gabrielle,14,79
2015,FEMALE,WHITE NON HISPANIC,Alma,14,79
2015,FEMALE,WHITE NON HISPANIC,Barbara,14,79
2015,FEMALE,WHITE NON HISPANIC,Mindy,14,79
2015,FEMALE,WHITE NON HISPANIC,Nadia,14,79
2015,FEMALE,WHITE NON HISPANIC,Kira,14,79
2015,FEMALE,WHITE NON HISPANIC,Shaina,14,79
2015,FEMALE,WHITE NON HISPANIC,Rifky,14,79
2015,FEMALE,WHITE NON HISPANIC,Everly,14,79
2015,FEMALE,WHITE NON HISPANIC,Gia,14,79
2015,FEMALE,WHITE NON HISPANIC,Zara,14,79
2015,FEMALE,WHITE NON HISPANIC,Gittel,14,79
2015,FEMALE,WHITE NON HISPANIC,Freya,14,79
2015,FEMALE,WHITE NON HISPANIC,Amalia,14,79
2015,FEMALE,WHITE NON HISPANIC,Frady,14,79
2015,FEMALE,WHITE NON HISPANIC,Aliza,14,79
2015,FEMALE,WHITE NON HISPANIC,Christina,13,80
2015,FEMALE,WHITE NON HISPANIC,Jacqueline,13,80
2015,FEMALE,WHITE NON HISPANIC,Frimet,13,80
2015,FEMALE,WHITE NON HISPANIC,Beatrix,13,80
2015,FEMALE,WHITE NON HISPANIC,Noor,13,80
2015,FEMALE,WHITE NON HISPANIC,Kiera,13,80
2015,FEMALE,WHITE NON HISPANIC,Noelle,13,80
2015,FEMALE,WHITE NON HISPANIC,Dalia,13,80
2015,FEMALE,WHITE NON HISPANIC,Perry,13,80
2015,FEMALE,WHITE NON HISPANIC,Melissa,13,80
2015,FEMALE,WHITE NON HISPANIC,Ryan,13,80
2015,FEMALE,WHITE NON HISPANIC,Athena,13,80
2015,FEMALE,WHITE NON HISPANIC,Goldie,13,80
2015,FEMALE,WHITE NON HISPANIC,Charlie,13,80
2015,FEMALE,WHITE NON HISPANIC,Rivkah,13,80
2015,FEMALE,WHITE NON HISPANIC,Shoshana,13,80
2015,FEMALE,WHITE NON HISPANIC,Shifra,13,80
2015,FEMALE,WHITE NON HISPANIC,Golda,13,80
2015,FEMALE,WHITE NON HISPANIC,Katerina,13,80
2015,FEMALE,WHITE NON HISPANIC,Liana,13,80
2015,FEMALE,WHITE NON HISPANIC,Madelyn,13,80
2015,FEMALE,WHITE NON HISPANIC,Arden,13,80
2015,FEMALE,WHITE NON HISPANIC,Brielle,13,80
2015,FEMALE,WHITE NON HISPANIC,Peyton,13,80
2015,FEMALE,WHITE NON HISPANIC,Vanessa,13,80
2015,FEMALE,WHITE NON HISPANIC,Ariel,13,80
2015,FEMALE,WHITE NON HISPANIC,Livia,13,80
2015,FEMALE,WHITE NON HISPANIC,Lina,13,80
2015,FEMALE,WHITE NON HISPANIC,Daphne,13,80
2015,FEMALE,WHITE NON HISPANIC,Arielle,12,81
2015,FEMALE,WHITE NON HISPANIC,Kaia,12,81
2015,FEMALE,WHITE NON HISPANIC,Judy,12,81
2015,FEMALE,WHITE NON HISPANIC,Idy,12,81
2015,FEMALE,WHITE NON HISPANIC,Mirel,12,81
2015,FEMALE,WHITE NON HISPANIC,Alessia,12,81
2015,FEMALE,WHITE NON HISPANIC,Perl,12,81
2015,FEMALE,WHITE NON HISPANIC,Avigail,12,81
2015,FEMALE,WHITE NON HISPANIC,Sabina,12,81
2015,FEMALE,WHITE NON HISPANIC,Lilly,12,81
2015,FEMALE,WHITE NON HISPANIC,Lana,12,81
2015,FEMALE,WHITE NON HISPANIC,Ruth,12,81
2015,FEMALE,WHITE NON HISPANIC,Suri,12,81
2015,FEMALE,WHITE NON HISPANIC,Ayelet,12,81
2015,FEMALE,WHITE NON HISPANIC,Alessandra,12,81
2015,FEMALE,WHITE NON HISPANIC,Valerie,12,81
2015,FEMALE,WHITE NON HISPANIC,Veronica,12,81
2015,FEMALE,WHITE NON HISPANIC,Nicolette,12,81
2015,FEMALE,WHITE NON HISPANIC,Bailey,12,81
2015,FEMALE,WHITE NON HISPANIC,Rina,12,81
2015,FEMALE,WHITE NON HISPANIC,Yachet,12,81
2015,FEMALE,WHITE NON HISPANIC,Aya,11,82
2015,FEMALE,WHITE NON HISPANIC,Autumn,11,82
2015,FEMALE,WHITE NON HISPANIC,Ayala,11,82
2015,FEMALE,WHITE NON HISPANIC,Greta,11,82
2015,FEMALE,WHITE NON HISPANIC,Tehila,11,82
2015,FEMALE,WHITE NON HISPANIC,Perel,11,82
2015,FEMALE,WHITE NON HISPANIC,Clementine,11,82
2015,FEMALE,WHITE NON HISPANIC,Antonia,11,82
2015,FEMALE,WHITE NON HISPANIC,Hadley,11,82
2015,FEMALE,WHITE NON HISPANIC,Lilia,11,82
2015,FEMALE,WHITE NON HISPANIC,Jessica,11,82
2015,FEMALE,WHITE NON HISPANIC,Willow,11,82
2015,FEMALE,WHITE NON HISPANIC,Fatima,11,82
2015,FEMALE,WHITE NON HISPANIC,Logan,11,82
2015,FEMALE,WHITE NON HISPANIC,Mika,11,82
2015,FEMALE,WHITE NON HISPANIC,Michaela,11,82
2015,FEMALE,WHITE NON HISPANIC,Tziporah,11,82
2015,FEMALE,WHITE NON HISPANIC,Ahuva,11,82
2015,FEMALE,WHITE NON HISPANIC,Yasmina,11,82
2015,FEMALE,WHITE NON HISPANIC,Summer,11,82
2015,FEMALE,WHITE NON HISPANIC,Giulia,11,82
2015,FEMALE,WHITE NON HISPANIC,Alisa,11,82
2015,FEMALE,WHITE NON HISPANIC,Ana,11,82
2015,FEMALE,WHITE NON HISPANIC,Giselle,11,82
2015,FEMALE,WHITE NON HISPANIC,Atara,11,82
2015,FEMALE,WHITE NON HISPANIC,Lilah,11,82
2015,FEMALE,WHITE NON HISPANIC,Anne,10,83
2015,FEMALE,WHITE NON HISPANIC,Malika,10,83
2015,FEMALE,WHITE NON HISPANIC,Esme,10,83
2015,FEMALE,WHITE NON HISPANIC,Celine,10,83
2015,FEMALE,WHITE NON HISPANIC,Salma,10,83
2015,FEMALE,WHITE NON HISPANIC,Poppy,10,83
2015,FEMALE,WHITE NON HISPANIC,Tova,10,83
2015,FEMALE,WHITE NON HISPANIC,Kristina,10,83
2015,FEMALE,WHITE NON HISPANIC,Frieda,10,83
2015,FEMALE,WHITE NON HISPANIC,Evelina,10,83
2015,FEMALE,WHITE NON HISPANIC,Kennedy,10,83
2015,FEMALE,WHITE NON HISPANIC,Alexis,10,83
2015,FEMALE,WHITE NON HISPANIC,Marlowe,10,83
2015,FEMALE,WHITE NON HISPANIC,Daniela,10,83
2015,FEMALE,WHITE NON HISPANIC,London,10,83
2015,FEMALE,WHITE NON HISPANIC,Angela,10,83
2015,FEMALE,WHITE NON HISPANIC,Breindy,10,83
2015,FEMALE,WHITE NON HISPANIC,Helen,10,83
2015,FEMALE,WHITE NON HISPANIC,Anisa,10,83
2015,FEMALE,WHITE NON HISPANIC,Maisie,10,83
2015,FEMALE,WHITE NON HISPANIC,Helena,10,83
2015,FEMALE,WHITE NON HISPANIC,Elodie,10,83
2015,FEMALE,WHITE NON HISPANIC,Mira,10,83
2015,FEMALE,WHITE NON HISPANIC,Evie,10,83
2015,FEMALE,WHITE NON HISPANIC,Joyce,10,83
2015,FEMALE,WHITE NON HISPANIC,Julie,10,83
2015,FEMALE,WHITE NON HISPANIC,Cassidy,10,83
2015,FEMALE,WHITE NON HISPANIC,Shaindel,10,83
2015,FEMALE,WHITE NON HISPANIC,Sari,10,83
2015,FEMALE,WHITE NON HISPANIC,Adelina,10,83
2015,FEMALE,WHITE NON HISPANIC,Alina,10,83
2015,MALE,ASIAN AND PACIFIC ISLANDER,Jayden,190,1
2015,MALE,ASIAN AND PACIFIC ISLANDER,Ethan,172,2
2015,MALE,ASIAN AND PACIFIC ISLANDER,Ryan,171,3
2015,MALE,ASIAN AND PACIFIC ISLANDER,Muhammad,154,4
2015,MALE,ASIAN AND PACIFIC ISLANDER,Aiden,133,5
2015,MALE,ASIAN AND PACIFIC ISLANDER,Lucas,122,6
2015,MALE,ASIAN AND PACIFIC ISLANDER,William,85,7
2015,MALE,ASIAN AND PACIFIC ISLANDER,Jason,71,8
2015,MALE,ASIAN AND PACIFIC ISLANDER,Evan,71,8
2015,MALE,ASIAN AND PACIFIC ISLANDER,Liam,70,9
2015,MALE,ASIAN AND PACIFIC ISLANDER,Matthew,68,10
2015,MALE,ASIAN AND PACIFIC ISLANDER,Mohammad,67,11
2015,MALE,ASIAN AND PACIFIC ISLANDER,Eric,66,12
2015,MALE,ASIAN AND PACIFIC ISLANDER,Mason,64,13
2015,MALE,ASIAN AND PACIFIC ISLANDER,Alexander,63,14
2015,MALE,ASIAN AND PACIFIC ISLANDER,Austin,60,15
2015,MALE,ASIAN AND PACIFIC ISLANDER,Daniel,58,16
2015,MALE,ASIAN AND PACIFIC ISLANDER,Aaron,57,17
2015,MALE,ASIAN AND PACIFIC ISLANDER,Noah,57,17
2015,MALE,ASIAN AND PACIFIC ISLANDER,Oliver,56,18
2015,MALE,ASIAN AND PACIFIC ISLANDER,James,56,18
2015,MALE,ASIAN AND PACIFIC ISLANDER,Nathan,51,19
2015,MALE,ASIAN AND PACIFIC ISLANDER,Dylan,49,20
2015,MALE,ASIAN AND PACIFIC ISLANDER,Andrew,48,21
2015,MALE,ASIAN AND PACIFIC ISLANDER,Justin,47,22
2015,MALE,ASIAN AND PACIFIC ISLANDER,Benjamin,47,22
2015,MALE,ASIAN AND PACIFIC ISLANDER,Jacob,46,23
2015,MALE,ASIAN AND PACIFIC ISLANDER,Kevin,46,23
2015,MALE,ASIAN AND PACIFIC ISLANDER,Henry,46,23
2015,MALE,ASIAN AND PACIFIC ISLANDER,Owen,45,24
2015,MALE,ASIAN AND PACIFIC ISLANDER,Vincent,45,24
2015,MALE,ASIAN AND PACIFIC ISLANDER,Kyle,44,25
2015,MALE,ASIAN AND PACIFIC ISLANDER,Leo,44,25
2015,MALE,ASIAN AND PACIFIC ISLANDER,Alex,42,26
2015,MALE,ASIAN AND PACIFIC ISLANDER,Adam,42,26
2015,MALE,ASIAN AND PACIFIC ISLANDER,Nicholas,39,27
2015,MALE,ASIAN AND PACIFIC ISLANDER,Ivan,39,27
2015,MALE,ASIAN AND PACIFIC ISLANDER,Jonathan,39,27
2015,MALE,ASIAN AND PACIFIC ISLANDER,Andy,38,28
2015,MALE,ASIAN AND PACIFIC ISLANDER,Brandon,37,29
2015,MALE,ASIAN AND PACIFIC ISLANDER,Raymond,36,30
2015,MALE,ASIAN AND PACIFIC ISLANDER,Jaden,36,30
2015,MALE,ASIAN AND PACIFIC ISLANDER,Michael,36,30
2015,MALE,ASIAN AND PACIFIC ISLANDER,Ayaan,35,31
2015,MALE,ASIAN AND PACIFIC ISLANDER,David,35,31
2015,MALE,ASIAN AND PACIFIC ISLANDER,Mohammed,34,32
2015,MALE,ASIAN AND PACIFIC ISLANDER,Ibrahim,33,33
2015,MALE,ASIAN AND PACIFIC ISLANDER,Eason,32,34
2015,MALE,ASIAN AND PACIFIC ISLANDER,Jasper,31,35
2015,MALE,ASIAN AND PACIFIC ISLANDER,Jeremy,30,36
2015,MALE,ASIAN AND PACIFIC ISLANDER,Ian,29,37
2015,MALE,ASIAN AND PACIFIC ISLANDER,Tyler,29,37
2015,MALE,ASIAN AND PACIFIC ISLANDER,Syed,29,37
2015,MALE,ASIAN AND PACIFIC ISLANDER,Oscar,28,38
2015,MALE,ASIAN AND PACIFIC ISLANDER,Joshua,28,38
2015,MALE,ASIAN AND PACIFIC ISLANDER,Abdullah,28,38
2015,MALE,ASIAN AND PACIFIC ISLANDER,Alvin,28,38
2015,MALE,ASIAN AND PACIFIC ISLANDER,Alan,28,38
2015,MALE,ASIAN AND PACIFIC ISLANDER,Samuel,28,38
2015,MALE,ASIAN AND PACIFIC ISLANDER,Anthony,27,39
2015,MALE,ASIAN AND PACIFIC ISLANDER,Nathaniel,27,39
2015,MALE,ASIAN AND PACIFIC ISLANDER,Rayan,27,39
2015,MALE,ASIAN AND PACIFIC ISLANDER,Max,27,39
2015,MALE,ASIAN AND PACIFIC ISLANDER,Tenzin,27,39
2015,MALE,ASIAN AND PACIFIC ISLANDER,Brian,27,39
2015,MALE,ASIAN AND PACIFIC ISLANDER,Zachary,26,40
2015,MALE,ASIAN AND PACIFIC ISLANDER,Richard,26,40
2015,MALE,ASIAN AND PACIFIC ISLANDER,Derek,26,40
2015,MALE,ASIAN AND PACIFIC ISLANDER,Anson,26,40
2015,MALE,ASIAN AND PACIFIC ISLANDER,Jeffrey,26,40
2015,MALE,ASIAN AND PACIFIC ISLANDER,Connor,24,41
2015,MALE,ASIAN AND PACIFIC ISLANDER,Christopher,24,41
2015,MALE,ASIAN AND PACIFIC ISLANDER,Bryan,24,41
2015,MALE,ASIAN AND PACIFIC ISLANDER,Darren,24,41
2015,MALE,ASIAN AND PACIFIC ISLANDER,Logan,23,42
2015,MALE,ASIAN AND PACIFIC ISLANDER,Kai,23,42
2015,MALE,ASIAN AND PACIFIC ISLANDER,Luke,23,42
2015,MALE,ASIAN AND PACIFIC ISLANDER,Julian,22,43
2015,MALE,ASIAN AND PACIFIC ISLANDER,Kimi,22,43
2015,MALE,ASIAN AND PACIFIC ISLANDER,Charles,22,43
2015,MALE,ASIAN AND PACIFIC ISLANDER,Hunter,22,43
2015,MALE,ASIAN AND PACIFIC ISLANDER,Adrian,22,43
2015,MALE,ASIAN AND PACIFIC ISLANDER,Joseph,22,43
2015,MALE,ASIAN AND PACIFIC ISLANDER,Ahmed,22,43
2015,MALE,ASIAN AND PACIFIC ISLANDER,Ayden,22,43
2015,MALE,ASIAN AND PACIFIC ISLANDER,Sebastian,21,44
2015,MALE,ASIAN AND PACIFIC ISLANDER,Isaac,21,44
2015,MALE,ASIAN AND PACIFIC ISLANDER,Arham,21,44
2015,MALE,ASIAN AND PACIFIC ISLANDER,Theodore,20,45
2015,MALE,ASIAN AND PACIFIC ISLANDER,Steven,20,45
2015,MALE,ASIAN AND PACIFIC ISLANDER,Allen,20,45
2015,MALE,ASIAN AND PACIFIC ISLANDER,Gavin,20,45
2015,MALE,ASIAN AND PACIFIC ISLANDER,Carson,19,46
2015,MALE,ASIAN AND PACIFIC ISLANDER,Caleb,19,46
2015,MALE,ASIAN AND PACIFIC ISLANDER,Devin,19,46
2015,MALE,ASIAN AND PACIFIC ISLANDER,Wesley,19,46
2015,MALE,ASIAN AND PACIFIC ISLANDER,Sean,18,47
2015,MALE,ASIAN AND PACIFIC ISLANDER,Marcus,18,47
2015,MALE,ASIAN AND PACIFIC ISLANDER,Jimmy,18,47
2015,MALE,ASIAN AND PACIFIC ISLANDER,Jerry,18,47
2015,MALE,ASIAN AND PACIFIC ISLANDER,Benson,18,47
2015,MALE,ASIAN AND PACIFIC ISLANDER,Tristan,18,47
2015,MALE,ASIAN AND PACIFIC ISLANDER,Brayden,18,47
2015,MALE,ASIAN AND PACIFIC ISLANDER,John,17,48
2015,MALE,ASIAN AND PACIFIC ISLANDER,Ayan,17,48
2015,MALE,ASIAN AND PACIFIC ISLANDER,Aidan,17,48
2015,MALE,ASIAN AND PACIFIC ISLANDER,Thomas,17,48
2015,MALE,ASIAN AND PACIFIC ISLANDER,Jackson,17,48
2015,MALE,ASIAN AND PACIFIC ISLANDER,Yusuf,17,48
2015,MALE,ASIAN AND PACIFIC ISLANDER,Christian,17,48
2015,MALE,ASIAN AND PACIFIC ISLANDER,Kayden,16,49
2015,MALE,ASIAN AND PACIFIC ISLANDER,Miles,16,49
2015,MALE,ASIAN AND PACIFIC ISLANDER,Rayyan,16,49
2015,MALE,ASIAN AND PACIFIC ISLANDER,Maxwell,16,49
2015,MALE,ASIAN AND PACIFIC ISLANDER,Kingsley,16,49
2015,MALE,ASIAN AND PACIFIC ISLANDER,Musa,16,49
2015,MALE,ASIAN AND PACIFIC ISLANDER,Wilson,16,49
2015,MALE,ASIAN AND PACIFIC ISLANDER,Gabriel,16,49
2015,MALE,ASIAN AND PACIFIC ISLANDER,Timothy,16,49
2015,MALE,ASIAN AND PACIFIC ISLANDER,George,16,49
2015,MALE,ASIAN AND PACIFIC ISLANDER,Ahmad,15,50
2015,MALE,ASIAN AND PACIFIC ISLANDER,Louis,15,50
2015,MALE,ASIAN AND PACIFIC ISLANDER,Aarav,15,50
2015,MALE,ASIAN AND PACIFIC ISLANDER,Gary,15,50
2015,MALE,ASIAN AND PACIFIC ISLANDER,Nelson,15,50
2015,MALE,ASIAN AND PACIFIC ISLANDER,Luca,15,50
2015,MALE,ASIAN AND PACIFIC ISLANDER,Aryan,15,50
2015,MALE,ASIAN AND PACIFIC ISLANDER,Lawrence,15,50
2015,MALE,ASIAN AND PACIFIC ISLANDER,Jack,14,51
2015,MALE,ASIAN AND PACIFIC ISLANDER,Leon,14,51
2015,MALE,ASIAN AND PACIFIC ISLANDER,Grayson,14,51
2015,MALE,ASIAN AND PACIFIC ISLANDER,Rohan,14,51
2015,MALE,ASIAN AND PACIFIC ISLANDER,Felix,14,51
2015,MALE,ASIAN AND PACIFIC ISLANDER,Feynman,14,51
2015,MALE,ASIAN AND PACIFIC ISLANDER,Aayan,14,51
2015,MALE,ASIAN AND PACIFIC ISLANDER,Elijah,14,51
2015,MALE,ASIAN AND PACIFIC ISLANDER,Chris,13,52
2015,MALE,ASIAN AND PACIFIC ISLANDER,Harrison,13,52
2015,MALE,ASIAN AND PACIFIC ISLANDER,Ryder,13,52
2015,MALE,ASIAN AND PACIFIC ISLANDER,Anderson,13,52
2015,MALE,ASIAN AND PACIFIC ISLANDER,Hudson,13,52
2015,MALE,ASIAN AND PACIFIC ISLANDER,Asher,13,52
2015,MALE,ASIAN AND PACIFIC ISLANDER,Ali,13,52
2015,MALE,ASIAN AND PACIFIC ISLANDER,Aahil,13,52
2015,MALE,ASIAN AND PACIFIC ISLANDER,Armaan,13,52
2015,MALE,ASIAN AND PACIFIC ISLANDER,Aydin,13,52
2015,MALE,ASIAN AND PACIFIC ISLANDER,Xavier,13,52
2015,MALE,ASIAN AND PACIFIC ISLANDER,Jacky,13,52
2015,MALE,ASIAN AND PACIFIC ISLANDER,Edwin,13,52
2015,MALE,ASIAN AND PACIFIC ISLANDER,Landon,12,53
2015,MALE,ASIAN AND PACIFIC ISLANDER,Dean,12,53
2015,MALE,ASIAN AND PACIFIC ISLANDER,Edward,12,53
2015,MALE,ASIAN AND PACIFIC ISLANDER,Josiah,12,53
2015,MALE,ASIAN AND PACIFIC ISLANDER,Cameron,12,53
2015,MALE,ASIAN AND PACIFIC ISLANDER,Nolan,12,53
2015,MALE,ASIAN AND PACIFIC ISLANDER,Edison,12,53
2015,MALE,ASIAN AND PACIFIC ISLANDER,Preston,12,53
2015,MALE,ASIAN AND PACIFIC ISLANDER,Saifan,12,53
2015,MALE,ASIAN AND PACIFIC ISLANDER,Arjun,12,53
2015,MALE,ASIAN AND PACIFIC ISLANDER,Arthur,11,54
2015,MALE,ASIAN AND PACIFIC ISLANDER,Abdul,11,54
2015,MALE,ASIAN AND PACIFIC ISLANDER,Derrick,11,54
2015,MALE,ASIAN AND PACIFIC ISLANDER,Stanley,11,54
2015,MALE,ASIAN AND PACIFIC ISLANDER,Jay,11,54
2015,MALE,ASIAN AND PACIFIC ISLANDER,Mustafa,11,54
2015,MALE,ASIAN AND PACIFIC ISLANDER,Zayan,11,54
2015,MALE,ASIAN AND PACIFIC ISLANDER,Ricky,11,54
2015,MALE,ASIAN AND PACIFIC ISLANDER,Chase,11,54
2015,MALE,ASIAN AND PACIFIC ISLANDER,Eden,11,54
2015,MALE,ASIAN AND PACIFIC ISLANDER,Roy,11,54
2015,MALE,ASIAN AND PACIFIC ISLANDER,Kenny,10,55
2015,MALE,ASIAN AND PACIFIC ISLANDER,Victor,10,55
2015,MALE,ASIAN AND PACIFIC ISLANDER,Kaden,10,55
2015,MALE,ASIAN AND PACIFIC ISLANDER,Tony,10,55
2015,MALE,ASIAN AND PACIFIC ISLANDER,Mohamed,10,55
2015,MALE,ASIAN AND PACIFIC ISLANDER,Johnny,10,55
2015,MALE,ASIAN AND PACIFIC ISLANDER,Harry,10,55
2015,MALE,ASIAN AND PACIFIC ISLANDER,Neil,10,55
2015,MALE,ASIAN AND PACIFIC ISLANDER,Damon,10,55
2015,MALE,ASIAN AND PACIFIC ISLANDER,Colin,10,55
2015,MALE,ASIAN AND PACIFIC ISLANDER,Bradley,10,55
2015,MALE,ASIAN AND PACIFIC ISLANDER,Kazi,10,55
2015,MALE,ASIAN AND PACIFIC ISLANDER,Alston,10,55
2015,MALE,ASIAN AND PACIFIC ISLANDER,Abrar,10,55
2015,MALE,ASIAN AND PACIFIC ISLANDER,Eshan,10,55
2015,MALE,ASIAN AND PACIFIC ISLANDER,Aaryan,10,55
2015,MALE,ASIAN AND PACIFIC ISLANDER,Parker,10,55
2015,MALE,BLACK NON HISPANIC,Noah,163,1
2015,MALE,BLACK NON HISPANIC,Liam,129,2
2015,MALE,BLACK NON HISPANIC,Aiden,123,3
2015,MALE,BLACK NON HISPANIC,Jeremiah,113,4
2015,MALE,BLACK NON HISPANIC,Josiah,111,5
2015,MALE,BLACK NON HISPANIC,Ethan,111,5
2015,MALE,BLACK NON HISPANIC,Elijah,108,6
2015,MALE,BLACK NON HISPANIC,Mason,103,7
2015,MALE,BLACK NON HISPANIC,Joshua,97,8
2015,MALE,BLACK NON HISPANIC,Carter,85,9
2015,MALE,BLACK NON HISPANIC,Jayden,84,10
2015,MALE,BLACK NON HISPANIC,Logan,84,10
2015,MALE,BLACK NON HISPANIC,Amir,79,11
2015,MALE,BLACK NON HISPANIC,Michael,78,12
2015,MALE,BLACK NON HISPANIC,Chase,68,13
2015,MALE,BLACK NON HISPANIC,Jacob,67,14
2015,MALE,BLACK NON HISPANIC,Isaiah,66,15
2015,MALE,BLACK NON HISPANIC,Christian,65,16
2015,MALE,BLACK NON HISPANIC,Tyler,62,17
2015,MALE,BLACK NON HISPANIC,King,61,18
2015,MALE,BLACK NON HISPANIC,David,58,19
2015,MALE,BLACK NON HISPANIC,Aaron,57,20
2015,MALE,BLACK NON HISPANIC,Messiah,56,21
2015,MALE,BLACK NON HISPANIC,Matthew,56,21
2015,MALE,BLACK NON HISPANIC,Kayden,55,22
2015,MALE,BLACK NON HISPANIC,Ayden,55,22
2015,MALE,BLACK NON HISPANIC,Cameron,54,23
2015,MALE,BLACK NON HISPANIC,Gabriel,51,24
2015,MALE,BLACK NON HISPANIC,Nathan,50,25
2015,MALE,BLACK NON HISPANIC,Kaiden,49,26
2015,MALE,BLACK NON HISPANIC,Jace,47,27
2015,MALE,BLACK NON HISPANIC,Nathaniel,47,27
2015,MALE,BLACK NON HISPANIC,Alexander,46,28
2015,MALE,BLACK NON HISPANIC,Mohamed,46,28
2015,MALE,BLACK NON HISPANIC,Caleb,45,29
2015,MALE,BLACK NON HISPANIC,Amari,44,30
2015,MALE,BLACK NON HISPANIC,Anthony,43,31
2015,MALE,BLACK NON HISPANIC,Xavier,43,31
2015,MALE,BLACK NON HISPANIC,Malachi,42,32
2015,MALE,BLACK NON HISPANIC,Zion,42,32
2015,MALE,BLACK NON HISPANIC,Prince,41,33
2015,MALE,BLACK NON HISPANIC,Karter,41,33
2015,MALE,BLACK NON HISPANIC,Ryan,41,33
2015,MALE,BLACK NON HISPANIC,Dylan,40,34
2015,MALE,BLACK NON HISPANIC,Jordan,40,34
2015,MALE,BLACK NON HISPANIC,Daniel,39,35
2015,MALE,BLACK NON HISPANIC,Justin,38,36
2015,MALE,BLACK NON HISPANIC,Tristan,38,36
2015,MALE,BLACK NON HISPANIC,Samuel,38,36
2015,MALE,BLACK NON HISPANIC,Joseph,37,37
2015,MALE,BLACK NON HISPANIC,Hunter,37,37
2015,MALE,BLACK NON HISPANIC,Kyrie,36,38
2015,MALE,BLACK NON HISPANIC,Micah,36,38
2015,MALE,BLACK NON HISPANIC,Emmanuel,36,38
2015,MALE,BLACK NON HISPANIC,Christopher,35,39
2015,MALE,BLACK NON HISPANIC,Kyle,34,40
2015,MALE,BLACK NON HISPANIC,Nicholas,32,41
2015,MALE,BLACK NON HISPANIC,Nasir,31,42
2015,MALE,BLACK NON HISPANIC,Andrew,30,43
2015,MALE,BLACK NON HISPANIC,Jonathan,30,43
2015,MALE,BLACK NON HISPANIC,Brandon,29,44
2015,MALE,BLACK NON HISPANIC,Jaden,29,44
2015,MALE,BLACK NON HISPANIC,Isaac,29,44
2015,MALE,BLACK NON HISPANIC,Sebastian,28,45
2015,MALE,BLACK NON HISPANIC,James,28,45
2015,MALE,BLACK NON HISPANIC,Jayce,27,46
2015,MALE,BLACK NON HISPANIC,Austin,26,47
2015,MALE,BLACK NON HISPANIC,Adam,26,47
2015,MALE,BLACK NON HISPANIC,Bryce,25,48
2015,MALE,BLACK NON HISPANIC,Kevin,25,48
2015,MALE,BLACK NON HISPANIC,Omari,24,49
2015,MALE,BLACK NON HISPANIC,Jayceon,23,50
2015,MALE,BLACK NON HISPANIC,Mamadou,23,50
2015,MALE,BLACK NON HISPANIC,Kai,22,51
2015,MALE,BLACK NON HISPANIC,Ashton,22,51
2015,MALE,BLACK NON HISPANIC,Eli,22,51
2015,MALE,BLACK NON HISPANIC,Jason,21,52
2015,MALE,BLACK NON HISPANIC,Preston,21,52
2015,MALE,BLACK NON HISPANIC,Angel,21,52
2015,MALE,BLACK NON HISPANIC,Benjamin,21,52
2015,MALE,BLACK NON HISPANIC,Lucas,21,52
2015,MALE,BLACK NON HISPANIC,Ian,21,52
2015,MALE,BLACK NON HISPANIC,Avery,21,52
2015,MALE,BLACK NON HISPANIC,Joel,20,53
2015,MALE,BLACK NON HISPANIC,John,20,53
2015,MALE,BLACK NON HISPANIC,Chance,20,53
2015,MALE,BLACK NON HISPANIC,Marcus,20,53
2015,MALE,BLACK NON HISPANIC,Zachary,20,53
2015,MALE,BLACK NON HISPANIC,Zaire,20,53
2015,MALE,BLACK NON HISPANIC,Kaden,20,53
2015,MALE,BLACK NON HISPANIC,Sincere,19,54
2015,MALE,BLACK NON HISPANIC,Julian,19,54
2015,MALE,BLACK NON HISPANIC,Caiden,19,54
2015,MALE,BLACK NON HISPANIC,William,19,54
2015,MALE,BLACK NON HISPANIC,Richard,19,54
2015,MALE,BLACK NON HISPANIC,Aden,19,54
2015,MALE,BLACK NON HISPANIC,Blake,18,55
2015,MALE,BLACK NON HISPANIC,Amadou,18,55
2015,MALE,BLACK NON HISPANIC,Robert,18,55
2015,MALE,BLACK NON HISPANIC,Ibrahim,18,55
2015,MALE,BLACK NON HISPANIC,Jaylen,17,56
2015,MALE,BLACK NON HISPANIC,Kenneth,17,56
2015,MALE,BLACK NON HISPANIC,Shawn,17,56
2015,MALE,BLACK NON HISPANIC,Bryan,17,56
2015,MALE,BLACK NON HISPANIC,Luke,17,56
2015,MALE,BLACK NON HISPANIC,Adrian,16,57
2015,MALE,BLACK NON HISPANIC,Israel,16,57
2015,MALE,BLACK NON HISPANIC,Elias,16,57
2015,MALE,BLACK NON HISPANIC,Kaleb,16,57
2015,MALE,BLACK NON HISPANIC,Levi,15,58
2015,MALE,BLACK NON HISPANIC,Cayden,15,58
2015,MALE,BLACK NON HISPANIC,Jaiden,15,58
2015,MALE,BLACK NON HISPANIC,Major,15,58
2015,MALE,BLACK NON HISPANIC,Camden,15,58
2015,MALE,BLACK NON HISPANIC,Steven,15,58
2015,MALE,BLACK NON HISPANIC,Andre,15,58
2015,MALE,BLACK NON HISPANIC,Kareem,14,59
2015,MALE,BLACK NON HISPANIC,Evan,14,59
2015,MALE,BLACK NON HISPANIC,Connor,14,59
2015,MALE,BLACK NON HISPANIC,Asher,14,59
2015,MALE,BLACK NON HISPANIC,Dominic,14,59
2015,MALE,BLACK NON HISPANIC,Justice,14,59
2015,MALE,BLACK NON HISPANIC,Mekhi,14,59
2015,MALE,BLACK NON HISPANIC,Royal,14,59
2015,MALE,BLACK NON HISPANIC,Muhammad,14,59
2015,MALE,BLACK NON HISPANIC,Giovanni,14,59
2015,MALE,BLACK NON HISPANIC,Khalil,14,59
2015,MALE,BLACK NON HISPANIC,Noel,14,59
2015,MALE,BLACK NON HISPANIC,Maxwell,14,59
2015,MALE,BLACK NON HISPANIC,Myles,13,60
2015,MALE,BLACK NON HISPANIC,Zayden,13,60
2015,MALE,BLACK NON HISPANIC,Bryson,13,60
2015,MALE,BLACK NON HISPANIC,Aboubacar,13,60
2015,MALE,BLACK NON HISPANIC,Eric,13,60
2015,MALE,BLACK NON HISPANIC,Omar,13,60
2015,MALE,BLACK NON HISPANIC,Abdoulaye,13,60
2015,MALE,BLACK NON HISPANIC,Alpha,13,60
2015,MALE,BLACK NON HISPANIC,Mark,13,60
2015,MALE,BLACK NON HISPANIC,Caden,12,61
2015,MALE,BLACK NON HISPANIC,Victor,12,61
2015,MALE,BLACK NON HISPANIC,Wyatt,12,61
2015,MALE,BLACK NON HISPANIC,Thomas,12,61
2015,MALE,BLACK NON HISPANIC,Owen,12,61
2015,MALE,BLACK NON HISPANIC,Adonis,12,61
2015,MALE,BLACK NON HISPANIC,Princeton,12,61
2015,MALE,BLACK NON HISPANIC,Sean,12,61
2015,MALE,BLACK NON HISPANIC,August,12,61
2015,MALE,BLACK NON HISPANIC,Jahmir,12,61
2015,MALE,BLACK NON HISPANIC,Roman,12,61
2015,MALE,BLACK NON HISPANIC,Kymani,12,61
2015,MALE,BLACK NON HISPANIC,Dallas,12,61
2015,MALE,BLACK NON HISPANIC,Boubacar,12,61
2015,MALE,BLACK NON HISPANIC,Chad,11,62
2015,MALE,BLACK NON HISPANIC,Jamir,11,62
2015,MALE,BLACK NON HISPANIC,Jackson,11,62
2015,MALE,BLACK NON HISPANIC,Ezra,11,62
2015,MALE,BLACK NON HISPANIC,Kameron,11,62
2015,MALE,BLACK NON HISPANIC,Jaxon,11,62
2015,MALE,BLACK NON HISPANIC,Ibrahima,11,62
2015,MALE,BLACK NON HISPANIC,Legend,11,62
2015,MALE,BLACK NON HISPANIC,Ahmed,11,62
2015,MALE,BLACK NON HISPANIC,Makai,11,62
2015,MALE,BLACK NON HISPANIC,Chace,11,62
2015,MALE,BLACK NON HISPANIC,Miles,11,62
2015,MALE,BLACK NON HISPANIC,Grayson,11,62
2015,MALE,BLACK NON HISPANIC,Peyton,10,63
2015,MALE,BLACK NON HISPANIC,Ali,10,63
2015,MALE,BLACK NON HISPANIC,Jaheim,10,63
2015,MALE,BLACK NON HISPANIC,Jasiah,10,63
2015,MALE,BLACK NON HISPANIC,Riley,10,63
2015,MALE,BLACK NON HISPANIC,Corey,10,63
2015,MALE,BLACK NON HISPANIC,Jabari,10,63
2015,MALE,BLACK NON HISPANIC,Jeremy,10,63
2015,MALE,BLACK NON HISPANIC,Malik,10,63
2015,MALE,BLACK NON HISPANIC,Leo,10,63
2015,MALE,BLACK NON HISPANIC,Moussa,10,63
2015,MALE,BLACK NON HISPANIC,Abdoul,10,63
2015,MALE,BLACK NON HISPANIC,Quincy,10,63
2015,MALE,BLACK NON HISPANIC,Ousmane,10,63
2015,MALE,BLACK NON HISPANIC,Stephen,10,63
2015,MALE,BLACK NON HISPANIC,Kamari,10,63
2015,MALE,BLACK NON HISPANIC,Leon,10,63
2015,MALE,BLACK NON HISPANIC,Jamal,10,63
2015,MALE,HISPANIC,Liam,356,1
2015,MALE,HISPANIC,Dylan,339,2
2015,MALE,HISPANIC,Ethan,332,3
2015,MALE,HISPANIC,Matthew,308,4
2015,MALE,HISPANIC,Noah,297,5
2015,MALE,HISPANIC,Jacob,293,6
2015,MALE,HISPANIC,Jayden,267,7
2015,MALE,HISPANIC,Sebastian,265,8
2015,MALE,HISPANIC,Daniel,212,9
2015,MALE,HISPANIC,Angel,194,10
2015,MALE,HISPANIC,Lucas,190,11
2015,MALE,HISPANIC,Aiden,187,12
2015,MALE,HISPANIC,Alexander,177,13
2015,MALE,HISPANIC,Mason,174,14
2015,MALE,HISPANIC,Anthony,157,15
2015,MALE,HISPANIC,David,153,16
2015,MALE,HISPANIC,Christopher,152,17
2015,MALE,HISPANIC,Michael,150,18
2015,MALE,HISPANIC,Adrian,146,19
2015,MALE,HISPANIC,Joseph,134,20
2015,MALE,HISPANIC,Logan,133,21
2015,MALE,HISPANIC,Aaron,126,22
2015,MALE,HISPANIC,Isaac,124,23
2015,MALE,HISPANIC,Gabriel,124,23
2015,MALE,HISPANIC,Joshua,123,24
2015,MALE,HISPANIC,Jonathan,116,25
2015,MALE,HISPANIC,James,110,26
2015,MALE,HISPANIC,Jeremy,106,27
2015,MALE,HISPANIC,Mateo,106,27
2015,MALE,HISPANIC,Justin,104,28
2015,MALE,HISPANIC,Jose,102,29
2015,MALE,HISPANIC,Ian,98,30
2015,MALE,HISPANIC,Jeremiah,97,31
2015,MALE,HISPANIC,Brandon,97,31
2015,MALE,HISPANIC,Christian,97,31
2015,MALE,HISPANIC,Andrew,96,32
2015,MALE,HISPANIC,Ryan,93,33
2015,MALE,HISPANIC,Kevin,91,34
2015,MALE,HISPANIC,Julian,90,35
2015,MALE,HISPANIC,Luis,86,36
2015,MALE,HISPANIC,Iker,82,37
2015,MALE,HISPANIC,Benjamin,81,38
2015,MALE,HISPANIC,Elijah,80,39
2015,MALE,HISPANIC,Emmanuel,79,40
2015,MALE,HISPANIC,Samuel,77,41
2015,MALE,HISPANIC,Ayden,76,42
2015,MALE,HISPANIC,Carlos,75,43
2015,MALE,HISPANIC,Josiah,73,44
2015,MALE,HISPANIC,Joel,72,45
2015,MALE,HISPANIC,Nicholas,71,46
2015,MALE,HISPANIC,Alan,68,47
2015,MALE,HISPANIC,William,66,48
2015,MALE,HISPANIC,John,66,48
2015,MALE,HISPANIC,Evan,65,49
2015,MALE,HISPANIC,Nathan,65,49
2015,MALE,HISPANIC,Elias,65,49
2015,MALE,HISPANIC,Xavier,64,50
2015,MALE,HISPANIC,Nathaniel,64,50
2015,MALE,HISPANIC,Isaiah,63,51
2015,MALE,HISPANIC,Miguel,62,52
2015,MALE,HISPANIC,Steven,61,53
2015,MALE,HISPANIC,Erick,60,54
2015,MALE,HISPANIC,Jesus,60,54
2015,MALE,HISPANIC,Leonardo,59,55
2015,MALE,HISPANIC,Bryan,58,56
2015,MALE,HISPANIC,Caleb,58,56
2015,MALE,HISPANIC,Juan,55,57
2015,MALE,HISPANIC,Diego,54,58
2015,MALE,HISPANIC,Oliver,52,59
2015,MALE,HISPANIC,Jason,52,59
2015,MALE,HISPANIC,Derek,51,60
2015,MALE,HISPANIC,Kayden,51,60
2015,MALE,HISPANIC,Nicolas,51,60
2015,MALE,HISPANIC,Alejandro,50,61
2015,MALE,HISPANIC,Jace,48,62
2015,MALE,HISPANIC,Alex,48,62
2015,MALE,HISPANIC,Thiago,48,62
2015,MALE,HISPANIC,Jordan,46,63
2015,MALE,HISPANIC,Axel,46,63
2015,MALE,HISPANIC,Jadiel,45,64
2015,MALE,HISPANIC,Tyler,45,64
2015,MALE,HISPANIC,Santiago,44,65
2015,MALE,HISPANIC,Adam,43,66
2015,MALE,HISPANIC,Eli,43,66
2015,MALE,HISPANIC,Jaden,42,67
2015,MALE,HISPANIC,Julius,42,67
2015,MALE,HISPANIC,Victor,42,67
2015,MALE,HISPANIC,Austin,41,68
2015,MALE,HISPANIC,Leo,41,68
2015,MALE,HISPANIC,Jake,41,68
2015,MALE,HISPANIC,Amir,40,69
2015,MALE,HISPANIC,Matteo,39,70
2015,MALE,HISPANIC,Jayce,38,71
2015,MALE,HISPANIC,Edward,38,71
2015,MALE,HISPANIC,Jorge,38,71
2015,MALE,HISPANIC,Adriel,37,72
2015,MALE,HISPANIC,Gael,37,72
2015,MALE,HISPANIC,Alexis,37,72
2015,MALE,HISPANIC,Abraham,36,73
2015,MALE,HISPANIC,Milan,35,74
2015,MALE,HISPANIC,Oscar,35,74
2015,MALE,HISPANIC,Ivan,34,75
2015,MALE,HISPANIC,Damian,34,75
2015,MALE,HISPANIC,Andy,34,75
2015,MALE,HISPANIC,Cristian,33,76
2015,MALE,HISPANIC,Andres,32,77
2015,MALE,HISPANIC,Antonio,32,77
2015,MALE,HISPANIC,Kaiden,32,77
2015,MALE,HISPANIC,Edwin,32,77
2015,MALE,HISPANIC,Bradley,32,77
2015,MALE,HISPANIC,Eric,31,78
2015,MALE,HISPANIC,Hunter,31,78
2015,MALE,HISPANIC,Tristan,31,78
2015,MALE,HISPANIC,Johan,30,79
2015,MALE,HISPANIC,Giovanni,30,79
2015,MALE,HISPANIC,Cesar,30,79
2015,MALE,HISPANIC,Dominic,29,80
2015,MALE,HISPANIC,Max,29,80
2015,MALE,HISPANIC,Brian,29,80
2015,MALE,HISPANIC,Josue,29,80
2015,MALE,HISPANIC,Maximus,29,80
2015,MALE,HISPANIC,King,29,80
2015,MALE,HISPANIC,Dariel,28,81
2015,MALE,HISPANIC,Jack,28,81
2015,MALE,HISPANIC,Zachary,27,82
2015,MALE,HISPANIC,Richard,27,82
2015,MALE,HISPANIC,Manuel,27,82
2015,MALE,HISPANIC,Rafael,27,82
2015,MALE,HISPANIC,Henry,27,82
2015,MALE,HISPANIC,Albert,26,83
2015,MALE,HISPANIC,Marcos,26,83
2015,MALE,HISPANIC,Jared,26,83
2015,MALE,HISPANIC,Elian,25,84
2015,MALE,HISPANIC,Thomas,25,84
2015,MALE,HISPANIC,Lorenzo,24,85
2015,MALE,HISPANIC,Carter,24,85
2015,MALE,HISPANIC,Chase,24,85
2015,MALE,HISPANIC,Noel,24,85
2015,MALE,HISPANIC,Javier,24,85
2015,MALE,HISPANIC,Brayden,24,85
2015,MALE,HISPANIC,Owen,23,86
2015,MALE,HISPANIC,Kyle,23,86
2015,MALE,HISPANIC,Brayan,23,86
2015,MALE,HISPANIC,Ricardo,23,86
2015,MALE,HISPANIC,Levi,23,86
2015,MALE,HISPANIC,Danny,23,86
2015,MALE,HISPANIC,Robert,23,86
2015,MALE,HISPANIC,Emanuel,23,86
2015,MALE,HISPANIC,Lukas,23,86
2015,MALE,HISPANIC,Fabian,23,86
2015,MALE,HISPANIC,Hector,23,86
2015,MALE,HISPANIC,Jonah,22,87
2015,MALE,HISPANIC,Jaxon,22,87
2015,MALE,HISPANIC,Yadiel,22,87
2015,MALE,HISPANIC,Matias,22,87
2015,MALE,HISPANIC,Pedro,22,87
2015,MALE,HISPANIC,Abel,21,88
2015,MALE,HISPANIC,Emilio,21,88
2015,MALE,HISPANIC,Kenneth,21,88
2015,MALE,HISPANIC,Jeffrey,21,88
2015,MALE,HISPANIC,Anderson,21,88
2015,MALE,HISPANIC,Chris,21,88
2015,MALE,HISPANIC,Roman,21,88
2015,MALE,HISPANIC,Marco,21,88
2015,MALE,HISPANIC,Allen,21,88
2015,MALE,HISPANIC,Vincent,21,88
2015,MALE,HISPANIC,Luca,21,88
2015,MALE,HISPANIC,Cameron,20,89
2015,MALE,HISPANIC,Landon,20,89
2015,MALE,HISPANIC,Ismael,20,89
2015,MALE,HISPANIC,Alvin,20,89
2015,MALE,HISPANIC,Ariel,20,89
2015,MALE,HISPANIC,Edgar,19,90
2015,MALE,HISPANIC,Emiliano,19,90
2015,MALE,HISPANIC,Grayson,19,90
2015,MALE,HISPANIC,Avery,19,90
2015,MALE,HISPANIC,Jaiden,19,90
2015,MALE,HISPANIC,Ashton,19,90
2015,MALE,HISPANIC,Mario,18,91
2015,MALE,HISPANIC,Jackson,18,91
2015,MALE,HISPANIC,Israel,18,91
2015,MALE,HISPANIC,Aidan,18,91
2015,MALE,HISPANIC,Omar,18,91
2015,MALE,HISPANIC,Felix,18,91
2015,MALE,HISPANIC,Esteban,17,92
2015,MALE,HISPANIC,Luke,17,92
2015,MALE,HISPANIC,Maximiliano,17,92
2015,MALE,HISPANIC,Jefferson,17,92
2015,MALE,HISPANIC,Fernando,17,92
2015,MALE,HISPANIC,Enzo,17,92
2015,MALE,HISPANIC,Ean,17,92
2015,MALE,HISPANIC,Mathew,17,92
2015,MALE,HISPANIC,Dominick,17,92
2015,MALE,HISPANIC,Martin,17,92
2015,MALE,HISPANIC,Maxwell,17,92
2015,MALE,HISPANIC,Abdiel,16,93
2015,MALE,HISPANIC,Messiah,16,93
2015,MALE,HISPANIC,Leandro,16,93
2015,MALE,HISPANIC,Joaquin,16,93
2015,MALE,HISPANIC,Zayden,16,93
2015,MALE,HISPANIC,Gavin,16,93
2015,MALE,HISPANIC,Seth,16,93
2015,MALE,HISPANIC,Byron,16,93
2015,MALE,HISPANIC,Roberto,15,94
2015,MALE,HISPANIC,Jaime,15,94
2015,MALE,HISPANIC,Armani,15,94
2015,MALE,HISPANIC,Saul,15,94
2015,MALE,HISPANIC,Frank,15,94
2015,MALE,HISPANIC,Francisco,15,94
2015,MALE,HISPANIC,Mathias,15,94
2015,MALE,HISPANIC,Angelo,15,94
2015,MALE,HISPANIC,Yariel,14,95
2015,MALE,HISPANIC,Paul,14,95
2015,MALE,HISPANIC,Pablo,14,95
2015,MALE,HISPANIC,Peter,14,95
2015,MALE,HISPANIC,Ronald,14,95
2015,MALE,HISPANIC,Kaleb,14,95
2015,MALE,HISPANIC,Enrique,14,95
2015,MALE,HISPANIC,Bruce,14,95
2015,MALE,HISPANIC,Allan,14,95
2015,MALE,HISPANIC,Randy,14,95
2015,MALE,HISPANIC,Leon,13,96
2015,MALE,HISPANIC,Eliam,13,96
2015,MALE,HISPANIC,Bryant,13,96
2015,MALE,HISPANIC,Leonidas,13,96
2015,MALE,HISPANIC,Jaxson,13,96
2015,MALE,HISPANIC,Romeo,13,96
2015,MALE,HISPANIC,Prince,13,96
2015,MALE,HISPANIC,Bryce,13,96
2015,MALE,HISPANIC,Marcus,13,96
2015,MALE,HISPANIC,Sergio,13,96
2015,MALE,HISPANIC,Damien,13,96
2015,MALE,HISPANIC,Devin,13,96
2015,MALE,HISPANIC,Xander,13,96
2015,MALE,HISPANIC,George,13,96
2015,MALE,HISPANIC,Amari,13,96
2015,MALE,HISPANIC,Jayson,13,96
2015,MALE,HISPANIC,Moises,13,96
2015,MALE,HISPANIC,Edison,12,97
2015,MALE,HISPANIC,Cristopher,12,97
2015,MALE,HISPANIC,Dante,12,97
2015,MALE,HISPANIC,Jonael,12,97
2015,MALE,HISPANIC,Jonas,12,97
2015,MALE,HISPANIC,Uriel,12,97
2015,MALE,HISPANIC,Isaias,12,97
2015,MALE,HISPANIC,Franklin,12,97
2015,MALE,HISPANIC,Kyrie,12,97
2015,MALE,HISPANIC,Eduardo,12,97
2015,MALE,HISPANIC,Nelson,12,97
2015,MALE,HISPANIC,Elliot,12,97
2015,MALE,HISPANIC,Jael,12,97
2015,MALE,HISPANIC,Jordi,12,97
2015,MALE,HISPANIC,Neymar,12,97
2015,MALE,HISPANIC,Charles,11,98
2015,MALE,HISPANIC,Jean,11,98
2015,MALE,HISPANIC,Darwin,11,98
2015,MALE,HISPANIC,Louis,11,98
2015,MALE,HISPANIC,Kenny,11,98
2015,MALE,HISPANIC,Charlie,11,98
2015,MALE,HISPANIC,Julio,11,98
2015,MALE,HISPANIC,Yahir,11,98
2015,MALE,HISPANIC,Valentino,10,99
2015,MALE,HISPANIC,Jariel,10,99
2015,MALE,HISPANIC,Mauricio,10,99
2015,MALE,HISPANIC,Ezequiel,10,99
2015,MALE,HISPANIC,Marc,10,99
2015,MALE,HISPANIC,Alonso,10,99
2015,MALE,HISPANIC,Preston,10,99
2015,MALE,HISPANIC,Joziah,10,99
2015,MALE,HISPANIC,Hudson,10,99
2015,MALE,HISPANIC,Julien,10,99
2015,MALE,HISPANIC,Armando,10,99
2015,MALE,HISPANIC,Kelvin,10,99
2015,MALE,HISPANIC,Wesley,10,99
2015,MALE,HISPANIC,Ezekiel,10,99
2015,MALE,HISPANIC,Alberto,10,99
2015,MALE,HISPANIC,Bruno,10,99
2015,MALE,HISPANIC,Stephen,10,99
2015,MALE,HISPANIC,Francis,10,99
2015,MALE,HISPANIC,Zion,10,99
2015,MALE,HISPANIC,Ronaldo,10,99
2015,MALE,HISPANIC,Gregory,10,99
2015,MALE,HISPANIC,Karter,10,99
2015,MALE,HISPANIC,Leonel,10,99
2015,MALE,HISPANIC,Lenny,10,99
2015,MALE,WHITE NON HISPANIC,David,299,1
2015,MALE,WHITE NON HISPANIC,Joseph,279,2
2015,MALE,WHITE NON HISPANIC,Moshe,254,3
2015,MALE,WHITE NON HISPANIC,Jacob,236,4
2015,MALE,WHITE NON HISPANIC,Benjamin,234,5
2015,MALE,WHITE NON HISPANIC,Michael,231,6
2015,MALE,WHITE NON HISPANIC,Daniel,220,7
2015,MALE,WHITE NON HISPANIC,Samuel,213,8
2015,MALE,WHITE NON HISPANIC,James,209,9
2015,MALE,WHITE NON HISPANIC,Alexander,200,10
2015,MALE,WHITE NON HISPANIC,Jack,187,11
2015,MALE,WHITE NON HISPANIC,William,180,12
2015,MALE,WHITE NON HISPANIC,Henry,178,13
2015,MALE,WHITE NON HISPANIC,Oliver,165,14
2015,MALE,WHITE NON HISPANIC,Chaim,151,15
2015,MALE,WHITE NON HISPANIC,Adam,151,15
2015,MALE,WHITE NON HISPANIC,Theodore,147,16
2015,MALE,WHITE NON HISPANIC,Abraham,145,17
2015,MALE,WHITE NON HISPANIC,John,139,18
2015,MALE,WHITE NON HISPANIC,Nicholas,139,18
2015,MALE,WHITE NON HISPANIC,Ethan,138,19
2015,MALE,WHITE NON HISPANIC,Noah,136,20
2015,MALE,WHITE NON HISPANIC,Liam,136,20
2015,MALE,WHITE NON HISPANIC,Matthew,130,21
2015,MALE,WHITE NON HISPANIC,Lucas,129,22
2015,MALE,WHITE NON HISPANIC,Charles,126,23
2015,MALE,WHITE NON HISPANIC,Gabriel,123,24
2015,MALE,WHITE NON HISPANIC,Ryan,119,25
2015,MALE,WHITE NON HISPANIC,Leo,117,26
2015,MALE,WHITE NON HISPANIC,Shimon,115,27
2015,MALE,WHITE NON HISPANIC,Luca,110,28
2015,MALE,WHITE NON HISPANIC,Isaac,107,29
2015,MALE,WHITE NON HISPANIC,Thomas,106,30
2015,MALE,WHITE NON HISPANIC,Yosef,105,31
2015,MALE,WHITE NON HISPANIC,Max,105,31
2015,MALE,WHITE NON HISPANIC,Eli,104,32
2015,MALE,WHITE NON HISPANIC,Anthony,103,33
2015,MALE,WHITE NON HISPANIC,Andrew,98,34
2015,MALE,WHITE NON HISPANIC,Sebastian,98,34
2015,MALE,WHITE NON HISPANIC,Dylan,97,35
2015,MALE,WHITE NON HISPANIC,Luke,91,36
2015,MALE,WHITE NON HISPANIC,Menachem,91,36
2015,MALE,WHITE NON HISPANIC,Robert,88,37
2015,MALE,WHITE NON HISPANIC,Yisroel,88,37
2015,MALE,WHITE NON HISPANIC,Logan,84,38
2015,MALE,WHITE NON HISPANIC,Nathan,83,39
2015,MALE,WHITE NON HISPANIC,Yehuda,83,39
2015,MALE,WHITE NON HISPANIC,Zachary,81,40
2015,MALE,WHITE NON HISPANIC,Joshua,81,40
2015,MALE,WHITE NON HISPANIC,Yitzchok,81,40
2015,MALE,WHITE NON HISPANIC,George,79,41
2015,MALE,WHITE NON HISPANIC,Asher,79,41
2015,MALE,WHITE NON HISPANIC,Aiden,78,42
2015,MALE,WHITE NON HISPANIC,Christopher,76,43
2015,MALE,WHITE NON HISPANIC,Mordechai,76,43
2015,MALE,WHITE NON HISPANIC,Jackson,76,43
2015,MALE,WHITE NON HISPANIC,Aron,74,44
2015,MALE,WHITE NON HISPANIC,Aaron,73,45
2015,MALE,WHITE NON HISPANIC,Hudson,73,45
2015,MALE,WHITE NON HISPANIC,Miles,72,46
2015,MALE,WHITE NON HISPANIC,Julian,69,47
2015,MALE,WHITE NON HISPANIC,Shlomo,69,47
2015,MALE,WHITE NON HISPANIC,Mason,68,48
2015,MALE,WHITE NON HISPANIC,Owen,66,49
2015,MALE,WHITE NON HISPANIC,Yaakov,64,50
2015,MALE,WHITE NON HISPANIC,Yakov,63,51
2015,MALE,WHITE NON HISPANIC,Shmuel,63,51
2015,MALE,WHITE NON HISPANIC,Jonathan,63,51
2015,MALE,WHITE NON HISPANIC,Nathaniel,55,52
2015,MALE,WHITE NON HISPANIC,Solomon,54,53
2015,MALE,WHITE NON HISPANIC,Omar,54,53
2015,MALE,WHITE NON HISPANIC,Mark,53,54
2015,MALE,WHITE NON HISPANIC,Vincent,53,54
2015,MALE,WHITE NON HISPANIC,Tzvi,53,54
2015,MALE,WHITE NON HISPANIC,Jonah,52,55
2015,MALE,WHITE NON HISPANIC,Simon,51,56
2015,MALE,WHITE NON HISPANIC,Ezra,51,56
2015,MALE,WHITE NON HISPANIC,Levi,51,56
2015,MALE,WHITE NON HISPANIC,Tyler,50,57
2015,MALE,WHITE NON HISPANIC,Ari,50,57
2015,MALE,WHITE NON HISPANIC,Jake,50,57
2015,MALE,WHITE NON HISPANIC,Maxwell,49,58
2015,MALE,WHITE NON HISPANIC,Oscar,49,58
2015,MALE,WHITE NON HISPANIC,Adrian,48,59
2015,MALE,WHITE NON HISPANIC,Harrison,47,60
2015,MALE,WHITE NON HISPANIC,Avraham,47,60
2015,MALE,WHITE NON HISPANIC,Ali,47,60
2015,MALE,WHITE NON HISPANIC,Meir,46,61
2015,MALE,WHITE NON HISPANIC,Christian,46,61
2015,MALE,WHITE NON HISPANIC,Connor,45,62
2015,MALE,WHITE NON HISPANIC,Zev,44,63
2015,MALE,WHITE NON HISPANIC,Elliot,44,63
2015,MALE,WHITE NON HISPANIC,Caleb,44,63
2015,MALE,WHITE NON HISPANIC,Declan,44,63
2015,MALE,WHITE NON HISPANIC,Eliyahu,44,63
2015,MALE,WHITE NON HISPANIC,Peter,42,64
2015,MALE,WHITE NON HISPANIC,Mendel,42,64
2015,MALE,WHITE NON HISPANIC,Mohamed,42,64
2015,MALE,WHITE NON HISPANIC,Elijah,41,65
2015,MALE,WHITE NON HISPANIC,Eliezer,41,65
2015,MALE,WHITE NON HISPANIC,Dov,41,65
2015,MALE,WHITE NON HISPANIC,Giovanni,41,65
2015,MALE,WHITE NON HISPANIC,Hunter,40,66
2015,MALE,WHITE NON HISPANIC,Edward,40,66
2015,MALE,WHITE NON HISPANIC,Shmiel,38,67
2015,MALE,WHITE NON HISPANIC,Felix,38,67
2015,MALE,WHITE NON HISPANIC,Finn,38,67
2015,MALE,WHITE NON HISPANIC,Jordan,38,67
2015,MALE,WHITE NON HISPANIC,Patrick,37,68
2015,MALE,WHITE NON HISPANIC,Dovid,35,69
2015,MALE,WHITE NON HISPANIC,Chase,35,69
2015,MALE,WHITE NON HISPANIC,Aidan,35,69
2015,MALE,WHITE NON HISPANIC,Amir,35,69
2015,MALE,WHITE NON HISPANIC,Gavin,34,70
2015,MALE,WHITE NON HISPANIC,Grayson,34,70
2015,MALE,WHITE NON HISPANIC,Shaya,34,70
2015,MALE,WHITE NON HISPANIC,Judah,33,71
2015,MALE,WHITE NON HISPANIC,Justin,33,71
2015,MALE,WHITE NON HISPANIC,Brandon,33,71
2015,MALE,WHITE NON HISPANIC,Rafael,33,71
2015,MALE,WHITE NON HISPANIC,Sam,33,71
2015,MALE,WHITE NON HISPANIC,Victor,33,71
2015,MALE,WHITE NON HISPANIC,Joel,32,72
2015,MALE,WHITE NON HISPANIC,Evan,32,72
2015,MALE,WHITE NON HISPANIC,Cooper,32,72
2015,MALE,WHITE NON HISPANIC,Colin,31,73
2015,MALE,WHITE NON HISPANIC,Leon,31,73
2015,MALE,WHITE NON HISPANIC,Naftali,31,73
2015,MALE,WHITE NON HISPANIC,Antonio,31,73
2015,MALE,WHITE NON HISPANIC,Aryeh,31,73
2015,MALE,WHITE NON HISPANIC,Louis,31,73
2015,MALE,WHITE NON HISPANIC,Shulem,31,73
2015,MALE,WHITE NON HISPANIC,Matteo,30,74
2015,MALE,WHITE NON HISPANIC,Shia,30,74
2015,MALE,WHITE NON HISPANIC,Kevin,30,74
2015,MALE,WHITE NON HISPANIC,Avrohom,30,74
2015,MALE,WHITE NON HISPANIC,Dominic,30,74
2015,MALE,WHITE NON HISPANIC,Jude,30,74
2015,MALE,WHITE NON HISPANIC,Leonardo,30,74
2015,MALE,WHITE NON HISPANIC,Hershy,29,75
2015,MALE,WHITE NON HISPANIC,Yechiel,29,75
2015,MALE,WHITE NON HISPANIC,Arthur,29,75
2015,MALE,WHITE NON HISPANIC,Wyatt,29,75
2015,MALE,WHITE NON HISPANIC,Maximilian,28,76
2015,MALE,WHITE NON HISPANIC,Ahmed,28,76
2015,MALE,WHITE NON HISPANIC,Moishe,28,76
2015,MALE,WHITE NON HISPANIC,Moses,28,76
2015,MALE,WHITE NON HISPANIC,Bennett,28,76
2015,MALE,WHITE NON HISPANIC,Simcha,28,76
2015,MALE,WHITE NON HISPANIC,Jason,28,76
2015,MALE,WHITE NON HISPANIC,Milo,28,76
2015,MALE,WHITE NON HISPANIC,Lipa,28,76
2015,MALE,WHITE NON HISPANIC,Wesley,27,77
2015,MALE,WHITE NON HISPANIC,Theo,27,77
2015,MALE,WHITE NON HISPANIC,Sean,27,77
2015,MALE,WHITE NON HISPANIC,August,27,77
2015,MALE,WHITE NON HISPANIC,Dean,27,77
2015,MALE,WHITE NON HISPANIC,Carter,26,78
2015,MALE,WHITE NON HISPANIC,Paul,26,78
2015,MALE,WHITE NON HISPANIC,Shlome,26,78
2015,MALE,WHITE NON HISPANIC,Blake,26,78
2015,MALE,WHITE NON HISPANIC,Benzion,26,78
2015,MALE,WHITE NON HISPANIC,Roman,26,78
2015,MALE,WHITE NON HISPANIC,Jayden,26,78
2015,MALE,WHITE NON HISPANIC,Hershel,26,78
2015,MALE,WHITE NON HISPANIC,Parker,26,78
2015,MALE,WHITE NON HISPANIC,Frederick,25,79
2015,MALE,WHITE NON HISPANIC,Ivan,25,79
2015,MALE,WHITE NON HISPANIC,Salvatore,25,79
2015,MALE,WHITE NON HISPANIC,Hamza,25,79
2015,MALE,WHITE NON HISPANIC,Mohammed,25,79
2015,MALE,WHITE NON HISPANIC,Nicolas,25,79
2015,MALE,WHITE NON HISPANIC,Steven,25,79
2015,MALE,WHITE NON HISPANIC,Grant,25,79
2015,MALE,WHITE NON HISPANIC,Cole,25,79
2015,MALE,WHITE NON HISPANIC,Jasper,25,79
2015,MALE,WHITE NON HISPANIC,Lorenzo,24,80
2015,MALE,WHITE NON HISPANIC,Israel,24,80
2015,MALE,WHITE NON HISPANIC,Usher,24,80
2015,MALE,WHITE NON HISPANIC,Mendy,24,80
2015,MALE,WHITE NON HISPANIC,Nolan,24,80
2015,MALE,WHITE NON HISPANIC,Ryder,24,80
2015,MALE,WHITE NON HISPANIC,Alan,24,80
2015,MALE,WHITE NON HISPANIC,Efraim,24,80
2015,MALE,WHITE NON HISPANIC,Cameron,24,80
2015,MALE,WHITE NON HISPANIC,Lukas,23,81
2015,MALE,WHITE NON HISPANIC,Noam,23,81
2015,MALE,WHITE NON HISPANIC,Ariel,23,81
2015,MALE,WHITE NON HISPANIC,Kai,23,81
2015,MALE,WHITE NON HISPANIC,Alex,23,81
2015,MALE,WHITE NON HISPANIC,Hugo,22,82
2015,MALE,WHITE NON HISPANIC,Yusuf,22,82
2015,MALE,WHITE NON HISPANIC,Tristan,22,82
2015,MALE,WHITE NON HISPANIC,Yaseen,22,82
2015,MALE,WHITE NON HISPANIC,Elias,22,82
2015,MALE,WHITE NON HISPANIC,Yehoshua,22,82
2015,MALE,WHITE NON HISPANIC,Calvin,22,82
2015,MALE,WHITE NON HISPANIC,Mayer,22,82
2015,MALE,WHITE NON HISPANIC,Sholom,21,83
2015,MALE,WHITE NON HISPANIC,Martin,21,83
2015,MALE,WHITE NON HISPANIC,Emmett,21,83
2015,MALE,WHITE NON HISPANIC,Spencer,21,83
2015,MALE,WHITE NON HISPANIC,Rayan,21,83
2015,MALE,WHITE NON HISPANIC,Muhammad,20,84
2015,MALE,WHITE NON HISPANIC,Brian,20,84
2015,MALE,WHITE NON HISPANIC,Lev,20,84
2015,MALE,WHITE NON HISPANIC,Baruch,20,84
2015,MALE,WHITE NON HISPANIC,Graham,20,84
2015,MALE,WHITE NON HISPANIC,Lazer,20,84
2015,MALE,WHITE NON HISPANIC,Richard,20,84
2015,MALE,WHITE NON HISPANIC,Nachman,20,84
2015,MALE,WHITE NON HISPANIC,Frank,19,85
2015,MALE,WHITE NON HISPANIC,Maxim,19,85
2015,MALE,WHITE NON HISPANIC,Marc,19,85
2015,MALE,WHITE NON HISPANIC,Eric,19,85
2015,MALE,WHITE NON HISPANIC,Rocco,19,85
2015,MALE,WHITE NON HISPANIC,Morris,19,85
2015,MALE,WHITE NON HISPANIC,Elimelech,19,85
2015,MALE,WHITE NON HISPANIC,Shloma,19,85
2015,MALE,WHITE NON HISPANIC,Youssef,19,85
2015,MALE,WHITE NON HISPANIC,Micah,19,85
2015,MALE,WHITE NON HISPANIC,Raphael,19,85
2015,MALE,WHITE NON HISPANIC,Shloime,18,86
2015,MALE,WHITE NON HISPANIC,Elliott,18,86
2015,MALE,WHITE NON HISPANIC,Griffin,18,86
2015,MALE,WHITE NON HISPANIC,Axel,18,86
2015,MALE,WHITE NON HISPANIC,Sawyer,18,86
2015,MALE,WHITE NON HISPANIC,Jaxon,18,86
2015,MALE,WHITE NON HISPANIC,Lincoln,18,86
2015,MALE,WHITE NON HISPANIC,Shalom,18,86
2015,MALE,WHITE NON HISPANIC,Albert,18,86
2015,MALE,WHITE NON HISPANIC,Luka,18,86
2015,MALE,WHITE NON HISPANIC,Brody,17,87
2015,MALE,WHITE NON HISPANIC,Charlie,17,87
2015,MALE,WHITE NON HISPANIC,Ronan,17,87
2015,MALE,WHITE NON HISPANIC,Ben,17,87
2015,MALE,WHITE NON HISPANIC,Mateo,17,87
2015,MALE,WHITE NON HISPANIC,Rowan,17,87
2015,MALE,WHITE NON HISPANIC,Avi,17,87
2015,MALE,WHITE NON HISPANIC,Harry,17,87
2015,MALE,WHITE NON HISPANIC,Beckett,17,87
2015,MALE,WHITE NON HISPANIC,Drew,17,87
2015,MALE,WHITE NON HISPANIC,Ayden,17,87
2015,MALE,WHITE NON HISPANIC,Naftuli,17,87
2015,MALE,WHITE NON HISPANIC,Ian,16,88
2015,MALE,WHITE NON HISPANIC,Gregory,16,88
2015,MALE,WHITE NON HISPANIC,Pinchas,16,88
2015,MALE,WHITE NON HISPANIC,Phoenix,16,88
2015,MALE,WHITE NON HISPANIC,Everett,16,88
2015,MALE,WHITE NON HISPANIC,Jeremy,16,88
2015,MALE,WHITE NON HISPANIC,Shane,16,88
2015,MALE,WHITE NON HISPANIC,Berl,16,88
2015,MALE,WHITE NON HISPANIC,Akiva,15,89
2015,MALE,WHITE NON HISPANIC,Marco,15,89
2015,MALE,WHITE NON HISPANIC,Brendan,15,89
2015,MALE,WHITE NON HISPANIC,Marcus,15,89
2015,MALE,WHITE NON HISPANIC,Cheskel,15,89
2015,MALE,WHITE NON HISPANIC,Francis,15,89
2015,MALE,WHITE NON HISPANIC,Zalmen,15,89
2015,MALE,WHITE NON HISPANIC,Aharon,15,89
2015,MALE,WHITE NON HISPANIC,Yoel,15,89
2015,MALE,WHITE NON HISPANIC,Angelo,15,89
2015,MALE,WHITE NON HISPANIC,Pierce,15,89
2015,MALE,WHITE NON HISPANIC,Wolf,15,89
2015,MALE,WHITE NON HISPANIC,Jesse,14,90
2015,MALE,WHITE NON HISPANIC,Eitan,14,90
2015,MALE,WHITE NON HISPANIC,Brady,14,90
2015,MALE,WHITE NON HISPANIC,Archer,14,90
2015,MALE,WHITE NON HISPANIC,Ephraim,14,90
2015,MALE,WHITE NON HISPANIC,Boruch,14,90
2015,MALE,WHITE NON HISPANIC,Binyomin,14,90
2015,MALE,WHITE NON HISPANIC,Timothy,14,90
2015,MALE,WHITE NON HISPANIC,Shloimy,14,90
2015,MALE,WHITE NON HISPANIC,Quinn,14,90
2015,MALE,WHITE NON HISPANIC,Ezriel,14,90
2015,MALE,WHITE NON HISPANIC,Ibrahim,14,90
2015,MALE,WHITE NON HISPANIC,Jameson,14,90
2015,MALE,WHITE NON HISPANIC,Dominick,14,90
2015,MALE,WHITE NON HISPANIC,Brooks,13,91
2015,MALE,WHITE NON HISPANIC,Silas,13,91
2015,MALE,WHITE NON HISPANIC,Clark,13,91
2015,MALE,WHITE NON HISPANIC,Yousef,13,91
2015,MALE,WHITE NON HISPANIC,Samir,13,91
2015,MALE,WHITE NON HISPANIC,Hersh,13,91
2015,MALE,WHITE NON HISPANIC,Avrum,13,91
2015,MALE,WHITE NON HISPANIC,Mohammad,13,91
2015,MALE,WHITE NON HISPANIC,Otto,13,91
2015,MALE,WHITE NON HISPANIC,Shea,13,91
2015,MALE,WHITE NON HISPANIC,Pinchus,13,91
2015,MALE,WHITE NON HISPANIC,Selim,13,91
2015,MALE,WHITE NON HISPANIC,Timur,12,92
2015,MALE,WHITE NON HISPANIC,Xavier,12,92
2015,MALE,WHITE NON HISPANIC,Francesco,12,92
2015,MALE,WHITE NON HISPANIC,Ellis,12,92
2015,MALE,WHITE NON HISPANIC,Reid,12,92
2015,MALE,WHITE NON HISPANIC,Greyson,12,92
2015,MALE,WHITE NON HISPANIC,Yossi,12,92
2015,MALE,WHITE NON HISPANIC,Nico,12,92
2015,MALE,WHITE NON HISPANIC,Philip,12,92
2015,MALE,WHITE NON HISPANIC,Peretz,12,92
2015,MALE,WHITE NON HISPANIC,Maximus,12,92
2015,MALE,WHITE NON HISPANIC,Meshilem,12,92
2015,MALE,WHITE NON HISPANIC,Landon,12,92
2015,MALE,WHITE NON HISPANIC,Yisrael,12,92
2015,MALE,WHITE NON HISPANIC,Eluzer,12,92
2015,MALE,WHITE NON HISPANIC,Zain,12,92
2015,MALE,WHITE NON HISPANIC,Bradley,12,92
2015,MALE,WHITE NON HISPANIC,Vincenzo,12,92
2015,MALE,WHITE NON HISPANIC,Avery,12,92
2015,MALE,WHITE NON HISPANIC,Karas,11,93
2015,MALE,WHITE NON HISPANIC,Walter,11,93
2015,MALE,WHITE NON HISPANIC,Brayden,11,93
2015,MALE,WHITE NON HISPANIC,Berish,11,93
2015,MALE,WHITE NON HISPANIC,Raymond,11,93
2015,MALE,WHITE NON HISPANIC,Kyle,11,93
2015,MALE,WHITE NON HISPANIC,Malik,11,93
2015,MALE,WHITE NON HISPANIC,Reuven,11,93
2015,MALE,WHITE NON HISPANIC,Alessandro,11,93
2015,MALE,WHITE NON HISPANIC,Emmanuel,11,93
2015,MALE,WHITE NON HISPANIC,Arlo,11,93
2015,MALE,WHITE NON HISPANIC,Oren,11,93
2015,MALE,WHITE NON HISPANIC,Ahron,11,93
2015,MALE,WHITE NON HISPANIC,Austin,11,93
2015,MALE,WHITE NON HISPANIC,Kian,11,93
2015,MALE,WHITE NON HISPANIC,Winston,11,93
2015,MALE,WHITE NON HISPANIC,Crosby,11,93
2015,MALE,WHITE NON HISPANIC,Noach,11,93
2015,MALE,WHITE NON HISPANIC,Rory,11,93
2015,MALE,WHITE NON HISPANIC,Bryan,11,93
2015,MALE,WHITE NON HISPANIC,Gavriel,11,93
2015,MALE,WHITE NON HISPANIC,Bentzion,10,94
2015,MALE,WHITE NON HISPANIC,Conor,10,94
2015,MALE,WHITE NON HISPANIC,Otis,10,94
2015,MALE,WHITE NON HISPANIC,Duvid,10,94
2015,MALE,WHITE NON HISPANIC,Seth,10,94
2015,MALE,WHITE NON HISPANIC,Saul,10,94
2015,MALE,WHITE NON HISPANIC,Josef,10,94
2015,MALE,WHITE NON HISPANIC,Colton,10,94
2015,MALE,WHITE NON HISPANIC,Rhys,10,94
2015,MALE,WHITE NON HISPANIC,Kieran,10,94
2015,MALE,WHITE NON HISPANIC,Eliot,10,94
2015,MALE,WHITE NON HISPANIC,Anton,10,94
2015,MALE,WHITE NON HISPANIC,Jaxson,10,94
2015,MALE,WHITE NON HISPANIC,Isaiah,10,94
2015,MALE,WHITE NON HISPANIC,Menashe,10,94
2015,MALE,WHITE NON HISPANIC,Yahya,10,94
2014,FEMALE,ASIAN AND PACIFIC ISLANDER,Olivia,141,1
2014,FEMALE,ASIAN AND PACIFIC ISLANDER,Chloe,111,2
2014,FEMALE,ASIAN AND PACIFIC ISLANDER,Sophia,111,2
2014,FEMALE,ASIAN AND PACIFIC ISLANDER,Emma,96,3
2014,FEMALE,ASIAN AND PACIFIC ISLANDER,Emma,96,3
2014,FEMALE,ASIAN AND PACIFIC ISLANDER,Emily,92,4
2014,FEMALE,ASIAN AND PACIFIC ISLANDER,Angela,77,5
2014,FEMALE,ASIAN AND PACIFIC ISLANDER,Angela,77,5
2014,FEMALE,ASIAN AND PACIFIC ISLANDER,Mia,67,6
2014,FEMALE,ASIAN AND PACIFIC ISLANDER,Mia,67,6
2014,FEMALE,ASIAN AND PACIFIC ISLANDER,Grace,64,7
2014,FEMALE,ASIAN AND PACIFIC ISLANDER,Grace,64,7
2014,FEMALE,ASIAN AND PACIFIC ISLANDER,Isabella,58,8
2014,FEMALE,ASIAN AND PACIFIC ISLANDER,Isabella,58,8
2014,FEMALE,ASIAN AND PACIFIC ISLANDER,Claire,49,9
2014,FEMALE,ASIAN AND PACIFIC ISLANDER,Claire,49,9
2014,FEMALE,ASIAN AND PACIFIC ISLANDER,Anna,41,10
2014,FEMALE,ASIAN AND PACIFIC ISLANDER,Alina,41,10
2014,FEMALE,ASIAN AND PACIFIC ISLANDER,Anna,41,10
2014,FEMALE,ASIAN AND PACIFIC ISLANDER,Alina,41,10
2014,FEMALE,ASIAN AND PACIFIC ISLANDER,Ella,40,11
2014,FEMALE,ASIAN AND PACIFIC ISLANDER,Angelina,38,12
2014,FEMALE,ASIAN AND PACIFIC ISLANDER,Angelina,38,12
2014,FEMALE,ASIAN AND PACIFIC ISLANDER,Fiona,37,13
2014,FEMALE,ASIAN AND PACIFIC ISLANDER,Zara,37,13
2014,FEMALE,ASIAN AND PACIFIC ISLANDER,Katherine,37,13
2014,FEMALE,ASIAN AND PACIFIC ISLANDER,Katherine,37,13
2014,FEMALE,ASIAN AND PACIFIC ISLANDER,Zara,37,13
2014,FEMALE,ASIAN AND PACIFIC ISLANDER,Fiona,37,13
2014,FEMALE,ASIAN AND PACIFIC ISLANDER,Jasmine,36,14
2014,FEMALE,ASIAN AND PACIFIC ISLANDER,Jasmine,36,14
2014,FEMALE,ASIAN AND PACIFIC ISLANDER,Jessica,35,15
2014,FEMALE,ASIAN AND PACIFIC ISLANDER,Sarah,35,15
2014,FEMALE,ASIAN AND PACIFIC ISLANDER,Ava,35,15
2014,FEMALE,ASIAN AND PACIFIC ISLANDER,Jessica,35,15
2014,FEMALE,ASIAN AND PACIFIC ISLANDER,Zoe,34,16
2014,FEMALE,ASIAN AND PACIFIC ISLANDER,Zoe,34,16
2014,FEMALE,ASIAN AND PACIFIC ISLANDER,Tenzin,33,17
2014,FEMALE,ASIAN AND PACIFIC ISLANDER,Ashley,33,17
2014,FEMALE,ASIAN AND PACIFIC ISLANDER,Tenzin,33,17
2014,FEMALE,ASIAN AND PACIFIC ISLANDER,Ashley,33,17
2014,FEMALE,ASIAN AND PACIFIC ISLANDER,Hannah,32,18
2014,FEMALE,ASIAN AND PACIFIC ISLANDER,Joanna,32,18
2014,FEMALE,ASIAN AND PACIFIC ISLANDER,Joanna,32,18
2014,FEMALE,ASIAN AND PACIFIC ISLANDER,Anaya,32,18
2014,FEMALE,ASIAN AND PACIFIC ISLANDER,Hannah,32,18
2014,FEMALE,ASIAN AND PACIFIC ISLANDER,Anaya,32,18
2014,FEMALE,ASIAN AND PACIFIC ISLANDER,Audrey,31,19
2014,FEMALE,ASIAN AND PACIFIC ISLANDER,Amy,31,19
2014,FEMALE,ASIAN AND PACIFIC ISLANDER,Vivian,31,19
2014,FEMALE,ASIAN AND PACIFIC ISLANDER,Vivian,31,19
2014,FEMALE,ASIAN AND PACIFIC ISLANDER,Audrey,31,19
2014,FEMALE,ASIAN AND PACIFIC ISLANDER,Charlotte,31,19
2014,FEMALE,ASIAN AND PACIFIC ISLANDER,Charlotte,31,19
2014,FEMALE,ASIAN AND PACIFIC ISLANDER,Abigail,31,19
2014,FEMALE,ASIAN AND PACIFIC ISLANDER,Amy,31,19
2014,FEMALE,ASIAN AND PACIFIC ISLANDER,Ivy,30,20
2014,FEMALE,ASIAN AND PACIFIC ISLANDER,Annie,30,20
2014,FEMALE,ASIAN AND PACIFIC ISLANDER,Ariana,30,20
2014,FEMALE,ASIAN AND PACIFIC ISLANDER,Annie,30,20
2014,FEMALE,ASIAN AND PACIFIC ISLANDER,Ariana,30,20
2014,FEMALE,ASIAN AND PACIFIC ISLANDER,Tiffany,29,21
2014,FEMALE,ASIAN AND PACIFIC ISLANDER,Sophie,29,21
2014,FEMALE,ASIAN AND PACIFIC ISLANDER,Bella,29,21
2014,FEMALE,ASIAN AND PACIFIC ISLANDER,Bella,29,21
2014,FEMALE,ASIAN AND PACIFIC ISLANDER,Tiffany,29,21
2014,FEMALE,ASIAN AND PACIFIC ISLANDER,Sophie,29,21
2014,FEMALE,ASIAN AND PACIFIC ISLANDER,Madison,28,22
2014,FEMALE,ASIAN AND PACIFIC ISLANDER,Madison,28,22
2014,FEMALE,ASIAN AND PACIFIC ISLANDER,Ayesha,28,22
2014,FEMALE,ASIAN AND PACIFIC ISLANDER,Ayesha,28,22
2014,FEMALE,ASIAN AND PACIFIC ISLANDER,Melody,28,22
2014,FEMALE,ASIAN AND PACIFIC ISLANDER,Arya,28,22
2014,FEMALE,ASIAN AND PACIFIC ISLANDER,Nicole,28,22
2014,FEMALE,ASIAN AND PACIFIC ISLANDER,Eva,28,22
2014,FEMALE,ASIAN AND PACIFIC ISLANDER,Nicole,28,22
2014,FEMALE,ASIAN AND PACIFIC ISLANDER,Melody,28,22
2014,FEMALE,ASIAN AND PACIFIC ISLANDER,Eva,28,22
2014,FEMALE,ASIAN AND PACIFIC ISLANDER,Arya,28,22
2014,FEMALE,ASIAN AND PACIFIC ISLANDER,Amelia,27,23
2014,FEMALE,ASIAN AND PACIFIC ISLANDER,Abby,27,23
2014,FEMALE,ASIAN AND PACIFIC ISLANDER,Amelia,27,23
2014,FEMALE,ASIAN AND PACIFIC ISLANDER,Abby,27,23
2014,FEMALE,ASIAN AND PACIFIC ISLANDER,Aria,26,24
2014,FEMALE,ASIAN AND PACIFIC ISLANDER,Julia,26,24
2014,FEMALE,ASIAN AND PACIFIC ISLANDER,Ellie,26,24
2014,FEMALE,ASIAN AND PACIFIC ISLANDER,Evelyn,26,24
2014,FEMALE,ASIAN AND PACIFIC ISLANDER,Ellie,26,24
2014,FEMALE,ASIAN AND PACIFIC ISLANDER,Evelyn,26,24
2014,FEMALE,ASIAN AND PACIFIC ISLANDER,Aria,26,24
2014,FEMALE,ASIAN AND PACIFIC ISLANDER,Mila,25,25
2014,FEMALE,ASIAN AND PACIFIC ISLANDER,Maya,25,25
2014,FEMALE,ASIAN AND PACIFIC ISLANDER,Victoria,25,25
2014,FEMALE,ASIAN AND PACIFIC ISLANDER,Maya,25,25
2014,FEMALE,ASIAN AND PACIFIC ISLANDER,Cindy,25,25
2014,FEMALE,ASIAN AND PACIFIC ISLANDER,Leah,25,25
2014,FEMALE,ASIAN AND PACIFIC ISLANDER,Leah,25,25
2014,FEMALE,ASIAN AND PACIFIC ISLANDER,Mila,25,25
2014,FEMALE,ASIAN AND PACIFIC ISLANDER,Cindy,25,25
2014,FEMALE,ASIAN AND PACIFIC ISLANDER,Victoria,25,25
2014,FEMALE,ASIAN AND PACIFIC ISLANDER,Serena,24,26
2014,FEMALE,ASIAN AND PACIFIC ISLANDER,Zainab,24,26
2014,FEMALE,ASIAN AND PACIFIC ISLANDER,Rachel,24,26
2014,FEMALE,ASIAN AND PACIFIC ISLANDER,Zoey,24,26
2014,FEMALE,ASIAN AND PACIFIC ISLANDER,Zainab,24,26
2014,FEMALE,ASIAN AND PACIFIC ISLANDER,Serena,24,26
2014,FEMALE,ASIAN AND PACIFIC ISLANDER,Rachel,24,26
2014,FEMALE,ASIAN AND PACIFIC ISLANDER,Alice,24,26
2014,FEMALE,ASIAN AND PACIFIC ISLANDER,Alice,24,26
2014,FEMALE,ASIAN AND PACIFIC ISLANDER,Isabelle,23,27
2014,FEMALE,ASIAN AND PACIFIC ISLANDER,Kayla,23,27
2014,FEMALE,ASIAN AND PACIFIC ISLANDER,Hailey,23,27
2014,FEMALE,ASIAN AND PACIFIC ISLANDER,Elsa,23,27
2014,FEMALE,ASIAN AND PACIFIC ISLANDER,Hailey,23,27
2014,FEMALE,ASIAN AND PACIFIC ISLANDER,Elsa,23,27
2014,FEMALE,ASIAN AND PACIFIC ISLANDER,Isabelle,23,27
2014,FEMALE,ASIAN AND PACIFIC ISLANDER,Fatima,23,27
2014,FEMALE,ASIAN AND PACIFIC ISLANDER,Fatima,23,27
2014,FEMALE,ASIAN AND PACIFIC ISLANDER,Alyssa,22,28
2014,FEMALE,ASIAN AND PACIFIC ISLANDER,Cynthia,22,28
2014,FEMALE,ASIAN AND PACIFIC ISLANDER,Cynthia,22,28
2014,FEMALE,ASIAN AND PACIFIC ISLANDER,Stephanie,21,29
2014,FEMALE,ASIAN AND PACIFIC ISLANDER,Stephanie,21,29
2014,FEMALE,ASIAN AND PACIFIC ISLANDER,Nina,21,29
2014,FEMALE,ASIAN AND PACIFIC ISLANDER,Iris,21,29
2014,FEMALE,ASIAN AND PACIFIC ISLANDER,Nina,21,29
2014,FEMALE,ASIAN AND PACIFIC ISLANDER,Iris,21,29
2014,FEMALE,ASIAN AND PACIFIC ISLANDER,Maryam,20,30
2014,FEMALE,ASIAN AND PACIFIC ISLANDER,Kaitlyn,20,30
2014,FEMALE,ASIAN AND PACIFIC ISLANDER,Elizabeth,20,30
2014,FEMALE,ASIAN AND PACIFIC ISLANDER,Kaitlyn,20,30
2014,FEMALE,ASIAN AND PACIFIC ISLANDER,Jenny,20,30
2014,FEMALE,ASIAN AND PACIFIC ISLANDER,Maryam,20,30
2014,FEMALE,ASIAN AND PACIFIC ISLANDER,Aiza,19,31
2014,FEMALE,ASIAN AND PACIFIC ISLANDER,Scarlett,19,31
2014,FEMALE,ASIAN AND PACIFIC ISLANDER,Aiza,19,31
2014,FEMALE,ASIAN AND PACIFIC ISLANDER,Stella,19,31
2014,FEMALE,ASIAN AND PACIFIC ISLANDER,Catherine,19,31
2014,FEMALE,ASIAN AND PACIFIC ISLANDER,Selina,19,31
2014,FEMALE,ASIAN AND PACIFIC ISLANDER,Sabrina,19,31
2014,FEMALE,ASIAN AND PACIFIC ISLANDER,Stella,19,31
2014,FEMALE,ASIAN AND PACIFIC ISLANDER,Scarlett,19,31
2014,FEMALE,ASIAN AND PACIFIC ISLANDER,Elena,19,31
2014,FEMALE,ASIAN AND PACIFIC ISLANDER,Sabrina,19,31
2014,FEMALE,ASIAN AND PACIFIC ISLANDER,Catherine,19,31
2014,FEMALE,ASIAN AND PACIFIC ISLANDER,Elena,19,31
2014,FEMALE,ASIAN AND PACIFIC ISLANDER,Selina,19,31
2014,FEMALE,ASIAN AND PACIFIC ISLANDER,Sofia,19,31
2014,FEMALE,ASIAN AND PACIFIC ISLANDER,Eileen,18,32
2014,FEMALE,ASIAN AND PACIFIC ISLANDER,Jessie,18,32
2014,FEMALE,ASIAN AND PACIFIC ISLANDER,Aisha,18,32
2014,FEMALE,ASIAN AND PACIFIC ISLANDER,Samantha,18,32
2014,FEMALE,ASIAN AND PACIFIC ISLANDER,Kaylee,18,32
2014,FEMALE,ASIAN AND PACIFIC ISLANDER,Carina,18,32
2014,FEMALE,ASIAN AND PACIFIC ISLANDER,Carina,18,32
2014,FEMALE,ASIAN AND PACIFIC ISLANDER,Aisha,18,32
2014,FEMALE,ASIAN AND PACIFIC ISLANDER,Gabriella,18,32
2014,FEMALE,ASIAN AND PACIFIC ISLANDER,Kaylee,18,32
2014,FEMALE,ASIAN AND PACIFIC ISLANDER,Eileen,18,32
2014,FEMALE,ASIAN AND PACIFIC ISLANDER,Jessie,18,32
2014,FEMALE,ASIAN AND PACIFIC ISLANDER,Aleena,17,33
2014,FEMALE,ASIAN AND PACIFIC ISLANDER,Amber,17,33
2014,FEMALE,ASIAN AND PACIFIC ISLANDER,Jennifer,17,33
2014,FEMALE,ASIAN AND PACIFIC ISLANDER,Shirley,17,33
2014,FEMALE,ASIAN AND PACIFIC ISLANDER,Queenie,17,33
2014,FEMALE,ASIAN AND PACIFIC ISLANDER,Shirley,17,33
2014,FEMALE,ASIAN AND PACIFIC ISLANDER,Michelle,17,33
2014,FEMALE,ASIAN AND PACIFIC ISLANDER,Michelle,17,33
2014,FEMALE,ASIAN AND PACIFIC ISLANDER,Aleena,17,33
2014,FEMALE,ASIAN AND PACIFIC ISLANDER,Crystal,17,33
2014,FEMALE,ASIAN AND PACIFIC ISLANDER,Christina,17,33
2014,FEMALE,ASIAN AND PACIFIC ISLANDER,Avery,17,33
2014,FEMALE,ASIAN AND PACIFIC ISLANDER,Christina,17,33
2014,FEMALE,ASIAN AND PACIFIC ISLANDER,Jennifer,17,33
2014,FEMALE,ASIAN AND PACIFIC ISLANDER,Crystal,17,33
2014,FEMALE,ASIAN AND PACIFIC ISLANDER,Elaine,17,33
2014,FEMALE,ASIAN AND PACIFIC ISLANDER,Elaine,17,33
2014,FEMALE,ASIAN AND PACIFIC ISLANDER,Amber,17,33
2014,FEMALE,ASIAN AND PACIFIC ISLANDER,Natalie,16,34
2014,FEMALE,ASIAN AND PACIFIC ISLANDER,Syeda,16,34
2014,FEMALE,ASIAN AND PACIFIC ISLANDER,Sharon,16,34
2014,FEMALE,ASIAN AND PACIFIC ISLANDER,Natalie,16,34
2014,FEMALE,ASIAN AND PACIFIC ISLANDER,Syeda,16,34
2014,FEMALE,ASIAN AND PACIFIC ISLANDER,Irene,16,34
2014,FEMALE,ASIAN AND PACIFIC ISLANDER,Elina,16,34
2014,FEMALE,ASIAN AND PACIFIC ISLANDER,Sharon,16,34
2014,FEMALE,ASIAN AND PACIFIC ISLANDER,Elina,16,34
2014,FEMALE,ASIAN AND PACIFIC ISLANDER,Jocelyn,16,34
2014,FEMALE,ASIAN AND PACIFIC ISLANDER,Jocelyn,16,34
2014,FEMALE,ASIAN AND PACIFIC ISLANDER,Irene,16,34
2014,FEMALE,ASIAN AND PACIFIC ISLANDER,Angel,16,34
2014,FEMALE,ASIAN AND PACIFIC ISLANDER,Katie,15,35
2014,FEMALE,ASIAN AND PACIFIC ISLANDER,Penelope,15,35
2014,FEMALE,ASIAN AND PACIFIC ISLANDER,Hanna,15,35
2014,FEMALE,ASIAN AND PACIFIC ISLANDER,Naomi,15,35
2014,FEMALE,ASIAN AND PACIFIC ISLANDER,Caroline,15,35
2014,FEMALE,ASIAN AND PACIFIC ISLANDER,Joyce,15,35
2014,FEMALE,ASIAN AND PACIFIC ISLANDER,Allison,15,35
2014,FEMALE,ASIAN AND PACIFIC ISLANDER,Penelope,15,35
2014,FEMALE,ASIAN AND PACIFIC ISLANDER,Allison,15,35
2014,FEMALE,ASIAN AND PACIFIC ISLANDER,Amanda,15,35
2014,FEMALE,ASIAN AND PACIFIC ISLANDER,Caroline,15,35
2014,FEMALE,ASIAN AND PACIFIC ISLANDER,Katie,15,35
2014,FEMALE,ASIAN AND PACIFIC ISLANDER,Vicky,15,35
2014,FEMALE,ASIAN AND PACIFIC ISLANDER,Joyce,15,35
2014,FEMALE,ASIAN AND PACIFIC ISLANDER,Vicky,15,35
2014,FEMALE,ASIAN AND PACIFIC ISLANDER,Naomi,15,35
2014,FEMALE,ASIAN AND PACIFIC ISLANDER,Amanda,15,35
2014,FEMALE,ASIAN AND PACIFIC ISLANDER,Hanna,15,35
2014,FEMALE,ASIAN AND PACIFIC ISLANDER,Kelly,14,36
2014,FEMALE,ASIAN AND PACIFIC ISLANDER,Miranda,14,36
2014,FEMALE,ASIAN AND PACIFIC ISLANDER,Lily,14,36
2014,FEMALE,ASIAN AND PACIFIC ISLANDER,Lillian,14,36
2014,FEMALE,ASIAN AND PACIFIC ISLANDER,Lily,14,36
2014,FEMALE,ASIAN AND PACIFIC ISLANDER,Kylie,14,36
2014,FEMALE,ASIAN AND PACIFIC ISLANDER,Sara,14,36
2014,FEMALE,ASIAN AND PACIFIC ISLANDER,Ariel,14,36
2014,FEMALE,ASIAN AND PACIFIC ISLANDER,Selena,14,36
2014,FEMALE,ASIAN AND PACIFIC ISLANDER,Anne,14,36
2014,FEMALE,ASIAN AND PACIFIC ISLANDER,Sara,14,36
2014,FEMALE,ASIAN AND PACIFIC ISLANDER,Selena,14,36
2014,FEMALE,ASIAN AND PACIFIC ISLANDER,Maggie,14,36
2014,FEMALE,ASIAN AND PACIFIC ISLANDER,Miranda,14,36
2014,FEMALE,ASIAN AND PACIFIC ISLANDER,Ariel,14,36
2014,FEMALE,ASIAN AND PACIFIC ISLANDER,Maggie,14,36
2014,FEMALE,ASIAN AND PACIFIC ISLANDER,Anne,14,36
2014,FEMALE,ASIAN AND PACIFIC ISLANDER,Lillian,14,36
2014,FEMALE,ASIAN AND PACIFIC ISLANDER,Lydia,13,37
2014,FEMALE,ASIAN AND PACIFIC ISLANDER,Karina,13,37
2014,FEMALE,ASIAN AND PACIFIC ISLANDER,Karina,13,37
2014,FEMALE,ASIAN AND PACIFIC ISLANDER,Chelsea,13,37
2014,FEMALE,ASIAN AND PACIFIC ISLANDER,Isabel,13,37
2014,FEMALE,ASIAN AND PACIFIC ISLANDER,Megan,13,37
2014,FEMALE,ASIAN AND PACIFIC ISLANDER,Arianna,13,37
2014,FEMALE,ASIAN AND PACIFIC ISLANDER,Isabel,13,37
2014,FEMALE,ASIAN AND PACIFIC ISLANDER,Lydia,13,37
2014,FEMALE,ASIAN AND PACIFIC ISLANDER,Samara,13,37
2014,FEMALE,ASIAN AND PACIFIC ISLANDER,Annabelle,13,37
2014,FEMALE,ASIAN AND PACIFIC ISLANDER,Megan,13,37
2014,FEMALE,ASIAN AND PACIFIC ISLANDER,Phoebe,13,37
2014,FEMALE,ASIAN AND PACIFIC ISLANDER,Samara,13,37
2014,FEMALE,ASIAN AND PACIFIC ISLANDER,Annabelle,13,37
2014,FEMALE,ASIAN AND PACIFIC ISLANDER,Noor,13,37
2014,FEMALE,ASIAN AND PACIFIC ISLANDER,Noor,13,37
2014,FEMALE,ASIAN AND PACIFIC ISLANDER,Layla,13,37
2014,FEMALE,ASIAN AND PACIFIC ISLANDER,Jannat,13,37
2014,FEMALE,ASIAN AND PACIFIC ISLANDER,Phoebe,13,37
2014,FEMALE,ASIAN AND PACIFIC ISLANDER,Erica,12,38
2014,FEMALE,ASIAN AND PACIFIC ISLANDER,Athena,12,38
2014,FEMALE,ASIAN AND PACIFIC ISLANDER,Sylvia,12,38
2014,FEMALE,ASIAN AND PACIFIC ISLANDER,Esther,12,38
2014,FEMALE,ASIAN AND PACIFIC ISLANDER,Eshaal,12,38
2014,FEMALE,ASIAN AND PACIFIC ISLANDER,Alicia,12,38
2014,FEMALE,ASIAN AND PACIFIC ISLANDER,Vanessa,12,38
2014,FEMALE,ASIAN AND PACIFIC ISLANDER,Hafsa,12,38
2014,FEMALE,ASIAN AND PACIFIC ISLANDER,Summer,12,38
2014,FEMALE,ASIAN AND PACIFIC ISLANDER,Vanessa,12,38
2014,FEMALE,ASIAN AND PACIFIC ISLANDER,Eleanor,12,38
2014,FEMALE,ASIAN AND PACIFIC ISLANDER,Sylvia,12,38
2014,FEMALE,ASIAN AND PACIFIC ISLANDER,Summer,12,38
2014,FEMALE,ASIAN AND PACIFIC ISLANDER,Celine,12,38
2014,FEMALE,ASIAN AND PACIFIC ISLANDER,Janice,12,38
2014,FEMALE,ASIAN AND PACIFIC ISLANDER,Erica,12,38
2014,FEMALE,ASIAN AND PACIFIC ISLANDER,Lina,12,38
2014,FEMALE,ASIAN AND PACIFIC ISLANDER,Katelyn,12,38
2014,FEMALE,ASIAN AND PACIFIC ISLANDER,Lina,12,38
2014,FEMALE,ASIAN AND PACIFIC ISLANDER,Janice,12,38
2014,FEMALE,ASIAN AND PACIFIC ISLANDER,Hana,12,38
2014,FEMALE,ASIAN AND PACIFIC ISLANDER,Hafsa,12,38
2014,FEMALE,ASIAN AND PACIFIC ISLANDER,Esther,12,38
2014,FEMALE,ASIAN AND PACIFIC ISLANDER,Eshaal,12,38
2014,FEMALE,ASIAN AND PACIFIC ISLANDER,Eleanor,12,38
2014,FEMALE,ASIAN AND PACIFIC ISLANDER,Hana,12,38
2014,FEMALE,ASIAN AND PACIFIC ISLANDER,Athena,12,38
2014,FEMALE,ASIAN AND PACIFIC ISLANDER,Celine,12,38
2014,FEMALE,ASIAN AND PACIFIC ISLANDER,Katelyn,12,38
2014,FEMALE,ASIAN AND PACIFIC ISLANDER,Alicia,12,38
2014,FEMALE,ASIAN AND PACIFIC ISLANDER,Alisa,11,39
2014,FEMALE,ASIAN AND PACIFIC ISLANDER,Alisha,11,39
2014,FEMALE,ASIAN AND PACIFIC ISLANDER,Inaya,11,39
2014,FEMALE,ASIAN AND PACIFIC ISLANDER,Rebecca,11,39
2014,FEMALE,ASIAN AND PACIFIC ISLANDER,Lila,11,39
2014,FEMALE,ASIAN AND PACIFIC ISLANDER,Safa,11,39
2014,FEMALE,ASIAN AND PACIFIC ISLANDER,Alisa,11,39
2014,FEMALE,ASIAN AND PACIFIC ISLANDER,Winnie,11,39
2014,FEMALE,ASIAN AND PACIFIC ISLANDER,Alexandra,11,39
2014,FEMALE,ASIAN AND PACIFIC ISLANDER,Winnie,11,39
2014,FEMALE,ASIAN AND PACIFIC ISLANDER,Inaya,11,39
2014,FEMALE,ASIAN AND PACIFIC ISLANDER,Lisa,11,39
2014,FEMALE,ASIAN AND PACIFIC ISLANDER,Madelyn,11,39
2014,FEMALE,ASIAN AND PACIFIC ISLANDER,Mandy,11,39
2014,FEMALE,ASIAN AND PACIFIC ISLANDER,Livia,11,39
2014,FEMALE,ASIAN AND PACIFIC ISLANDER,Livia,11,39
2014,FEMALE,ASIAN AND PACIFIC ISLANDER,Rebecca,11,39
2014,FEMALE,ASIAN AND PACIFIC ISLANDER,Lisa,11,39
2014,FEMALE,ASIAN AND PACIFIC ISLANDER,Safa,11,39
2014,FEMALE,ASIAN AND PACIFIC ISLANDER,Joy,11,39
2014,FEMALE,ASIAN AND PACIFIC ISLANDER,Eliana,11,39
2014,FEMALE,ASIAN AND PACIFIC ISLANDER,Eliana,11,39
2014,FEMALE,ASIAN AND PACIFIC ISLANDER,Erin,11,39
2014,FEMALE,ASIAN AND PACIFIC ISLANDER,Queena,11,39
2014,FEMALE,ASIAN AND PACIFIC ISLANDER,Joy,11,39
2014,FEMALE,ASIAN AND PACIFIC ISLANDER,Madelyn,11,39
2014,FEMALE,ASIAN AND PACIFIC ISLANDER,Alexandra,11,39
2014,FEMALE,ASIAN AND PACIFIC ISLANDER,Gia,11,39
2014,FEMALE,ASIAN AND PACIFIC ISLANDER,Mandy,11,39
2014,FEMALE,ASIAN AND PACIFIC ISLANDER,Alisha,11,39
2014,FEMALE,ASIAN AND PACIFIC ISLANDER,Gia,11,39
2014,FEMALE,ASIAN AND PACIFIC ISLANDER,Lila,11,39
2014,FEMALE,ASIAN AND PACIFIC ISLANDER,Inaaya,11,39
2014,FEMALE,ASIAN AND PACIFIC ISLANDER,Queena,11,39
2014,FEMALE,ASIAN AND PACIFIC ISLANDER,Aarya,10,40
2014,FEMALE,ASIAN AND PACIFIC ISLANDER,Amina,10,40
2014,FEMALE,ASIAN AND PACIFIC ISLANDER,Anya,10,40
2014,FEMALE,ASIAN AND PACIFIC ISLANDER,Kate,10,40
2014,FEMALE,ASIAN AND PACIFIC ISLANDER,Khadija,10,40
2014,FEMALE,ASIAN AND PACIFIC ISLANDER,Aarya,10,40
2014,FEMALE,ASIAN AND PACIFIC ISLANDER,Anayah,10,40
2014,FEMALE,ASIAN AND PACIFIC ISLANDER,Arisha,10,40
2014,FEMALE,ASIAN AND PACIFIC ISLANDER,Luna,10,40
2014,FEMALE,ASIAN AND PACIFIC ISLANDER,Cecilia,10,40
2014,FEMALE,ASIAN AND PACIFIC ISLANDER,Madeline,10,40
2014,FEMALE,ASIAN AND PACIFIC ISLANDER,Priscilla,10,40
2014,FEMALE,ASIAN AND PACIFIC ISLANDER,Arisha,10,40
2014,FEMALE,ASIAN AND PACIFIC ISLANDER,Madeline,10,40
2014,FEMALE,ASIAN AND PACIFIC ISLANDER,Priscilla,10,40
2014,FEMALE,ASIAN AND PACIFIC ISLANDER,Raina,10,40
2014,FEMALE,ASIAN AND PACIFIC ISLANDER,Riley,10,40
2014,FEMALE,ASIAN AND PACIFIC ISLANDER,Shreya,10,40
2014,FEMALE,ASIAN AND PACIFIC ISLANDER,Amina,10,40
2014,FEMALE,ASIAN AND PACIFIC ISLANDER,Anayah,10,40
2014,FEMALE,ASIAN AND PACIFIC ISLANDER,Doris,10,40
2014,FEMALE,ASIAN AND PACIFIC ISLANDER,Khadija,10,40
2014,FEMALE,ASIAN AND PACIFIC ISLANDER,Anya,10,40
2014,FEMALE,ASIAN AND PACIFIC ISLANDER,Shreya,10,40
2014,FEMALE,ASIAN AND PACIFIC ISLANDER,Luna,10,40
2014,FEMALE,ASIAN AND PACIFIC ISLANDER,Doris,10,40
2014,FEMALE,BLACK NON HISPANIC,Madison,130,1
2014,FEMALE,BLACK NON HISPANIC,Ava,78,2
2014,FEMALE,BLACK NON HISPANIC,Ava,78,2
2014,FEMALE,BLACK NON HISPANIC,Chloe,68,3
2014,FEMALE,BLACK NON HISPANIC,Chloe,68,3
2014,FEMALE,BLACK NON HISPANIC,Aaliyah,67,4
2014,FEMALE,BLACK NON HISPANIC,Aaliyah,67,4
2014,FEMALE,BLACK NON HISPANIC,Skylar,63,5
2014,FEMALE,BLACK NON HISPANIC,Skylar,63,5
2014,FEMALE,BLACK NON HISPANIC,London,61,6
2014,FEMALE,BLACK NON HISPANIC,Mia,61,6
2014,FEMALE,BLACK NON HISPANIC,London,61,6
2014,FEMALE,BLACK NON HISPANIC,Savannah,53,7
2014,FEMALE,BLACK NON HISPANIC,Savannah,53,7
2014,FEMALE,BLACK NON HISPANIC,Olivia,52,8
2014,FEMALE,BLACK NON HISPANIC,Isabella,47,9
2014,FEMALE,BLACK NON HISPANIC,Fatoumata,47,9
2014,FEMALE,BLACK NON HISPANIC,Fatoumata,47,9
2014,FEMALE,BLACK NON HISPANIC,Mariam,47,9
2014,FEMALE,BLACK NON HISPANIC,Mariam,47,9
2014,FEMALE,BLACK NON HISPANIC,Serenity,46,10
2014,FEMALE,BLACK NON HISPANIC,Taylor,45,11
2014,FEMALE,BLACK NON HISPANIC,Ariel,45,11
2014,FEMALE,BLACK NON HISPANIC,Ariel,45,11
2014,FEMALE,BLACK NON HISPANIC,Taylor,45,11
2014,FEMALE,BLACK NON HISPANIC,Abigail,41,12
2014,FEMALE,BLACK NON HISPANIC,Abigail,41,12
2014,FEMALE,BLACK NON HISPANIC,Autumn,41,12
2014,FEMALE,BLACK NON HISPANIC,Autumn,41,12
2014,FEMALE,BLACK NON HISPANIC,Makayla,40,13
2014,FEMALE,BLACK NON HISPANIC,Faith,40,13
2014,FEMALE,BLACK NON HISPANIC,Khloe,39,14
2014,FEMALE,BLACK NON HISPANIC,Lauren,37,15
2014,FEMALE,BLACK NON HISPANIC,Emily,37,15
2014,FEMALE,BLACK NON HISPANIC,Gabrielle,37,15
2014,FEMALE,BLACK NON HISPANIC,Arianna,37,15
2014,FEMALE,BLACK NON HISPANIC,Arianna,37,15
2014,FEMALE,BLACK NON HISPANIC,Emily,37,15
2014,FEMALE,BLACK NON HISPANIC,Lauren,37,15
2014,FEMALE,BLACK NON HISPANIC,Gabrielle,37,15
2014,FEMALE,BLACK NON HISPANIC,Morgan,36,16
2014,FEMALE,BLACK NON HISPANIC,Sophia,36,16
2014,FEMALE,BLACK NON HISPANIC,Sophia,36,16
2014,FEMALE,BLACK NON HISPANIC,Kayla,36,16
2014,FEMALE,BLACK NON HISPANIC,Morgan,36,16
2014,FEMALE,BLACK NON HISPANIC,Kayla,36,16
2014,FEMALE,BLACK NON HISPANIC,Maya,36,16
2014,FEMALE,BLACK NON HISPANIC,Nyla,36,16
2014,FEMALE,BLACK NON HISPANIC,Leah,36,16
2014,FEMALE,BLACK NON HISPANIC,Nyla,36,16
2014,FEMALE,BLACK NON HISPANIC,Nylah,34,17
2014,FEMALE,BLACK NON HISPANIC,Nylah,34,17
2014,FEMALE,BLACK NON HISPANIC,Peyton,34,17
2014,FEMALE,BLACK NON HISPANIC,Peyton,34,17
2014,FEMALE,BLACK NON HISPANIC,Amaya,33,18
2014,FEMALE,BLACK NON HISPANIC,Amaya,33,18
2014,FEMALE,BLACK NON HISPANIC,Zoey,32,19
2014,FEMALE,BLACK NON HISPANIC,Naomi,32,19
2014,FEMALE,BLACK NON HISPANIC,Naomi,32,19
2014,FEMALE,BLACK NON HISPANIC,Fatima,32,19
2014,FEMALE,BLACK NON HISPANIC,Fatima,32,19
2014,FEMALE,BLACK NON HISPANIC,Zoey,32,19
2014,FEMALE,BLACK NON HISPANIC,Nia,31,20
2014,FEMALE,BLACK NON HISPANIC,Nevaeh,31,20
2014,FEMALE,BLACK NON HISPANIC,Nevaeh,31,20
2014,FEMALE,BLACK NON HISPANIC,Nia,31,20
2014,FEMALE,BLACK NON HISPANIC,Kylie,30,21
2014,FEMALE,BLACK NON HISPANIC,McKenzie,30,21
2014,FEMALE,BLACK NON HISPANIC,Brielle,30,21
2014,FEMALE,BLACK NON HISPANIC,Kylie,30,21
2014,FEMALE,BLACK NON HISPANIC,Chelsea,30,21
2014,FEMALE,BLACK NON HISPANIC,Victoria,30,21
2014,FEMALE,BLACK NON HISPANIC,Chelsea,30,21
2014,FEMALE,BLACK NON HISPANIC,Brielle,30,21
2014,FEMALE,BLACK NON HISPANIC,McKenzie,30,21
2014,FEMALE,BLACK NON HISPANIC,Paris,29,22
2014,FEMALE,BLACK NON HISPANIC,Paris,29,22
2014,FEMALE,BLACK NON HISPANIC,Aminata,29,22
2014,FEMALE,BLACK NON HISPANIC,Aminata,29,22
2014,FEMALE,BLACK NON HISPANIC,Destiny,28,23
2014,FEMALE,BLACK NON HISPANIC,Skyla,28,23
2014,FEMALE,BLACK NON HISPANIC,Gabriella,28,23
2014,FEMALE,BLACK NON HISPANIC,Skyla,28,23
2014,FEMALE,BLACK NON HISPANIC,Gabriella,28,23
2014,FEMALE,BLACK NON HISPANIC,Amelia,28,23
2014,FEMALE,BLACK NON HISPANIC,Paige,28,23
2014,FEMALE,BLACK NON HISPANIC,Destiny,28,23
2014,FEMALE,BLACK NON HISPANIC,Paige,28,23
2014,FEMALE,BLACK NON HISPANIC,Laila,27,24
2014,FEMALE,BLACK NON HISPANIC,Laila,27,24
2014,FEMALE,BLACK NON HISPANIC,Amina,27,24
2014,FEMALE,BLACK NON HISPANIC,Amina,27,24
2014,FEMALE,BLACK NON HISPANIC,Mya,26,25
2014,FEMALE,BLACK NON HISPANIC,Londyn,26,25
2014,FEMALE,BLACK NON HISPANIC,Layla,26,25
2014,FEMALE,BLACK NON HISPANIC,Mya,26,25
2014,FEMALE,BLACK NON HISPANIC,Milan,26,25
2014,FEMALE,BLACK NON HISPANIC,Londyn,26,25
2014,FEMALE,BLACK NON HISPANIC,Milan,26,25
2014,FEMALE,BLACK NON HISPANIC,Jayla,25,26
2014,FEMALE,BLACK NON HISPANIC,Elizabeth,25,26
2014,FEMALE,BLACK NON HISPANIC,Heaven,25,26
2014,FEMALE,BLACK NON HISPANIC,Kennedy,25,26
2014,FEMALE,BLACK NON HISPANIC,Kennedy,25,26
2014,FEMALE,BLACK NON HISPANIC,Heaven,25,26
2014,FEMALE,BLACK NON HISPANIC,Jasmine,25,26
2014,FEMALE,BLACK NON HISPANIC,Avery,25,26
2014,FEMALE,BLACK NON HISPANIC,Avery,25,26
2014,FEMALE,BLACK NON HISPANIC,Jayla,25,26
2014,FEMALE,BLACK NON HISPANIC,Elizabeth,25,26
2014,FEMALE,BLACK NON HISPANIC,Jasmine,25,26
2014,FEMALE,BLACK NON HISPANIC,Kaitlyn,24,27
2014,FEMALE,BLACK NON HISPANIC,Skylah,24,27
2014,FEMALE,BLACK NON HISPANIC,Imani,24,27
2014,FEMALE,BLACK NON HISPANIC,Alyssa,24,27
2014,FEMALE,BLACK NON HISPANIC,Brianna,24,27
2014,FEMALE,BLACK NON HISPANIC,Kaylee,24,27
2014,FEMALE,BLACK NON HISPANIC,Ariana,24,27
2014,FEMALE,BLACK NON HISPANIC,Kaitlyn,24,27
2014,FEMALE,BLACK NON HISPANIC,Skylah,24,27
2014,FEMALE,BLACK NON HISPANIC,Ariana,24,27
2014,FEMALE,BLACK NON HISPANIC,Alyssa,24,27
2014,FEMALE,BLACK NON HISPANIC,Brianna,24,27
2014,FEMALE,BLACK NON HISPANIC,Kaylee,24,27
2014,FEMALE,BLACK NON HISPANIC,Aliyah,23,28
2014,FEMALE,BLACK NON HISPANIC,Eliana,23,28
2014,FEMALE,BLACK NON HISPANIC,Eliana,23,28
2014,FEMALE,BLACK NON HISPANIC,Zoe,23,28
2014,FEMALE,BLACK NON HISPANIC,Aliyah,23,28
2014,FEMALE,BLACK NON HISPANIC,Aicha,23,28
2014,FEMALE,BLACK NON HISPANIC,Aicha,23,28
2014,FEMALE,BLACK NON HISPANIC,Emma,23,28
2014,FEMALE,BLACK NON HISPANIC,Emma,23,28
2014,FEMALE,BLACK NON HISPANIC,Mariah,22,29
2014,FEMALE,BLACK NON HISPANIC,Jade,22,29
2014,FEMALE,BLACK NON HISPANIC,Michelle,22,29
2014,FEMALE,BLACK NON HISPANIC,Michelle,22,29
2014,FEMALE,BLACK NON HISPANIC,Sarah,22,29
2014,FEMALE,BLACK NON HISPANIC,Zuri,21,30
2014,FEMALE,BLACK NON HISPANIC,Sydney,21,30
2014,FEMALE,BLACK NON HISPANIC,Aubrey,21,30
2014,FEMALE,BLACK NON HISPANIC,Zuri,21,30
2014,FEMALE,BLACK NON HISPANIC,Sydney,21,30
2014,FEMALE,BLACK NON HISPANIC,Jordyn,21,30
2014,FEMALE,BLACK NON HISPANIC,Jordyn,21,30
2014,FEMALE,BLACK NON HISPANIC,Aubrey,21,30
2014,FEMALE,BLACK NON HISPANIC,Hailey,21,30
2014,FEMALE,BLACK NON HISPANIC,Riley,20,31
2014,FEMALE,BLACK NON HISPANIC,Maliyah,20,31
2014,FEMALE,BLACK NON HISPANIC,Maliyah,20,31
2014,FEMALE,BLACK NON HISPANIC,Isabelle,20,31
2014,FEMALE,BLACK NON HISPANIC,Grace,20,31
2014,FEMALE,BLACK NON HISPANIC,Isabelle,20,31
2014,FEMALE,BLACK NON HISPANIC,Genesis,20,31
2014,FEMALE,BLACK NON HISPANIC,Grace,20,31
2014,FEMALE,BLACK NON HISPANIC,Genesis,20,31
2014,FEMALE,BLACK NON HISPANIC,Trinity,19,32
2014,FEMALE,BLACK NON HISPANIC,Aria,19,32
2014,FEMALE,BLACK NON HISPANIC,Trinity,19,32
2014,FEMALE,BLACK NON HISPANIC,Aria,19,32
2014,FEMALE,BLACK NON HISPANIC,Jada,18,33
2014,FEMALE,BLACK NON HISPANIC,Jada,18,33
2014,FEMALE,BLACK NON HISPANIC,Tori,18,33
2014,FEMALE,BLACK NON HISPANIC,Malia,18,33
2014,FEMALE,BLACK NON HISPANIC,Malia,18,33
2014,FEMALE,BLACK NON HISPANIC,Amiyah,18,33
2014,FEMALE,BLACK NON HISPANIC,Amiyah,18,33
2014,FEMALE,BLACK NON HISPANIC,Tori,18,33
2014,FEMALE,BLACK NON HISPANIC,Hannah,17,34
2014,FEMALE,BLACK NON HISPANIC,Cali,17,34
2014,FEMALE,BLACK NON HISPANIC,Mikayla,17,34
2014,FEMALE,BLACK NON HISPANIC,Skye,17,34
2014,FEMALE,BLACK NON HISPANIC,Hannah,17,34
2014,FEMALE,BLACK NON HISPANIC,Harmony,17,34
2014,FEMALE,BLACK NON HISPANIC,Harmony,17,34
2014,FEMALE,BLACK NON HISPANIC,Skye,17,34
2014,FEMALE,BLACK NON HISPANIC,Ashley,17,34
2014,FEMALE,BLACK NON HISPANIC,Ashley,17,34
2014,FEMALE,BLACK NON HISPANIC,Aniyah,17,34
2014,FEMALE,BLACK NON HISPANIC,Cali,17,34
2014,FEMALE,BLACK NON HISPANIC,Aniyah,17,34
2014,FEMALE,BLACK NON HISPANIC,Mariama,16,35
2014,FEMALE,BLACK NON HISPANIC,Eva,16,35
2014,FEMALE,BLACK NON HISPANIC,Mariama,16,35
2014,FEMALE,BLACK NON HISPANIC,Alana,16,35
2014,FEMALE,BLACK NON HISPANIC,Alana,16,35
2014,FEMALE,BLACK NON HISPANIC,Winter,16,35
2014,FEMALE,BLACK NON HISPANIC,Winter,16,35
2014,FEMALE,BLACK NON HISPANIC,Arielle,15,36
2014,FEMALE,BLACK NON HISPANIC,Sanai,15,36
2014,FEMALE,BLACK NON HISPANIC,Arielle,15,36
2014,FEMALE,BLACK NON HISPANIC,Lyric,15,36
2014,FEMALE,BLACK NON HISPANIC,Mackenzie,15,36
2014,FEMALE,BLACK NON HISPANIC,Amira,15,36
2014,FEMALE,BLACK NON HISPANIC,Sarai,15,36
2014,FEMALE,BLACK NON HISPANIC,Kiara,15,36
2014,FEMALE,BLACK NON HISPANIC,Sanai,15,36
2014,FEMALE,BLACK NON HISPANIC,Mackenzie,15,36
2014,FEMALE,BLACK NON HISPANIC,Aisha,15,36
2014,FEMALE,BLACK NON HISPANIC,Sarai,15,36
2014,FEMALE,BLACK NON HISPANIC,Lyric,15,36
2014,FEMALE,BLACK NON HISPANIC,Kiara,15,36
2014,FEMALE,BLACK NON HISPANIC,Amira,15,36
2014,FEMALE,BLACK NON HISPANIC,Bella,15,36
2014,FEMALE,BLACK NON HISPANIC,Angelina,14,37
2014,FEMALE,BLACK NON HISPANIC,Malaysia,14,37
2014,FEMALE,BLACK NON HISPANIC,Samantha,14,37
2014,FEMALE,BLACK NON HISPANIC,Sanaa,14,37
2014,FEMALE,BLACK NON HISPANIC,Hawa,14,37
2014,FEMALE,BLACK NON HISPANIC,Brooklyn,14,37
2014,FEMALE,BLACK NON HISPANIC,Malaysia,14,37
2014,FEMALE,BLACK NON HISPANIC,Madisyn,14,37
2014,FEMALE,BLACK NON HISPANIC,Logan,14,37
2014,FEMALE,BLACK NON HISPANIC,Kelsey,14,37
2014,FEMALE,BLACK NON HISPANIC,Gianna,14,37
2014,FEMALE,BLACK NON HISPANIC,Kelsey,14,37
2014,FEMALE,BLACK NON HISPANIC,Violet,14,37
2014,FEMALE,BLACK NON HISPANIC,Zara,14,37
2014,FEMALE,BLACK NON HISPANIC,Zara,14,37
2014,FEMALE,BLACK NON HISPANIC,Madisyn,14,37
2014,FEMALE,BLACK NON HISPANIC,Logan,14,37
2014,FEMALE,BLACK NON HISPANIC,Angelina,14,37
2014,FEMALE,BLACK NON HISPANIC,Annabelle,14,37
2014,FEMALE,BLACK NON HISPANIC,Samantha,14,37
2014,FEMALE,BLACK NON HISPANIC,Sanaa,14,37
2014,FEMALE,BLACK NON HISPANIC,Hawa,14,37
2014,FEMALE,BLACK NON HISPANIC,Brooklyn,14,37
2014,FEMALE,BLACK NON HISPANIC,Gianna,14,37
2014,FEMALE,BLACK NON HISPANIC,Jayda,13,38
2014,FEMALE,BLACK NON HISPANIC,Nahla,13,38
2014,FEMALE,BLACK NON HISPANIC,Tianna,13,38
2014,FEMALE,BLACK NON HISPANIC,Zendaya,13,38
2014,FEMALE,BLACK NON HISPANIC,Alexis,13,38
2014,FEMALE,BLACK NON HISPANIC,Journey,13,38
2014,FEMALE,BLACK NON HISPANIC,Kimora,13,38
2014,FEMALE,BLACK NON HISPANIC,Dakota,13,38
2014,FEMALE,BLACK NON HISPANIC,Journey,13,38
2014,FEMALE,BLACK NON HISPANIC,Miracle,13,38
2014,FEMALE,BLACK NON HISPANIC,Jordan,13,38
2014,FEMALE,BLACK NON HISPANIC,Zendaya,13,38
2014,FEMALE,BLACK NON HISPANIC,Oumou,13,38
2014,FEMALE,BLACK NON HISPANIC,Dakota,13,38
2014,FEMALE,BLACK NON HISPANIC,Aissatou,13,38
2014,FEMALE,BLACK NON HISPANIC,Leilani,13,38
2014,FEMALE,BLACK NON HISPANIC,Nahla,13,38
2014,FEMALE,BLACK NON HISPANIC,Leilani,13,38
2014,FEMALE,BLACK NON HISPANIC,Khadijah,13,38
2014,FEMALE,BLACK NON HISPANIC,Khadijah,13,38
2014,FEMALE,BLACK NON HISPANIC,Tiana,13,38
2014,FEMALE,BLACK NON HISPANIC,Aissatou,13,38
2014,FEMALE,BLACK NON HISPANIC,Jayda,13,38
2014,FEMALE,BLACK NON HISPANIC,Oumou,13,38
2014,FEMALE,BLACK NON HISPANIC,Jordan,13,38
2014,FEMALE,BLACK NON HISPANIC,Tianna,13,38
2014,FEMALE,BLACK NON HISPANIC,Kimora,13,38
2014,FEMALE,BLACK NON HISPANIC,Alexis,13,38
2014,FEMALE,BLACK NON HISPANIC,Tiana,13,38
2014,FEMALE,BLACK NON HISPANIC,Amara,12,39
2014,FEMALE,BLACK NON HISPANIC,Sariah,12,39
2014,FEMALE,BLACK NON HISPANIC,Fanta,12,39
2014,FEMALE,BLACK NON HISPANIC,Sariah,12,39
2014,FEMALE,BLACK NON HISPANIC,Aubree,12,39
2014,FEMALE,BLACK NON HISPANIC,Wynter,12,39
2014,FEMALE,BLACK NON HISPANIC,Kali,12,39
2014,FEMALE,BLACK NON HISPANIC,Janelle,12,39
2014,FEMALE,BLACK NON HISPANIC,Danielle,12,39
2014,FEMALE,BLACK NON HISPANIC,Fanta,12,39
2014,FEMALE,BLACK NON HISPANIC,Sofia,12,39
2014,FEMALE,BLACK NON HISPANIC,Danielle,12,39
2014,FEMALE,BLACK NON HISPANIC,Sofia,12,39
2014,FEMALE,BLACK NON HISPANIC,Kali,12,39
2014,FEMALE,BLACK NON HISPANIC,Janelle,12,39
2014,FEMALE,BLACK NON HISPANIC,Aubree,12,39
2014,FEMALE,BLACK NON HISPANIC,Amara,12,39
2014,FEMALE,BLACK NON HISPANIC,Wynter,12,39
2014,FEMALE,BLACK NON HISPANIC,Joy,11,40
2014,FEMALE,BLACK NON HISPANIC,Charlotte,11,40
2014,FEMALE,BLACK NON HISPANIC,Journee,11,40
2014,FEMALE,BLACK NON HISPANIC,Hope,11,40
2014,FEMALE,BLACK NON HISPANIC,Nova,11,40
2014,FEMALE,BLACK NON HISPANIC,Ella,11,40
2014,FEMALE,BLACK NON HISPANIC,Egypt,11,40
2014,FEMALE,BLACK NON HISPANIC,Kyla,11,40
2014,FEMALE,BLACK NON HISPANIC,Mila,11,40
2014,FEMALE,BLACK NON HISPANIC,Blessing,11,40
2014,FEMALE,BLACK NON HISPANIC,Hope,11,40
2014,FEMALE,BLACK NON HISPANIC,Kyla,11,40
2014,FEMALE,BLACK NON HISPANIC,Aniya,11,40
2014,FEMALE,BLACK NON HISPANIC,Lillian,11,40
2014,FEMALE,BLACK NON HISPANIC,Charlotte,11,40
2014,FEMALE,BLACK NON HISPANIC,Aniya,11,40
2014,FEMALE,BLACK NON HISPANIC,Brooke,11,40
2014,FEMALE,BLACK NON HISPANIC,Lillian,11,40
2014,FEMALE,BLACK NON HISPANIC,Ella,11,40
2014,FEMALE,BLACK NON HISPANIC,Nova,11,40
2014,FEMALE,BLACK NON HISPANIC,Blessing,11,40
2014,FEMALE,BLACK NON HISPANIC,Melanie,11,40
2014,FEMALE,BLACK NON HISPANIC,Brooke,11,40
2014,FEMALE,BLACK NON HISPANIC,Mila,11,40
2014,FEMALE,BLACK NON HISPANIC,Chanel,11,40
2014,FEMALE,BLACK NON HISPANIC,Adrianna,11,40
2014,FEMALE,BLACK NON HISPANIC,Joy,11,40
2014,FEMALE,BLACK NON HISPANIC,Melanie,11,40
2014,FEMALE,BLACK NON HISPANIC,Chanel,11,40
2014,FEMALE,BLACK NON HISPANIC,Adrianna,11,40
2014,FEMALE,BLACK NON HISPANIC,Journee,11,40
2014,FEMALE,BLACK NON HISPANIC,Summer,10,41
2014,FEMALE,BLACK NON HISPANIC,Fatou,10,41
2014,FEMALE,BLACK NON HISPANIC,Lailah,10,41
2014,FEMALE,BLACK NON HISPANIC,Kristen,10,41
2014,FEMALE,BLACK NON HISPANIC,Alexandria,10,41
2014,FEMALE,BLACK NON HISPANIC,Skyler,10,41
2014,FEMALE,BLACK NON HISPANIC,Alexandria,10,41
2014,FEMALE,BLACK NON HISPANIC,Amia,10,41
2014,FEMALE,BLACK NON HISPANIC,Amirah,10,41
2014,FEMALE,BLACK NON HISPANIC,Amiya,10,41
2014,FEMALE,BLACK NON HISPANIC,Amia,10,41
2014,FEMALE,BLACK NON HISPANIC,Amirah,10,41
2014,FEMALE,BLACK NON HISPANIC,Christina,10,41
2014,FEMALE,BLACK NON HISPANIC,Fatou,10,41
2014,FEMALE,BLACK NON HISPANIC,Kadiatou,10,41
2014,FEMALE,BLACK NON HISPANIC,Kadiatou,10,41
2014,FEMALE,BLACK NON HISPANIC,Kristen,10,41
2014,FEMALE,BLACK NON HISPANIC,Maryam,10,41
2014,FEMALE,BLACK NON HISPANIC,Kylee,10,41
2014,FEMALE,BLACK NON HISPANIC,Lailah,10,41
2014,FEMALE,BLACK NON HISPANIC,Lauryn,10,41
2014,FEMALE,BLACK NON HISPANIC,Kylee,10,41
2014,FEMALE,BLACK NON HISPANIC,Maryam,10,41
2014,FEMALE,BLACK NON HISPANIC,Penelope,10,41
2014,FEMALE,BLACK NON HISPANIC,Phoenix,10,41
2014,FEMALE,BLACK NON HISPANIC,Saniyah,10,41
2014,FEMALE,BLACK NON HISPANIC,Shiloh,10,41
2014,FEMALE,BLACK NON HISPANIC,Shiloh,10,41
2014,FEMALE,BLACK NON HISPANIC,Skyler,10,41
2014,FEMALE,BLACK NON HISPANIC,Summer,10,41
2014,FEMALE,BLACK NON HISPANIC,Zaniyah,10,41
2014,FEMALE,BLACK NON HISPANIC,Zariah,10,41
2014,FEMALE,BLACK NON HISPANIC,Lauryn,10,41
2014,FEMALE,BLACK NON HISPANIC,Christina,10,41
2014,FEMALE,BLACK NON HISPANIC,Zaniyah,10,41
2014,FEMALE,BLACK NON HISPANIC,Phoenix,10,41
2014,FEMALE,BLACK NON HISPANIC,Amiya,10,41
2014,FEMALE,HISPANIC,Isabella,331,1
2014,FEMALE,HISPANIC,Sophia,259,2
2014,FEMALE,HISPANIC,Mia,255,3
2014,FEMALE,HISPANIC,Sofia,199,4
2014,FEMALE,HISPANIC,Camila,193,5
2014,FEMALE,HISPANIC,Emily,170,6
2014,FEMALE,HISPANIC,Emily,170,6
2014,FEMALE,HISPANIC,Emma,167,7
2014,FEMALE,HISPANIC,Emma,167,7
2014,FEMALE,HISPANIC,Victoria,148,8
2014,FEMALE,HISPANIC,Victoria,148,8
2014,FEMALE,HISPANIC,Ashley,139,9
2014,FEMALE,HISPANIC,Ashley,139,9
2014,FEMALE,HISPANIC,Valentina,135,10
2014,FEMALE,HISPANIC,Valentina,135,10
2014,FEMALE,HISPANIC,Melanie,106,11
2014,FEMALE,HISPANIC,Melanie,106,11
2014,FEMALE,HISPANIC,Abigail,104,12
2014,FEMALE,HISPANIC,Allison,103,13
2014,FEMALE,HISPANIC,Allison,103,13
2014,FEMALE,HISPANIC,Genesis,102,14
2014,FEMALE,HISPANIC,Genesis,102,14
2014,FEMALE,HISPANIC,Leah,100,15
2014,FEMALE,HISPANIC,Olivia,96,16
2014,FEMALE,HISPANIC,Olivia,96,16
2014,FEMALE,HISPANIC,Ariana,94,17
2014,FEMALE,HISPANIC,Ariana,94,17
2014,FEMALE,HISPANIC,Hailey,92,18
2014,FEMALE,HISPANIC,Samantha,91,19
2014,FEMALE,HISPANIC,Samantha,91,19
2014,FEMALE,HISPANIC,Madison,90,20
2014,FEMALE,HISPANIC,Madison,90,20
2014,FEMALE,HISPANIC,Zoe,87,21
2014,FEMALE,HISPANIC,Brianna,86,22
2014,FEMALE,HISPANIC,Brianna,86,22
2014,FEMALE,HISPANIC,Arianna,85,23
2014,FEMALE,HISPANIC,Scarlett,80,24
2014,FEMALE,HISPANIC,Scarlett,80,24
2014,FEMALE,HISPANIC,Ava,79,25
2014,FEMALE,HISPANIC,Gabriella,78,26
2014,FEMALE,HISPANIC,Kaylee,76,27
2014,FEMALE,HISPANIC,Amy,73,28
2014,FEMALE,HISPANIC,Amy,73,28
2014,FEMALE,HISPANIC,Kimberly,72,29
2014,FEMALE,HISPANIC,Kimberly,72,29
2014,FEMALE,HISPANIC,Alexa,71,30
2014,FEMALE,HISPANIC,Alexa,71,30
2014,FEMALE,HISPANIC,Khloe,68,31
2014,FEMALE,HISPANIC,Khloe,68,31
2014,FEMALE,HISPANIC,Chloe,68,31
2014,FEMALE,HISPANIC,Chloe,68,31
2014,FEMALE,HISPANIC,Bella,62,32
2014,FEMALE,HISPANIC,Emely,60,33
2014,FEMALE,HISPANIC,Amelia,60,33
2014,FEMALE,HISPANIC,Amelia,60,33
2014,FEMALE,HISPANIC,Emely,60,33
2014,FEMALE,HISPANIC,Penelope,58,34
2014,FEMALE,HISPANIC,Penelope,58,34
2014,FEMALE,HISPANIC,Valerie,57,35
2014,FEMALE,HISPANIC,Valerie,57,35
2014,FEMALE,HISPANIC,Maria,57,35
2014,FEMALE,HISPANIC,Aaliyah,55,36
2014,FEMALE,HISPANIC,Aaliyah,55,36
2014,FEMALE,HISPANIC,Kylie,52,37
2014,FEMALE,HISPANIC,Layla,50,38
2014,FEMALE,HISPANIC,Layla,50,38
2014,FEMALE,HISPANIC,Daniela,50,38
2014,FEMALE,HISPANIC,Daniela,50,38
2014,FEMALE,HISPANIC,Nicole,48,39
2014,FEMALE,HISPANIC,Nicole,48,39
2014,FEMALE,HISPANIC,Mila,46,40
2014,FEMALE,HISPANIC,Andrea,46,40
2014,FEMALE,HISPANIC,Aylin,45,41
2014,FEMALE,HISPANIC,Maya,45,41
2014,FEMALE,HISPANIC,Aylin,45,41
2014,FEMALE,HISPANIC,Gabriela,45,41
2014,FEMALE,HISPANIC,Gabriela,45,41
2014,FEMALE,HISPANIC,Aubrey,45,41
2014,FEMALE,HISPANIC,Natalia,45,41
2014,FEMALE,HISPANIC,Maya,45,41
2014,FEMALE,HISPANIC,Aubrey,45,41
2014,FEMALE,HISPANIC,Michelle,44,42
2014,FEMALE,HISPANIC,Kayla,44,42
2014,FEMALE,HISPANIC,Kayla,44,42
2014,FEMALE,HISPANIC,Gianna,43,43
2014,FEMALE,HISPANIC,Gianna,43,43
2014,FEMALE,HISPANIC,Savannah,43,43
2014,FEMALE,HISPANIC,Savannah,43,43
2014,FEMALE,HISPANIC,Isabel,42,44
2014,FEMALE,HISPANIC,Isabel,42,44
2014,FEMALE,HISPANIC,Luna,42,44
2014,FEMALE,HISPANIC,Luna,42,44
2014,FEMALE,HISPANIC,Adriana,42,44
2014,FEMALE,HISPANIC,Adriana,42,44
2014,FEMALE,HISPANIC,Grace,41,45
2014,FEMALE,HISPANIC,Delilah,41,45
2014,FEMALE,HISPANIC,Jade,41,45
2014,FEMALE,HISPANIC,Jade,41,45
2014,FEMALE,HISPANIC,Grace,41,45
2014,FEMALE,HISPANIC,Delilah,41,45
2014,FEMALE,HISPANIC,Elizabeth,40,46
2014,FEMALE,HISPANIC,Elizabeth,40,46
2014,FEMALE,HISPANIC,Melany,39,47
2014,FEMALE,HISPANIC,Sarah,39,47
2014,FEMALE,HISPANIC,Sarah,39,47
2014,FEMALE,HISPANIC,Melany,39,47
2014,FEMALE,HISPANIC,Stephanie,39,47
2014,FEMALE,HISPANIC,Serenity,35,48
2014,FEMALE,HISPANIC,Serenity,35,48
2014,FEMALE,HISPANIC,Brittany,34,49
2014,FEMALE,HISPANIC,Brittany,34,49
2014,FEMALE,HISPANIC,Zoey,34,49
2014,FEMALE,HISPANIC,Chelsea,34,49
2014,FEMALE,HISPANIC,Valeria,34,49
2014,FEMALE,HISPANIC,Valeria,34,49
2014,FEMALE,HISPANIC,Jennifer,34,49
2014,FEMALE,HISPANIC,Leslie,34,49
2014,FEMALE,HISPANIC,Jasmine,34,49
2014,FEMALE,HISPANIC,Jennifer,34,49
2014,FEMALE,HISPANIC,Kiara,34,49
2014,FEMALE,HISPANIC,Angelina,34,49
2014,FEMALE,HISPANIC,Angelina,34,49
2014,FEMALE,HISPANIC,Chelsea,34,49
2014,FEMALE,HISPANIC,Jasmine,34,49
2014,FEMALE,HISPANIC,Kiara,34,49
2014,FEMALE,HISPANIC,Leslie,34,49
2014,FEMALE,HISPANIC,Jazmin,33,50
2014,FEMALE,HISPANIC,Ana,33,50
2014,FEMALE,HISPANIC,Diana,33,50
2014,FEMALE,HISPANIC,Ana,33,50
2014,FEMALE,HISPANIC,Eva,33,50
2014,FEMALE,HISPANIC,Eva,33,50
2014,FEMALE,HISPANIC,Katherine,33,50
2014,FEMALE,HISPANIC,Jazmin,33,50
2014,FEMALE,HISPANIC,Diana,33,50
2014,FEMALE,HISPANIC,Katherine,33,50
2014,FEMALE,HISPANIC,Rose,32,51
2014,FEMALE,HISPANIC,Giselle,32,51
2014,FEMALE,HISPANIC,Jocelyn,32,51
2014,FEMALE,HISPANIC,Elena,32,51
2014,FEMALE,HISPANIC,Faith,32,51
2014,FEMALE,HISPANIC,Daniella,32,51
2014,FEMALE,HISPANIC,Daniella,32,51
2014,FEMALE,HISPANIC,Evelyn,32,51
2014,FEMALE,HISPANIC,Faith,32,51
2014,FEMALE,HISPANIC,Evelyn,32,51
2014,FEMALE,HISPANIC,Rose,32,51
2014,FEMALE,HISPANIC,Elena,32,51
2014,FEMALE,HISPANIC,Alyssa,31,52
2014,FEMALE,HISPANIC,Danna,31,52
2014,FEMALE,HISPANIC,Alexandra,31,52
2014,FEMALE,HISPANIC,Amanda,31,52
2014,FEMALE,HISPANIC,Alexandra,31,52
2014,FEMALE,HISPANIC,Alyssa,31,52
2014,FEMALE,HISPANIC,Charlotte,31,52
2014,FEMALE,HISPANIC,Charlotte,31,52
2014,FEMALE,HISPANIC,Angelica,30,53
2014,FEMALE,HISPANIC,Angelica,30,53
2014,FEMALE,HISPANIC,Alina,30,53
2014,FEMALE,HISPANIC,Alina,30,53
2014,FEMALE,HISPANIC,London,29,54
2014,FEMALE,HISPANIC,London,29,54
2014,FEMALE,HISPANIC,Eliana,29,54
2014,FEMALE,HISPANIC,Guadalupe,29,54
2014,FEMALE,HISPANIC,Guadalupe,29,54
2014,FEMALE,HISPANIC,Vanessa,29,54
2014,FEMALE,HISPANIC,Melissa,29,54
2014,FEMALE,HISPANIC,Melissa,29,54
2014,FEMALE,HISPANIC,Vanessa,29,54
2014,FEMALE,HISPANIC,Aria,28,55
2014,FEMALE,HISPANIC,Natalie,28,55
2014,FEMALE,HISPANIC,Natalie,28,55
2014,FEMALE,HISPANIC,Aria,28,55
2014,FEMALE,HISPANIC,Avery,28,55
2014,FEMALE,HISPANIC,Naomi,27,56
2014,FEMALE,HISPANIC,Mya,27,56
2014,FEMALE,HISPANIC,Juliana,27,56
2014,FEMALE,HISPANIC,Violet,27,56
2014,FEMALE,HISPANIC,Amaya,27,56
2014,FEMALE,HISPANIC,Naomi,27,56
2014,FEMALE,HISPANIC,Isabelle,27,56
2014,FEMALE,HISPANIC,Amaya,27,56
2014,FEMALE,HISPANIC,Juliana,27,56
2014,FEMALE,HISPANIC,Violet,27,56
2014,FEMALE,HISPANIC,Isabelle,27,56
2014,FEMALE,HISPANIC,Alanis,26,57
2014,FEMALE,HISPANIC,Ximena,26,57
2014,FEMALE,HISPANIC,Sophie,26,57
2014,FEMALE,HISPANIC,Alanis,26,57
2014,FEMALE,HISPANIC,Ximena,26,57
2014,FEMALE,HISPANIC,Sophie,26,57
2014,FEMALE,HISPANIC,Skylar,25,58
2014,FEMALE,HISPANIC,Jayleen,25,58
2014,FEMALE,HISPANIC,Jayleen,25,58
2014,FEMALE,HISPANIC,Skylar,25,58
2014,FEMALE,HISPANIC,Destiny,25,58
2014,FEMALE,HISPANIC,Kaitlyn,25,58
2014,FEMALE,HISPANIC,Destiny,25,58
2014,FEMALE,HISPANIC,Itzel,24,59
2014,FEMALE,HISPANIC,Nathalie,24,59
2014,FEMALE,HISPANIC,Laila,24,59
2014,FEMALE,HISPANIC,Nathalie,24,59
2014,FEMALE,HISPANIC,Itzel,24,59
2014,FEMALE,HISPANIC,Athena,23,60
2014,FEMALE,HISPANIC,Karla,23,60
2014,FEMALE,HISPANIC,Madeline,23,60
2014,FEMALE,HISPANIC,Taylor,23,60
2014,FEMALE,HISPANIC,Athena,23,60
2014,FEMALE,HISPANIC,Taylor,23,60
2014,FEMALE,HISPANIC,Karla,23,60
2014,FEMALE,HISPANIC,Madeline,23,60
2014,FEMALE,HISPANIC,Sherlyn,22,61
2014,FEMALE,HISPANIC,Ruby,22,61
2014,FEMALE,HISPANIC,Ruby,22,61
2014,FEMALE,HISPANIC,Melody,22,61
2014,FEMALE,HISPANIC,Melody,22,61
2014,FEMALE,HISPANIC,Jazlyn,22,61
2014,FEMALE,HISPANIC,Sherlyn,22,61
2014,FEMALE,HISPANIC,Bianca,22,61
2014,FEMALE,HISPANIC,Bianca,22,61
2014,FEMALE,HISPANIC,Jayla,22,61
2014,FEMALE,HISPANIC,Jayla,22,61
2014,FEMALE,HISPANIC,Jazlyn,22,61
2014,FEMALE,HISPANIC,Megan,21,62
2014,FEMALE,HISPANIC,Alison,21,62
2014,FEMALE,HISPANIC,Juliette,21,62
2014,FEMALE,HISPANIC,Sara,21,62
2014,FEMALE,HISPANIC,Juliette,21,62
2014,FEMALE,HISPANIC,Hannah,21,62
2014,FEMALE,HISPANIC,Emilia,21,62
2014,FEMALE,HISPANIC,Alison,21,62
2014,FEMALE,HISPANIC,Hannah,21,62
2014,FEMALE,HISPANIC,Sara,21,62
2014,FEMALE,HISPANIC,Megan,21,62
2014,FEMALE,HISPANIC,Kamila,21,62
2014,FEMALE,HISPANIC,Kamila,21,62
2014,FEMALE,HISPANIC,Emilia,21,62
2014,FEMALE,HISPANIC,Jessica,21,62
2014,FEMALE,HISPANIC,Tiffany,20,63
2014,FEMALE,HISPANIC,Julia,20,63
2014,FEMALE,HISPANIC,Esther,20,63
2014,FEMALE,HISPANIC,Esther,20,63
2014,FEMALE,HISPANIC,Aileen,20,63
2014,FEMALE,HISPANIC,Aileen,20,63
2014,FEMALE,HISPANIC,Tiffany,20,63
2014,FEMALE,HISPANIC,Yaretzi,20,63
2014,FEMALE,HISPANIC,Julia,20,63
2014,FEMALE,HISPANIC,Yaretzi,20,63
2014,FEMALE,HISPANIC,Lucia,19,64
2014,FEMALE,HISPANIC,Ella,19,64
2014,FEMALE,HISPANIC,Angie,19,64
2014,FEMALE,HISPANIC,Daisy,19,64
2014,FEMALE,HISPANIC,Julianna,19,64
2014,FEMALE,HISPANIC,Ariel,19,64
2014,FEMALE,HISPANIC,Karen,19,64
2014,FEMALE,HISPANIC,Lizbeth,19,64
2014,FEMALE,HISPANIC,Nathaly,19,64
2014,FEMALE,HISPANIC,Esmeralda,19,64
2014,FEMALE,HISPANIC,Lily,19,64
2014,FEMALE,HISPANIC,Aliyah,19,64
2014,FEMALE,HISPANIC,Alice,19,64
2014,FEMALE,HISPANIC,Julianna,19,64
2014,FEMALE,HISPANIC,Nashla,19,64
2014,FEMALE,HISPANIC,Alice,19,64
2014,FEMALE,HISPANIC,Lucia,19,64
2014,FEMALE,HISPANIC,Leila,19,64
2014,FEMALE,HISPANIC,Aliyah,19,64
2014,FEMALE,HISPANIC,Karen,19,64
2014,FEMALE,HISPANIC,Nathaly,19,64
2014,FEMALE,HISPANIC,Ariel,19,64
2014,FEMALE,HISPANIC,Catalina,19,64
2014,FEMALE,HISPANIC,Lily,19,64
2014,FEMALE,HISPANIC,Leila,19,64
2014,FEMALE,HISPANIC,Nashla,19,64
2014,FEMALE,HISPANIC,Ella,19,64
2014,FEMALE,HISPANIC,Esmeralda,19,64
2014,FEMALE,HISPANIC,Angie,19,64
2014,FEMALE,HISPANIC,Helen,18,65
2014,FEMALE,HISPANIC,Jacqueline,18,65
2014,FEMALE,HISPANIC,Adrianna,18,65
2014,FEMALE,HISPANIC,Aubree,18,65
2014,FEMALE,HISPANIC,Sabrina,18,65
2014,FEMALE,HISPANIC,Leilani,18,65
2014,FEMALE,HISPANIC,Melina,18,65
2014,FEMALE,HISPANIC,Luciana,18,65
2014,FEMALE,HISPANIC,Adrianna,18,65
2014,FEMALE,HISPANIC,Melina,18,65
2014,FEMALE,HISPANIC,Amber,18,65
2014,FEMALE,HISPANIC,Mariana,18,65
2014,FEMALE,HISPANIC,Luciana,18,65
2014,FEMALE,HISPANIC,Amber,18,65
2014,FEMALE,HISPANIC,Sabrina,18,65
2014,FEMALE,HISPANIC,Aubree,18,65
2014,FEMALE,HISPANIC,Mariana,18,65
2014,FEMALE,HISPANIC,Leilani,18,65
2014,FEMALE,HISPANIC,Lauren,18,65
2014,FEMALE,HISPANIC,Helen,18,65
2014,FEMALE,HISPANIC,Jacqueline,18,65
2014,FEMALE,HISPANIC,Angela,17,66
2014,FEMALE,HISPANIC,Sarai,17,66
2014,FEMALE,HISPANIC,Angela,17,66
2014,FEMALE,HISPANIC,Nayeli,17,66
2014,FEMALE,HISPANIC,Liliana,17,66
2014,FEMALE,HISPANIC,Alana,17,66
2014,FEMALE,HISPANIC,Audrey,17,66
2014,FEMALE,HISPANIC,Katelyn,17,66
2014,FEMALE,HISPANIC,Alejandra,17,66
2014,FEMALE,HISPANIC,Alana,17,66
2014,FEMALE,HISPANIC,Lia,17,66
2014,FEMALE,HISPANIC,Katelyn,17,66
2014,FEMALE,HISPANIC,Nayeli,17,66
2014,FEMALE,HISPANIC,Audrey,17,66
2014,FEMALE,HISPANIC,Angelique,17,66
2014,FEMALE,HISPANIC,Sarai,17,66
2014,FEMALE,HISPANIC,Alejandra,17,66
2014,FEMALE,HISPANIC,Angelique,17,66
2014,FEMALE,HISPANIC,Liliana,17,66
2014,FEMALE,HISPANIC,Lia,17,66
2014,FEMALE,HISPANIC,Makayla,16,67
2014,FEMALE,HISPANIC,Dayana,16,67
2014,FEMALE,HISPANIC,Kelly,16,67
2014,FEMALE,HISPANIC,Stella,16,67
2014,FEMALE,HISPANIC,Arabella,16,67
2014,FEMALE,HISPANIC,Makayla,16,67
2014,FEMALE,HISPANIC,Skyla,16,67
2014,FEMALE,HISPANIC,Allyson,16,67
2014,FEMALE,HISPANIC,Ariella,16,67
2014,FEMALE,HISPANIC,Dayana,16,67
2014,FEMALE,HISPANIC,Peyton,16,67
2014,FEMALE,HISPANIC,Stella,16,67
2014,FEMALE,HISPANIC,Marjorie,16,67
2014,FEMALE,HISPANIC,Kelly,16,67
2014,FEMALE,HISPANIC,Marjorie,16,67
2014,FEMALE,HISPANIC,Arabella,16,67
2014,FEMALE,HISPANIC,Juliet,16,67
2014,FEMALE,HISPANIC,Allyson,16,67
2014,FEMALE,HISPANIC,Crystal,16,67
2014,FEMALE,HISPANIC,Peyton,16,67
2014,FEMALE,HISPANIC,Ariella,16,67
2014,FEMALE,HISPANIC,Laura,15,68
2014,FEMALE,HISPANIC,Keyla,15,68
2014,FEMALE,HISPANIC,Kayleen,15,68
2014,FEMALE,HISPANIC,Lindsay,15,68
2014,FEMALE,HISPANIC,Annabella,15,68
2014,FEMALE,HISPANIC,Nylah,15,68
2014,FEMALE,HISPANIC,Mackenzie,15,68
2014,FEMALE,HISPANIC,Annabella,15,68
2014,FEMALE,HISPANIC,Madelyn,15,68
2014,FEMALE,HISPANIC,Keyla,15,68
2014,FEMALE,HISPANIC,Amalia,15,68
2014,FEMALE,HISPANIC,Alondra,15,68
2014,FEMALE,HISPANIC,Jaylah,15,68
2014,FEMALE,HISPANIC,Montserrat,15,68
2014,FEMALE,HISPANIC,Shirley,15,68
2014,FEMALE,HISPANIC,Nylah,15,68
2014,FEMALE,HISPANIC,Heaven,15,68
2014,FEMALE,HISPANIC,Riley,15,68
2014,FEMALE,HISPANIC,Lesly,15,68
2014,FEMALE,HISPANIC,Jaylah,15,68
2014,FEMALE,HISPANIC,Shirley,15,68
2014,FEMALE,HISPANIC,Lindsay,15,68
2014,FEMALE,HISPANIC,Mackenzie,15,68
2014,FEMALE,HISPANIC,Julissa,15,68
2014,FEMALE,HISPANIC,Kayleen,15,68
2014,FEMALE,HISPANIC,Riley,15,68
2014,FEMALE,HISPANIC,Laura,15,68
2014,FEMALE,HISPANIC,Alondra,15,68
2014,FEMALE,HISPANIC,Madelyn,15,68
2014,FEMALE,HISPANIC,Julissa,15,68
2014,FEMALE,HISPANIC,Amalia,15,68
2014,FEMALE,HISPANIC,Haylee,15,68
2014,FEMALE,HISPANIC,Montserrat,15,68
2014,FEMALE,HISPANIC,Heaven,15,68
2014,FEMALE,HISPANIC,Lesly,15,68
2014,FEMALE,HISPANIC,Jaylin,14,69
2014,FEMALE,HISPANIC,Brenda,14,69
2014,FEMALE,HISPANIC,Carmen,14,69
2014,FEMALE,HISPANIC,Anna,14,69
2014,FEMALE,HISPANIC,Selena,14,69
2014,FEMALE,HISPANIC,Elisa,14,69
2014,FEMALE,HISPANIC,Alicia,14,69
2014,FEMALE,HISPANIC,Briana,14,69
2014,FEMALE,HISPANIC,Anna,14,69
2014,FEMALE,HISPANIC,Brenda,14,69
2014,FEMALE,HISPANIC,Briana,14,69
2014,FEMALE,HISPANIC,Carmen,14,69
2014,FEMALE,HISPANIC,Paige,14,69
2014,FEMALE,HISPANIC,Daleyza,14,69
2014,FEMALE,HISPANIC,Elisa,14,69
2014,FEMALE,HISPANIC,Lola,14,69
2014,FEMALE,HISPANIC,Maia,14,69
2014,FEMALE,HISPANIC,Paige,14,69
2014,FEMALE,HISPANIC,Selena,14,69
2014,FEMALE,HISPANIC,Maia,14,69
2014,FEMALE,HISPANIC,Daleyza,14,69
2014,FEMALE,HISPANIC,Jaylene,13,70
2014,FEMALE,HISPANIC,Arya,13,70
2014,FEMALE,HISPANIC,Alexia,13,70
2014,FEMALE,HISPANIC,Pamela,13,70
2014,FEMALE,HISPANIC,Erika,13,70
2014,FEMALE,HISPANIC,Nevaeh,13,70
2014,FEMALE,HISPANIC,Nevaeh,13,70
2014,FEMALE,HISPANIC,Carla,13,70
2014,FEMALE,HISPANIC,Autumn,13,70
2014,FEMALE,HISPANIC,Marilyn,13,70
2014,FEMALE,HISPANIC,Marilyn,13,70
2014,FEMALE,HISPANIC,Arielle,13,70
2014,FEMALE,HISPANIC,Carla,13,70
2014,FEMALE,HISPANIC,Pamela,13,70
2014,FEMALE,HISPANIC,Erika,13,70
2014,FEMALE,HISPANIC,Alma,13,70
2014,FEMALE,HISPANIC,Alma,13,70
2014,FEMALE,HISPANIC,Arielle,13,70
2014,FEMALE,HISPANIC,Miranda,13,70
2014,FEMALE,HISPANIC,Kailey,13,70
2014,FEMALE,HISPANIC,Arya,13,70
2014,FEMALE,HISPANIC,Autumn,13,70
2014,FEMALE,HISPANIC,Alexia,13,70
2014,FEMALE,HISPANIC,Miranda,13,70
2014,FEMALE,HISPANIC,Alexis,13,70
2014,FEMALE,HISPANIC,Rachel,12,71
2014,FEMALE,HISPANIC,Annabelle,12,71
2014,FEMALE,HISPANIC,Kaylin,12,71
2014,FEMALE,HISPANIC,Monica,12,71
2014,FEMALE,HISPANIC,Ayleen,12,71
2014,FEMALE,HISPANIC,Cataleya,12,71
2014,FEMALE,HISPANIC,Hazel,12,71
2014,FEMALE,HISPANIC,Alessandra,12,71
2014,FEMALE,HISPANIC,Bryanna,12,71
2014,FEMALE,HISPANIC,Cataleya,12,71
2014,FEMALE,HISPANIC,April,12,71
2014,FEMALE,HISPANIC,Angeline,12,71
2014,FEMALE,HISPANIC,Monica,12,71
2014,FEMALE,HISPANIC,Ayleen,12,71
2014,FEMALE,HISPANIC,Violeta,12,71
2014,FEMALE,HISPANIC,Violeta,12,71
2014,FEMALE,HISPANIC,Annalise,12,71
2014,FEMALE,HISPANIC,Katie,12,71
2014,FEMALE,HISPANIC,Gia,12,71
2014,FEMALE,HISPANIC,Liana,12,71
2014,FEMALE,HISPANIC,Bryanna,12,71
2014,FEMALE,HISPANIC,Anaya,12,71
2014,FEMALE,HISPANIC,Angeline,12,71
2014,FEMALE,HISPANIC,Annabelle,12,71
2014,FEMALE,HISPANIC,Annalise,12,71
2014,FEMALE,HISPANIC,April,12,71
2014,FEMALE,HISPANIC,Liana,12,71
2014,FEMALE,HISPANIC,Francesca,12,71
2014,FEMALE,HISPANIC,Valery,12,71
2014,FEMALE,HISPANIC,Hazel,12,71
2014,FEMALE,HISPANIC,Tatiana,12,71
2014,FEMALE,HISPANIC,Celeste,12,71
2014,FEMALE,HISPANIC,Rachel,12,71
2014,FEMALE,HISPANIC,Valery,12,71
2014,FEMALE,HISPANIC,Francesca,12,71
2014,FEMALE,HISPANIC,Anaya,12,71
2014,FEMALE,HISPANIC,Kaylin,12,71
2014,FEMALE,HISPANIC,Katie,12,71
2014,FEMALE,HISPANIC,Tatiana,12,71
2014,FEMALE,HISPANIC,Rebecca,12,71
2014,FEMALE,HISPANIC,Celeste,12,71
2014,FEMALE,HISPANIC,Arely,11,72
2014,FEMALE,HISPANIC,Jessie,11,72
2014,FEMALE,HISPANIC,Heidi,11,72
2014,FEMALE,HISPANIC,Jimena,11,72
2014,FEMALE,HISPANIC,Catherine,11,72
2014,FEMALE,HISPANIC,Ivanna,11,72
2014,FEMALE,HISPANIC,Evangeline,11,72
2014,FEMALE,HISPANIC,Eliza,11,72
2014,FEMALE,HISPANIC,Eileen,11,72
2014,FEMALE,HISPANIC,Catherine,11,72
2014,FEMALE,HISPANIC,Kendra,11,72
2014,FEMALE,HISPANIC,Brigitte,11,72
2014,FEMALE,HISPANIC,Leyla,11,72
2014,FEMALE,HISPANIC,Salome,11,72
2014,FEMALE,HISPANIC,Arely,11,72
2014,FEMALE,HISPANIC,Leyla,11,72
2014,FEMALE,HISPANIC,Magaly,11,72
2014,FEMALE,HISPANIC,Mikaela,11,72
2014,FEMALE,HISPANIC,Skyler,11,72
2014,FEMALE,HISPANIC,Eileen,11,72
2014,FEMALE,HISPANIC,Mikaela,11,72
2014,FEMALE,HISPANIC,Jimena,11,72
2014,FEMALE,HISPANIC,Nina,11,72
2014,FEMALE,HISPANIC,Paris,11,72
2014,FEMALE,HISPANIC,Eliza,11,72
2014,FEMALE,HISPANIC,Paris,11,72
2014,FEMALE,HISPANIC,Salome,11,72
2014,FEMALE,HISPANIC,Trinity,11,72
2014,FEMALE,HISPANIC,Brigitte,11,72
2014,FEMALE,HISPANIC,Ivanna,11,72
2014,FEMALE,HISPANIC,Skyler,11,72
2014,FEMALE,HISPANIC,Wendy,11,72
2014,FEMALE,HISPANIC,Magaly,11,72
2014,FEMALE,HISPANIC,Trinity,11,72
2014,FEMALE,HISPANIC,Kendra,11,72
2014,FEMALE,HISPANIC,Wendy,11,72
2014,FEMALE,HISPANIC,Jessie,11,72
2014,FEMALE,HISPANIC,Nina,11,72
2014,FEMALE,HISPANIC,Evangeline,11,72
2014,FEMALE,HISPANIC,Nyla,10,73
2014,FEMALE,HISPANIC,Yasmin,10,73
2014,FEMALE,HISPANIC,Cynthia,10,73
2014,FEMALE,HISPANIC,Aurora,10,73
2014,FEMALE,HISPANIC,Londyn,10,73
2014,FEMALE,HISPANIC,Anabella,10,73
2014,FEMALE,HISPANIC,Hailie,10,73
2014,FEMALE,HISPANIC,Mariah,10,73
2014,FEMALE,HISPANIC,Brielle,10,73
2014,FEMALE,HISPANIC,Monserrat,10,73
2014,FEMALE,HISPANIC,Brielle,10,73
2014,FEMALE,HISPANIC,Brooke,10,73
2014,FEMALE,HISPANIC,Aurora,10,73
2014,FEMALE,HISPANIC,Cecilia,10,73
2014,FEMALE,HISPANIC,Adelyn,10,73
2014,FEMALE,HISPANIC,Litzy,10,73
2014,FEMALE,HISPANIC,Carolina,10,73
2014,FEMALE,HISPANIC,Kate,10,73
2014,FEMALE,HISPANIC,Caroline,10,73
2014,FEMALE,HISPANIC,Anabelle,10,73
2014,FEMALE,HISPANIC,Nyla,10,73
2014,FEMALE,HISPANIC,Ruth,10,73
2014,FEMALE,HISPANIC,Caroline,10,73
2014,FEMALE,HISPANIC,Keila,10,73
2014,FEMALE,HISPANIC,Cecilia,10,73
2014,FEMALE,HISPANIC,Kaylie,10,73
2014,FEMALE,HISPANIC,Celine,10,73
2014,FEMALE,HISPANIC,Ruth,10,73
2014,FEMALE,HISPANIC,Joselyn,10,73
2014,FEMALE,HISPANIC,Celine,10,73
2014,FEMALE,HISPANIC,Alissa,10,73
2014,FEMALE,HISPANIC,Izabella,10,73
2014,FEMALE,HISPANIC,Christina,10,73
2014,FEMALE,HISPANIC,Cynthia,10,73
2014,FEMALE,HISPANIC,Joselyn,10,73
2014,FEMALE,HISPANIC,Sienna,10,73
2014,FEMALE,HISPANIC,Keila,10,73
2014,FEMALE,HISPANIC,Hailie,10,73
2014,FEMALE,HISPANIC,Izabella,10,73
2014,FEMALE,HISPANIC,Monserrat,10,73
2014,FEMALE,HISPANIC,Kate,10,73
2014,FEMALE,HISPANIC,Christina,10,73
2014,FEMALE,HISPANIC,Carolina,10,73
2014,FEMALE,HISPANIC,Lillian,10,73
2014,FEMALE,HISPANIC,Alissa,10,73
2014,FEMALE,HISPANIC,Yasmin,10,73
2014,FEMALE,HISPANIC,Adelyn,10,73
2014,FEMALE,HISPANIC,Londyn,10,73
2014,FEMALE,HISPANIC,Lillian,10,73
2014,FEMALE,HISPANIC,Brooke,10,73
2014,FEMALE,HISPANIC,Litzy,10,73
2014,FEMALE,HISPANIC,Anabella,10,73
2014,FEMALE,HISPANIC,Mariah,10,73
2014,FEMALE,HISPANIC,Anabelle,10,73
2014,FEMALE,WHITE NON HISPANIC,Olivia,248,1
2014,FEMALE,WHITE NON HISPANIC,Esther,233,2
2014,FEMALE,WHITE NON HISPANIC,Esther,233,2
2014,FEMALE,WHITE NON HISPANIC,Rachel,228,3
2014,FEMALE,WHITE NON HISPANIC,Rachel,228,3
2014,FEMALE,WHITE NON HISPANIC,Leah,206,4
2014,FEMALE,WHITE NON HISPANIC,Leah,206,4
2014,FEMALE,WHITE NON HISPANIC,Emma,205,5
2014,FEMALE,WHITE NON HISPANIC,Chaya,194,6
2014,FEMALE,WHITE NON HISPANIC,Chaya,194,6
2014,FEMALE,WHITE NON HISPANIC,Sarah,185,7
2014,FEMALE,WHITE NON HISPANIC,Sarah,185,7
2014,FEMALE,WHITE NON HISPANIC,Sophia,172,8
2014,FEMALE,WHITE NON HISPANIC,Sophia,172,8
2014,FEMALE,WHITE NON HISPANIC,Ava,146,9
2014,FEMALE,WHITE NON HISPANIC,Ava,146,9
2014,FEMALE,WHITE NON HISPANIC,Chana,143,10
2014,FEMALE,WHITE NON HISPANIC,Miriam,143,10
2014,FEMALE,WHITE NON HISPANIC,Emily,143,10
2014,FEMALE,WHITE NON HISPANIC,Emily,143,10
2014,FEMALE,WHITE NON HISPANIC,Mia,139,11
2014,FEMALE,WHITE NON HISPANIC,Mia,139,11
2014,FEMALE,WHITE NON HISPANIC,Charlotte,133,12
2014,FEMALE,WHITE NON HISPANIC,Abigail,124,13
2014,FEMALE,WHITE NON HISPANIC,Abigail,124,13
2014,FEMALE,WHITE NON HISPANIC,Sara,121,14
2014,FEMALE,WHITE NON HISPANIC,Isabella,117,15
2014,FEMALE,WHITE NON HISPANIC,Isabella,117,15
2014,FEMALE,WHITE NON HISPANIC,Ella,112,16
2014,FEMALE,WHITE NON HISPANIC,Ella,112,16
2014,FEMALE,WHITE NON HISPANIC,Sofia,110,17
2014,FEMALE,WHITE NON HISPANIC,Sofia,110,17
2014,FEMALE,WHITE NON HISPANIC,Maya,106,18
2014,FEMALE,WHITE NON HISPANIC,Maya,106,18
2014,FEMALE,WHITE NON HISPANIC,Elizabeth,101,19
2014,FEMALE,WHITE NON HISPANIC,Elizabeth,101,19
2014,FEMALE,WHITE NON HISPANIC,Rivka,100,20
2014,FEMALE,WHITE NON HISPANIC,Rivka,100,20
2014,FEMALE,WHITE NON HISPANIC,Zoe,96,21
2014,FEMALE,WHITE NON HISPANIC,Anna,95,22
2014,FEMALE,WHITE NON HISPANIC,Anna,95,22
2014,FEMALE,WHITE NON HISPANIC,Gabriella,93,23
2014,FEMALE,WHITE NON HISPANIC,Lily,88,24
2014,FEMALE,WHITE NON HISPANIC,Lily,88,24
2014,FEMALE,WHITE NON HISPANIC,Grace,86,25
2014,FEMALE,WHITE NON HISPANIC,Raizy,84,26
2014,FEMALE,WHITE NON HISPANIC,Alexandra,84,26
2014,FEMALE,WHITE NON HISPANIC,Julia,84,26
2014,FEMALE,WHITE NON HISPANIC,Alexandra,84,26
2014,FEMALE,WHITE NON HISPANIC,Malka,84,26
2014,FEMALE,WHITE NON HISPANIC,Raizy,84,26
2014,FEMALE,WHITE NON HISPANIC,Malka,84,26
2014,FEMALE,WHITE NON HISPANIC,Victoria,83,27
2014,FEMALE,WHITE NON HISPANIC,Victoria,83,27
2014,FEMALE,WHITE NON HISPANIC,Chloe,81,28
2014,FEMALE,WHITE NON HISPANIC,Chloe,81,28
2014,FEMALE,WHITE NON HISPANIC,Stella,78,29
2014,FEMALE,WHITE NON HISPANIC,Stella,78,29
2014,FEMALE,WHITE NON HISPANIC,Faigy,74,30
2014,FEMALE,WHITE NON HISPANIC,Eva,74,30
2014,FEMALE,WHITE NON HISPANIC,Eva,74,30
2014,FEMALE,WHITE NON HISPANIC,Amelia,73,31
2014,FEMALE,WHITE NON HISPANIC,Amelia,73,31
2014,FEMALE,WHITE NON HISPANIC,Malky,70,32
2014,FEMALE,WHITE NON HISPANIC,Nora,70,32
2014,FEMALE,WHITE NON HISPANIC,Malky,70,32
2014,FEMALE,WHITE NON HISPANIC,Nora,70,32
2014,FEMALE,WHITE NON HISPANIC,Madison,68,33
2014,FEMALE,WHITE NON HISPANIC,Gitty,68,33
2014,FEMALE,WHITE NON HISPANIC,Madison,68,33
2014,FEMALE,WHITE NON HISPANIC,Gitty,68,33
2014,FEMALE,WHITE NON HISPANIC,Avery,66,34
2014,FEMALE,WHITE NON HISPANIC,Eleanor,65,35
2014,FEMALE,WHITE NON HISPANIC,Eleanor,65,35
2014,FEMALE,WHITE NON HISPANIC,Evelyn,64,36
2014,FEMALE,WHITE NON HISPANIC,Hannah,64,36
2014,FEMALE,WHITE NON HISPANIC,Evelyn,64,36
2014,FEMALE,WHITE NON HISPANIC,Penelope,63,37
2014,FEMALE,WHITE NON HISPANIC,Penelope,63,37
2014,FEMALE,WHITE NON HISPANIC,Mila,62,38
2014,FEMALE,WHITE NON HISPANIC,Vivian,61,39
2014,FEMALE,WHITE NON HISPANIC,Vivian,61,39
2014,FEMALE,WHITE NON HISPANIC,Yitty,59,40
2014,FEMALE,WHITE NON HISPANIC,Yitty,59,40
2014,FEMALE,WHITE NON HISPANIC,Madeline,59,40
2014,FEMALE,WHITE NON HISPANIC,Lucy,58,41
2014,FEMALE,WHITE NON HISPANIC,Lucy,58,41
2014,FEMALE,WHITE NON HISPANIC,Samantha,57,42
2014,FEMALE,WHITE NON HISPANIC,Samantha,57,42
2014,FEMALE,WHITE NON HISPANIC,Sophie,56,43
2014,FEMALE,WHITE NON HISPANIC,Alice,56,43
2014,FEMALE,WHITE NON HISPANIC,Sophie,56,43
2014,FEMALE,WHITE NON HISPANIC,Rose,55,44
2014,FEMALE,WHITE NON HISPANIC,Shaindy,55,44
2014,FEMALE,WHITE NON HISPANIC,Rose,55,44
2014,FEMALE,WHITE NON HISPANIC,Layla,55,44
2014,FEMALE,WHITE NON HISPANIC,Layla,55,44
2014,FEMALE,WHITE NON HISPANIC,Emilia,54,45
2014,FEMALE,WHITE NON HISPANIC,Emilia,54,45
2014,FEMALE,WHITE NON HISPANIC,Rivky,52,46
2014,FEMALE,WHITE NON HISPANIC,Rivky,52,46
2014,FEMALE,WHITE NON HISPANIC,Talia,49,47
2014,FEMALE,WHITE NON HISPANIC,Eliana,49,47
2014,FEMALE,WHITE NON HISPANIC,Eliana,49,47
2014,FEMALE,WHITE NON HISPANIC,Naomi,49,47
2014,FEMALE,WHITE NON HISPANIC,Violet,49,47
2014,FEMALE,WHITE NON HISPANIC,Naomi,49,47
2014,FEMALE,WHITE NON HISPANIC,Violet,49,47
2014,FEMALE,WHITE NON HISPANIC,Talia,49,47
2014,FEMALE,WHITE NON HISPANIC,Ruby,48,48
2014,FEMALE,WHITE NON HISPANIC,Ruby,48,48
2014,FEMALE,WHITE NON HISPANIC,Devorah,47,49
2014,FEMALE,WHITE NON HISPANIC,Devorah,47,49
2014,FEMALE,WHITE NON HISPANIC,Angelina,46,50
2014,FEMALE,WHITE NON HISPANIC,Toby,46,50
2014,FEMALE,WHITE NON HISPANIC,Toby,46,50
2014,FEMALE,WHITE NON HISPANIC,Maria,45,51
2014,FEMALE,WHITE NON HISPANIC,Aria,45,51
2014,FEMALE,WHITE NON HISPANIC,Valentina,45,51
2014,FEMALE,WHITE NON HISPANIC,Valentina,45,51
2014,FEMALE,WHITE NON HISPANIC,Caroline,45,51
2014,FEMALE,WHITE NON HISPANIC,Maria,45,51
2014,FEMALE,WHITE NON HISPANIC,Caroline,45,51
2014,FEMALE,WHITE NON HISPANIC,Aria,45,51
2014,FEMALE,WHITE NON HISPANIC,Natalie,44,52
2014,FEMALE,WHITE NON HISPANIC,Sienna,44,52
2014,FEMALE,WHITE NON HISPANIC,Beatrice,44,52
2014,FEMALE,WHITE NON HISPANIC,Beatrice,44,52
2014,FEMALE,WHITE NON HISPANIC,Sienna,44,52
2014,FEMALE,WHITE NON HISPANIC,Rebecca,43,53
2014,FEMALE,WHITE NON HISPANIC,Claire,43,53
2014,FEMALE,WHITE NON HISPANIC,Sadie,43,53
2014,FEMALE,WHITE NON HISPANIC,Claire,43,53
2014,FEMALE,WHITE NON HISPANIC,Sadie,43,53
2014,FEMALE,WHITE NON HISPANIC,Rebecca,43,53
2014,FEMALE,WHITE NON HISPANIC,Kayla,42,54
2014,FEMALE,WHITE NON HISPANIC,Katherine,42,54
2014,FEMALE,WHITE NON HISPANIC,Eloise,42,54
2014,FEMALE,WHITE NON HISPANIC,Lila,42,54
2014,FEMALE,WHITE NON HISPANIC,Eloise,42,54
2014,FEMALE,WHITE NON HISPANIC,Lila,42,54
2014,FEMALE,WHITE NON HISPANIC,Kayla,42,54
2014,FEMALE,WHITE NON HISPANIC,Nicole,41,55
2014,FEMALE,WHITE NON HISPANIC,Ariana,41,55
2014,FEMALE,WHITE NON HISPANIC,Ariana,41,55
2014,FEMALE,WHITE NON HISPANIC,Harper,41,55
2014,FEMALE,WHITE NON HISPANIC,Nina,41,55
2014,FEMALE,WHITE NON HISPANIC,Nina,41,55
2014,FEMALE,WHITE NON HISPANIC,Nicole,41,55
2014,FEMALE,WHITE NON HISPANIC,Harper,41,55
2014,FEMALE,WHITE NON HISPANIC,Scarlett,40,56
2014,FEMALE,WHITE NON HISPANIC,Lillian,40,56
2014,FEMALE,WHITE NON HISPANIC,Scarlett,40,56
2014,FEMALE,WHITE NON HISPANIC,Lillian,40,56
2014,FEMALE,WHITE NON HISPANIC,Francesca,39,57
2014,FEMALE,WHITE NON HISPANIC,Baila,39,57
2014,FEMALE,WHITE NON HISPANIC,Chava,39,57
2014,FEMALE,WHITE NON HISPANIC,Chava,39,57
2014,FEMALE,WHITE NON HISPANIC,Josephine,39,57
2014,FEMALE,WHITE NON HISPANIC,Francesca,39,57
2014,FEMALE,WHITE NON HISPANIC,Baila,39,57
2014,FEMALE,WHITE NON HISPANIC,Gianna,38,58
2014,FEMALE,WHITE NON HISPANIC,Gianna,38,58
2014,FEMALE,WHITE NON HISPANIC,Alexa,37,59
2014,FEMALE,WHITE NON HISPANIC,Alexa,37,59
2014,FEMALE,WHITE NON HISPANIC,Catherine,37,59
2014,FEMALE,WHITE NON HISPANIC,Catherine,37,59
2014,FEMALE,WHITE NON HISPANIC,Clara,36,60
2014,FEMALE,WHITE NON HISPANIC,Alyssa,36,60
2014,FEMALE,WHITE NON HISPANIC,Alyssa,36,60
2014,FEMALE,WHITE NON HISPANIC,Vivienne,36,60
2014,FEMALE,WHITE NON HISPANIC,Fiona,36,60
2014,FEMALE,WHITE NON HISPANIC,Vivienne,36,60
2014,FEMALE,WHITE NON HISPANIC,Clara,36,60
2014,FEMALE,WHITE NON HISPANIC,Fiona,36,60
2014,FEMALE,WHITE NON HISPANIC,Madeleine,35,61
2014,FEMALE,WHITE NON HISPANIC,Madeleine,35,61
2014,FEMALE,WHITE NON HISPANIC,Hindy,34,62
2014,FEMALE,WHITE NON HISPANIC,Hindy,34,62
2014,FEMALE,WHITE NON HISPANIC,Bella,33,63
2014,FEMALE,WHITE NON HISPANIC,Audrey,33,63
2014,FEMALE,WHITE NON HISPANIC,Brooke,33,63
2014,FEMALE,WHITE NON HISPANIC,Margaret,33,63
2014,FEMALE,WHITE NON HISPANIC,Audrey,33,63
2014,FEMALE,WHITE NON HISPANIC,Margaret,33,63
2014,FEMALE,WHITE NON HISPANIC,Chany,33,63
2014,FEMALE,WHITE NON HISPANIC,Bella,33,63
2014,FEMALE,WHITE NON HISPANIC,Brooke,33,63
2014,FEMALE,WHITE NON HISPANIC,Dylan,33,63
2014,FEMALE,WHITE NON HISPANIC,Chany,33,63
2014,FEMALE,WHITE NON HISPANIC,Dylan,33,63
2014,FEMALE,WHITE NON HISPANIC,Lauren,33,63
2014,FEMALE,WHITE NON HISPANIC,Lauren,33,63
2014,FEMALE,WHITE NON HISPANIC,Ariella,32,64
2014,FEMALE,WHITE NON HISPANIC,Juliette,32,64
2014,FEMALE,WHITE NON HISPANIC,Ariella,32,64
2014,FEMALE,WHITE NON HISPANIC,Batsheva,32,64
2014,FEMALE,WHITE NON HISPANIC,Batsheva,32,64
2014,FEMALE,WHITE NON HISPANIC,Juliette,32,64
2014,FEMALE,WHITE NON HISPANIC,Riley,31,65
2014,FEMALE,WHITE NON HISPANIC,Isla,31,65
2014,FEMALE,WHITE NON HISPANIC,Arianna,31,65
2014,FEMALE,WHITE NON HISPANIC,Arianna,31,65
2014,FEMALE,WHITE NON HISPANIC,Sury,31,65
2014,FEMALE,WHITE NON HISPANIC,Riley,31,65
2014,FEMALE,WHITE NON HISPANIC,Juliet,31,65
2014,FEMALE,WHITE NON HISPANIC,Juliet,31,65
2014,FEMALE,WHITE NON HISPANIC,Ellie,31,65
2014,FEMALE,WHITE NON HISPANIC,Rochel,31,65
2014,FEMALE,WHITE NON HISPANIC,Isla,31,65
2014,FEMALE,WHITE NON HISPANIC,Rochel,31,65
2014,FEMALE,WHITE NON HISPANIC,Libby,30,66
2014,FEMALE,WHITE NON HISPANIC,Maeve,30,66
2014,FEMALE,WHITE NON HISPANIC,Lea,30,66
2014,FEMALE,WHITE NON HISPANIC,Maeve,30,66
2014,FEMALE,WHITE NON HISPANIC,Juliana,30,66
2014,FEMALE,WHITE NON HISPANIC,Nechama,30,66
2014,FEMALE,WHITE NON HISPANIC,Libby,30,66
2014,FEMALE,WHITE NON HISPANIC,Isabel,30,66
2014,FEMALE,WHITE NON HISPANIC,Isabel,30,66
2014,FEMALE,WHITE NON HISPANIC,Pessy,30,66
2014,FEMALE,WHITE NON HISPANIC,Lea,30,66
2014,FEMALE,WHITE NON HISPANIC,Juliana,30,66
2014,FEMALE,WHITE NON HISPANIC,Fraidy,29,67
2014,FEMALE,WHITE NON HISPANIC,Lucia,29,67
2014,FEMALE,WHITE NON HISPANIC,Fraidy,29,67
2014,FEMALE,WHITE NON HISPANIC,Mindy,29,67
2014,FEMALE,WHITE NON HISPANIC,Lucia,29,67
2014,FEMALE,WHITE NON HISPANIC,Blima,29,67
2014,FEMALE,WHITE NON HISPANIC,Noa,28,68
2014,FEMALE,WHITE NON HISPANIC,Mary,28,68
2014,FEMALE,WHITE NON HISPANIC,Noa,28,68
2014,FEMALE,WHITE NON HISPANIC,Mary,28,68
2014,FEMALE,WHITE NON HISPANIC,Yocheved,28,68
2014,FEMALE,WHITE NON HISPANIC,Lena,28,68
2014,FEMALE,WHITE NON HISPANIC,Dina,28,68
2014,FEMALE,WHITE NON HISPANIC,Dina,28,68
2014,FEMALE,WHITE NON HISPANIC,Yocheved,28,68
2014,FEMALE,WHITE NON HISPANIC,Amina,27,69
2014,FEMALE,WHITE NON HISPANIC,Molly,27,69
2014,FEMALE,WHITE NON HISPANIC,Blimy,27,69
2014,FEMALE,WHITE NON HISPANIC,Blimy,27,69
2014,FEMALE,WHITE NON HISPANIC,Phoebe,27,69
2014,FEMALE,WHITE NON HISPANIC,Elena,27,69
2014,FEMALE,WHITE NON HISPANIC,Elena,27,69
2014,FEMALE,WHITE NON HISPANIC,Amina,27,69
2014,FEMALE,WHITE NON HISPANIC,Molly,27,69
2014,FEMALE,WHITE NON HISPANIC,Phoebe,27,69
2014,FEMALE,WHITE NON HISPANIC,Georgia,26,70
2014,FEMALE,WHITE NON HISPANIC,Quinn,26,70
2014,FEMALE,WHITE NON HISPANIC,Willa,26,70
2014,FEMALE,WHITE NON HISPANIC,Anastasia,26,70
2014,FEMALE,WHITE NON HISPANIC,Annabelle,26,70
2014,FEMALE,WHITE NON HISPANIC,Anastasia,26,70
2014,FEMALE,WHITE NON HISPANIC,Annabelle,26,70
2014,FEMALE,WHITE NON HISPANIC,Yides,26,70
2014,FEMALE,WHITE NON HISPANIC,Georgia,26,70
2014,FEMALE,WHITE NON HISPANIC,Isabelle,26,70
2014,FEMALE,WHITE NON HISPANIC,Mackenzie,26,70
2014,FEMALE,WHITE NON HISPANIC,Zoey,26,70
2014,FEMALE,WHITE NON HISPANIC,Yides,26,70
2014,FEMALE,WHITE NON HISPANIC,Willa,26,70
2014,FEMALE,WHITE NON HISPANIC,Mackenzie,26,70
2014,FEMALE,WHITE NON HISPANIC,Quinn,26,70
2014,FEMALE,WHITE NON HISPANIC,Jane,25,71
2014,FEMALE,WHITE NON HISPANIC,Diana,25,71
2014,FEMALE,WHITE NON HISPANIC,Yehudis,25,71
2014,FEMALE,WHITE NON HISPANIC,Sabrina,25,71
2014,FEMALE,WHITE NON HISPANIC,Diana,25,71
2014,FEMALE,WHITE NON HISPANIC,Sloane,25,71
2014,FEMALE,WHITE NON HISPANIC,Zissy,25,71
2014,FEMALE,WHITE NON HISPANIC,Yehudis,25,71
2014,FEMALE,WHITE NON HISPANIC,Savannah,25,71
2014,FEMALE,WHITE NON HISPANIC,Sloane,25,71
2014,FEMALE,WHITE NON HISPANIC,Sabrina,25,71
2014,FEMALE,WHITE NON HISPANIC,Zissy,25,71
2014,FEMALE,WHITE NON HISPANIC,Jane,25,71
2014,FEMALE,WHITE NON HISPANIC,Faiga,24,72
2014,FEMALE,WHITE NON HISPANIC,Taylor,24,72
2014,FEMALE,WHITE NON HISPANIC,Cecilia,24,72
2014,FEMALE,WHITE NON HISPANIC,Taylor,24,72
2014,FEMALE,WHITE NON HISPANIC,Adele,24,72
2014,FEMALE,WHITE NON HISPANIC,Shira,24,72
2014,FEMALE,WHITE NON HISPANIC,Madelyn,24,72
2014,FEMALE,WHITE NON HISPANIC,Elle,24,72
2014,FEMALE,WHITE NON HISPANIC,Adele,24,72
2014,FEMALE,WHITE NON HISPANIC,Hazel,24,72
2014,FEMALE,WHITE NON HISPANIC,Faiga,24,72
2014,FEMALE,WHITE NON HISPANIC,Elle,24,72
2014,FEMALE,WHITE NON HISPANIC,Cecilia,24,72
2014,FEMALE,WHITE NON HISPANIC,Genevieve,23,73
2014,FEMALE,WHITE NON HISPANIC,Sydney,23,73
2014,FEMALE,WHITE NON HISPANIC,Devora,23,73
2014,FEMALE,WHITE NON HISPANIC,Genevieve,23,73
2014,FEMALE,WHITE NON HISPANIC,Danielle,23,73
2014,FEMALE,WHITE NON HISPANIC,Liba,23,73
2014,FEMALE,WHITE NON HISPANIC,Daniella,23,73
2014,FEMALE,WHITE NON HISPANIC,Giuliana,23,73
2014,FEMALE,WHITE NON HISPANIC,Giuliana,23,73
2014,FEMALE,WHITE NON HISPANIC,Jenna,23,73
2014,FEMALE,WHITE NON HISPANIC,Pearl,23,73
2014,FEMALE,WHITE NON HISPANIC,Jenna,23,73
2014,FEMALE,WHITE NON HISPANIC,Laila,23,73
2014,FEMALE,WHITE NON HISPANIC,Michelle,23,73
2014,FEMALE,WHITE NON HISPANIC,Maryam,23,73
2014,FEMALE,WHITE NON HISPANIC,Alexis,23,73
2014,FEMALE,WHITE NON HISPANIC,Laila,23,73
2014,FEMALE,WHITE NON HISPANIC,Devora,23,73
2014,FEMALE,WHITE NON HISPANIC,Pearl,23,73
2014,FEMALE,WHITE NON HISPANIC,Adriana,23,73
2014,FEMALE,WHITE NON HISPANIC,Michelle,23,73
2014,FEMALE,WHITE NON HISPANIC,Liba,23,73
2014,FEMALE,WHITE NON HISPANIC,Sydney,23,73
2014,FEMALE,WHITE NON HISPANIC,Adriana,23,73
2014,FEMALE,WHITE NON HISPANIC,Maryam,23,73
2014,FEMALE,WHITE NON HISPANIC,Alexis,23,73
2014,FEMALE,WHITE NON HISPANIC,Daniella,23,73
2014,FEMALE,WHITE NON HISPANIC,Danielle,23,73
2014,FEMALE,WHITE NON HISPANIC,Liliana,22,74
2014,FEMALE,WHITE NON HISPANIC,Ahuva,22,74
2014,FEMALE,WHITE NON HISPANIC,Adina,22,74
2014,FEMALE,WHITE NON HISPANIC,Laura,22,74
2014,FEMALE,WHITE NON HISPANIC,Paige,22,74
2014,FEMALE,WHITE NON HISPANIC,Frances,22,74
2014,FEMALE,WHITE NON HISPANIC,Esty,22,74
2014,FEMALE,WHITE NON HISPANIC,Bracha,22,74
2014,FEMALE,WHITE NON HISPANIC,Liliana,22,74
2014,FEMALE,WHITE NON HISPANIC,Hailey,22,74
2014,FEMALE,WHITE NON HISPANIC,Adina,22,74
2014,FEMALE,WHITE NON HISPANIC,Bracha,22,74
2014,FEMALE,WHITE NON HISPANIC,Paige,22,74
2014,FEMALE,WHITE NON HISPANIC,Frances,22,74
2014,FEMALE,WHITE NON HISPANIC,Hailey,22,74
2014,FEMALE,WHITE NON HISPANIC,Esty,22,74
2014,FEMALE,WHITE NON HISPANIC,Simone,22,74
2014,FEMALE,WHITE NON HISPANIC,Simone,22,74
2014,FEMALE,WHITE NON HISPANIC,Addison,22,74
2014,FEMALE,WHITE NON HISPANIC,Addison,22,74
2014,FEMALE,WHITE NON HISPANIC,Reese,22,74
2014,FEMALE,WHITE NON HISPANIC,Eliza,21,75
2014,FEMALE,WHITE NON HISPANIC,Shifra,21,75
2014,FEMALE,WHITE NON HISPANIC,Alessia,20,76
2014,FEMALE,WHITE NON HISPANIC,Alessia,20,76
2014,FEMALE,WHITE NON HISPANIC,Lola,20,76
2014,FEMALE,WHITE NON HISPANIC,Henchy,20,76
2014,FEMALE,WHITE NON HISPANIC,Ivy,20,76
2014,FEMALE,WHITE NON HISPANIC,Charlie,20,76
2014,FEMALE,WHITE NON HISPANIC,Henchy,20,76
2014,FEMALE,WHITE NON HISPANIC,Charlie,20,76
2014,FEMALE,WHITE NON HISPANIC,Lola,20,76
2014,FEMALE,WHITE NON HISPANIC,Olive,19,77
2014,FEMALE,WHITE NON HISPANIC,Piper,19,77
2014,FEMALE,WHITE NON HISPANIC,Lyla,19,77
2014,FEMALE,WHITE NON HISPANIC,Adelaide,19,77
2014,FEMALE,WHITE NON HISPANIC,Adelaide,19,77
2014,FEMALE,WHITE NON HISPANIC,Shoshana,19,77
2014,FEMALE,WHITE NON HISPANIC,Milana,19,77
2014,FEMALE,WHITE NON HISPANIC,Perel,19,77
2014,FEMALE,WHITE NON HISPANIC,Mariam,19,77
2014,FEMALE,WHITE NON HISPANIC,Piper,19,77
2014,FEMALE,WHITE NON HISPANIC,Alina,19,77
2014,FEMALE,WHITE NON HISPANIC,Margot,19,77
2014,FEMALE,WHITE NON HISPANIC,Amira,19,77
2014,FEMALE,WHITE NON HISPANIC,Cora,19,77
2014,FEMALE,WHITE NON HISPANIC,Milana,19,77
2014,FEMALE,WHITE NON HISPANIC,Olive,19,77
2014,FEMALE,WHITE NON HISPANIC,Cora,19,77
2014,FEMALE,WHITE NON HISPANIC,Hadley,19,77
2014,FEMALE,WHITE NON HISPANIC,Shoshana,19,77
2014,FEMALE,WHITE NON HISPANIC,Mariam,19,77
2014,FEMALE,WHITE NON HISPANIC,Perel,19,77
2014,FEMALE,WHITE NON HISPANIC,Lyla,19,77
2014,FEMALE,WHITE NON HISPANIC,Hadley,19,77
2014,FEMALE,WHITE NON HISPANIC,Jasmine,19,77
2014,FEMALE,WHITE NON HISPANIC,Aurora,19,77
2014,FEMALE,WHITE NON HISPANIC,Amira,19,77
2014,FEMALE,WHITE NON HISPANIC,Margot,19,77
2014,FEMALE,WHITE NON HISPANIC,Etty,18,78
2014,FEMALE,WHITE NON HISPANIC,Henny,18,78
2014,FEMALE,WHITE NON HISPANIC,Eve,18,78
2014,FEMALE,WHITE NON HISPANIC,Eve,18,78
2014,FEMALE,WHITE NON HISPANIC,Golda,18,78
2014,FEMALE,WHITE NON HISPANIC,Etty,18,78
2014,FEMALE,WHITE NON HISPANIC,Golda,18,78
2014,FEMALE,WHITE NON HISPANIC,Alessandra,18,78
2014,FEMALE,WHITE NON HISPANIC,Veronica,18,78
2014,FEMALE,WHITE NON HISPANIC,Ayla,18,78
2014,FEMALE,WHITE NON HISPANIC,Matilda,18,78
2014,FEMALE,WHITE NON HISPANIC,Ayla,18,78
2014,FEMALE,WHITE NON HISPANIC,Henny,18,78
2014,FEMALE,WHITE NON HISPANIC,Kate,17,79
2014,FEMALE,WHITE NON HISPANIC,Skylar,17,79
2014,FEMALE,WHITE NON HISPANIC,Camilla,17,79
2014,FEMALE,WHITE NON HISPANIC,Gia,17,79
2014,FEMALE,WHITE NON HISPANIC,Aliza,17,79
2014,FEMALE,WHITE NON HISPANIC,Gemma,17,79
2014,FEMALE,WHITE NON HISPANIC,Ruchy,17,79
2014,FEMALE,WHITE NON HISPANIC,Julianna,17,79
2014,FEMALE,WHITE NON HISPANIC,Parker,17,79
2014,FEMALE,WHITE NON HISPANIC,Emerson,17,79
2014,FEMALE,WHITE NON HISPANIC,Helena,17,79
2014,FEMALE,WHITE NON HISPANIC,Bruchy,17,79
2014,FEMALE,WHITE NON HISPANIC,Hanna,17,79
2014,FEMALE,WHITE NON HISPANIC,Antonia,17,79
2014,FEMALE,WHITE NON HISPANIC,Julianna,17,79
2014,FEMALE,WHITE NON HISPANIC,Antonia,17,79
2014,FEMALE,WHITE NON HISPANIC,Bruchy,17,79
2014,FEMALE,WHITE NON HISPANIC,Hanna,17,79
2014,FEMALE,WHITE NON HISPANIC,Emerson,17,79
2014,FEMALE,WHITE NON HISPANIC,Goldy,17,79
2014,FEMALE,WHITE NON HISPANIC,Helen,17,79
2014,FEMALE,WHITE NON HISPANIC,Gemma,17,79
2014,FEMALE,WHITE NON HISPANIC,Camilla,17,79
2014,FEMALE,WHITE NON HISPANIC,Gia,17,79
2014,FEMALE,WHITE NON HISPANIC,Aliza,17,79
2014,FEMALE,WHITE NON HISPANIC,Mira,17,79
2014,FEMALE,WHITE NON HISPANIC,Helena,17,79
2014,FEMALE,WHITE NON HISPANIC,Lara,17,79
2014,FEMALE,WHITE NON HISPANIC,Goldy,17,79
2014,FEMALE,WHITE NON HISPANIC,Lara,17,79
2014,FEMALE,WHITE NON HISPANIC,Perl,17,79
2014,FEMALE,WHITE NON HISPANIC,Kate,17,79
2014,FEMALE,WHITE NON HISPANIC,Skylar,17,79
2014,FEMALE,WHITE NON HISPANIC,Yael,16,80
2014,FEMALE,WHITE NON HISPANIC,Luna,16,80
2014,FEMALE,WHITE NON HISPANIC,Daphne,16,80
2014,FEMALE,WHITE NON HISPANIC,Liv,16,80
2014,FEMALE,WHITE NON HISPANIC,Lilly,16,80
2014,FEMALE,WHITE NON HISPANIC,Yael,16,80
2014,FEMALE,WHITE NON HISPANIC,Sylvia,16,80
2014,FEMALE,WHITE NON HISPANIC,Siena,16,80
2014,FEMALE,WHITE NON HISPANIC,Luna,16,80
2014,FEMALE,WHITE NON HISPANIC,Brianna,16,80
2014,FEMALE,WHITE NON HISPANIC,Jacqueline,16,80
2014,FEMALE,WHITE NON HISPANIC,Daphne,16,80
2014,FEMALE,WHITE NON HISPANIC,Jacqueline,16,80
2014,FEMALE,WHITE NON HISPANIC,Siena,16,80
2014,FEMALE,WHITE NON HISPANIC,Serena,16,80
2014,FEMALE,WHITE NON HISPANIC,Brianna,16,80
2014,FEMALE,WHITE NON HISPANIC,Liv,16,80
2014,FEMALE,WHITE NON HISPANIC,Raizel,15,81
2014,FEMALE,WHITE NON HISPANIC,Raizel,15,81
2014,FEMALE,WHITE NON HISPANIC,Gabrielle,15,81
2014,FEMALE,WHITE NON HISPANIC,Shaindel,15,81
2014,FEMALE,WHITE NON HISPANIC,Peyton,15,81
2014,FEMALE,WHITE NON HISPANIC,Kaylee,15,81
2014,FEMALE,WHITE NON HISPANIC,Mirel,15,81
2014,FEMALE,WHITE NON HISPANIC,Shaindel,15,81
2014,FEMALE,WHITE NON HISPANIC,Mikayla,15,81
2014,FEMALE,WHITE NON HISPANIC,Colette,15,81
2014,FEMALE,WHITE NON HISPANIC,Colette,15,81
2014,FEMALE,WHITE NON HISPANIC,Peyton,15,81
2014,FEMALE,WHITE NON HISPANIC,Liana,15,81
2014,FEMALE,WHITE NON HISPANIC,Noor,15,81
2014,FEMALE,WHITE NON HISPANIC,Bianca,15,81
2014,FEMALE,WHITE NON HISPANIC,Mirel,15,81
2014,FEMALE,WHITE NON HISPANIC,Gabrielle,15,81
2014,FEMALE,WHITE NON HISPANIC,Liana,15,81
2014,FEMALE,WHITE NON HISPANIC,Kaylee,15,81
2014,FEMALE,WHITE NON HISPANIC,Sima,14,82
2014,FEMALE,WHITE NON HISPANIC,Aya,14,82
2014,FEMALE,WHITE NON HISPANIC,Aviva,14,82
2014,FEMALE,WHITE NON HISPANIC,Ashley,14,82
2014,FEMALE,WHITE NON HISPANIC,Anisa,14,82
2014,FEMALE,WHITE NON HISPANIC,Allison,14,82
2014,FEMALE,WHITE NON HISPANIC,Eden,14,82
2014,FEMALE,WHITE NON HISPANIC,Eden,14,82
2014,FEMALE,WHITE NON HISPANIC,Esme,14,82
2014,FEMALE,WHITE NON HISPANIC,Everly,14,82
2014,FEMALE,WHITE NON HISPANIC,Frady,14,82
2014,FEMALE,WHITE NON HISPANIC,Everly,14,82
2014,FEMALE,WHITE NON HISPANIC,Iris,14,82
2014,FEMALE,WHITE NON HISPANIC,Jessica,14,82
2014,FEMALE,WHITE NON HISPANIC,Julie,14,82
2014,FEMALE,WHITE NON HISPANIC,Juniper,14,82
2014,FEMALE,WHITE NON HISPANIC,Leila,14,82
2014,FEMALE,WHITE NON HISPANIC,Iris,14,82
2014,FEMALE,WHITE NON HISPANIC,Lydia,14,82
2014,FEMALE,WHITE NON HISPANIC,Maisie,14,82
2014,FEMALE,WHITE NON HISPANIC,Malak,14,82
2014,FEMALE,WHITE NON HISPANIC,Maisie,14,82
2014,FEMALE,WHITE NON HISPANIC,Morgan,14,82
2014,FEMALE,WHITE NON HISPANIC,Poppy,14,82
2014,FEMALE,WHITE NON HISPANIC,Allison,14,82
2014,FEMALE,WHITE NON HISPANIC,Morgan,14,82
2014,FEMALE,WHITE NON HISPANIC,Sima,14,82
2014,FEMALE,WHITE NON HISPANIC,Tzipora,14,82
2014,FEMALE,WHITE NON HISPANIC,Aviva,14,82
2014,FEMALE,WHITE NON HISPANIC,Ashley,14,82
2014,FEMALE,WHITE NON HISPANIC,Poppy,14,82
2014,FEMALE,WHITE NON HISPANIC,Leila,14,82
2014,FEMALE,WHITE NON HISPANIC,Malak,14,82
2014,FEMALE,WHITE NON HISPANIC,Esme,14,82
2014,FEMALE,WHITE NON HISPANIC,Tzipora,14,82
2014,FEMALE,WHITE NON HISPANIC,Jessica,14,82
2014,FEMALE,WHITE NON HISPANIC,Julie,14,82
2014,FEMALE,WHITE NON HISPANIC,Anisa,14,82
2014,FEMALE,WHITE NON HISPANIC,Juniper,14,82
2014,FEMALE,WHITE NON HISPANIC,Kylie,13,83
2014,FEMALE,WHITE NON HISPANIC,Kira,13,83
2014,FEMALE,WHITE NON HISPANIC,Carolina,13,83
2014,FEMALE,WHITE NON HISPANIC,Shaina,13,83
2014,FEMALE,WHITE NON HISPANIC,Summer,13,83
2014,FEMALE,WHITE NON HISPANIC,Roizy,13,83
2014,FEMALE,WHITE NON HISPANIC,Tessa,13,83
2014,FEMALE,WHITE NON HISPANIC,Chavy,13,83
2014,FEMALE,WHITE NON HISPANIC,Perry,13,83
2014,FEMALE,WHITE NON HISPANIC,Brucha,13,83
2014,FEMALE,WHITE NON HISPANIC,Shaina,13,83
2014,FEMALE,WHITE NON HISPANIC,Livia,13,83
2014,FEMALE,WHITE NON HISPANIC,Perry,13,83
2014,FEMALE,WHITE NON HISPANIC,Brucha,13,83
2014,FEMALE,WHITE NON HISPANIC,Lina,13,83
2014,FEMALE,WHITE NON HISPANIC,Noelle,13,83
2014,FEMALE,WHITE NON HISPANIC,Nadia,13,83
2014,FEMALE,WHITE NON HISPANIC,Aisha,13,83
2014,FEMALE,WHITE NON HISPANIC,Tessa,13,83
2014,FEMALE,WHITE NON HISPANIC,Layan,13,83
2014,FEMALE,WHITE NON HISPANIC,Lana,13,83
2014,FEMALE,WHITE NON HISPANIC,Kylie,13,83
2014,FEMALE,WHITE NON HISPANIC,Kira,13,83
2014,FEMALE,WHITE NON HISPANIC,Michaela,13,83
2014,FEMALE,WHITE NON HISPANIC,Elsa,13,83
2014,FEMALE,WHITE NON HISPANIC,Natalia,13,83
2014,FEMALE,WHITE NON HISPANIC,Roizy,13,83
2014,FEMALE,WHITE NON HISPANIC,Keira,13,83
2014,FEMALE,WHITE NON HISPANIC,Dahlia,13,83
2014,FEMALE,WHITE NON HISPANIC,Menucha,13,83
2014,FEMALE,WHITE NON HISPANIC,Atara,13,83
2014,FEMALE,WHITE NON HISPANIC,Atara,13,83
2014,FEMALE,WHITE NON HISPANIC,Lina,13,83
2014,FEMALE,WHITE NON HISPANIC,June,13,83
2014,FEMALE,WHITE NON HISPANIC,Nadia,13,83
2014,FEMALE,WHITE NON HISPANIC,Ariel,13,83
2014,FEMALE,WHITE NON HISPANIC,Giovanna,13,83
2014,FEMALE,WHITE NON HISPANIC,Summer,13,83
2014,FEMALE,WHITE NON HISPANIC,Alisa,13,83
2014,FEMALE,WHITE NON HISPANIC,June,13,83
2014,FEMALE,WHITE NON HISPANIC,Alisa,13,83
2014,FEMALE,WHITE NON HISPANIC,Aisha,13,83
2014,FEMALE,WHITE NON HISPANIC,Natalia,13,83
2014,FEMALE,WHITE NON HISPANIC,Suri,13,83
2014,FEMALE,WHITE NON HISPANIC,Layan,13,83
2014,FEMALE,WHITE NON HISPANIC,Ariel,13,83
2014,FEMALE,WHITE NON HISPANIC,Lana,13,83
2014,FEMALE,WHITE NON HISPANIC,Dahlia,13,83
2014,FEMALE,WHITE NON HISPANIC,Noelle,13,83
2014,FEMALE,WHITE NON HISPANIC,Livia,13,83
2014,FEMALE,WHITE NON HISPANIC,Hadassah,13,83
2014,FEMALE,WHITE NON HISPANIC,Chavy,13,83
2014,FEMALE,WHITE NON HISPANIC,Elsa,13,83
2014,FEMALE,WHITE NON HISPANIC,Suri,13,83
2014,FEMALE,WHITE NON HISPANIC,Michaela,13,83
2014,FEMALE,WHITE NON HISPANIC,Keira,13,83
2014,FEMALE,WHITE NON HISPANIC,Gabriela,13,83
2014,FEMALE,WHITE NON HISPANIC,Giovanna,13,83
2014,FEMALE,WHITE NON HISPANIC,Menucha,13,83
2014,FEMALE,WHITE NON HISPANIC,Melanie,13,83
2014,FEMALE,WHITE NON HISPANIC,Adeline,12,84
2014,FEMALE,WHITE NON HISPANIC,Vera,12,84
2014,FEMALE,WHITE NON HISPANIC,Louisa,12,84
2014,FEMALE,WHITE NON HISPANIC,Giselle,12,84
2014,FEMALE,WHITE NON HISPANIC,Yasmine,12,84
2014,FEMALE,WHITE NON HISPANIC,Mina,12,84
2014,FEMALE,WHITE NON HISPANIC,Shayna,12,84
2014,FEMALE,WHITE NON HISPANIC,Mina,12,84
2014,FEMALE,WHITE NON HISPANIC,Ada,12,84
2014,FEMALE,WHITE NON HISPANIC,Hana,12,84
2014,FEMALE,WHITE NON HISPANIC,Hana,12,84
2014,FEMALE,WHITE NON HISPANIC,Louisa,12,84
2014,FEMALE,WHITE NON HISPANIC,Elisheva,12,84
2014,FEMALE,WHITE NON HISPANIC,Tziporah,12,84
2014,FEMALE,WHITE NON HISPANIC,Elisheva,12,84
2014,FEMALE,WHITE NON HISPANIC,Angelica,12,84
2014,FEMALE,WHITE NON HISPANIC,Angelica,12,84
2014,FEMALE,WHITE NON HISPANIC,Evie,12,84
2014,FEMALE,WHITE NON HISPANIC,Evie,12,84
2014,FEMALE,WHITE NON HISPANIC,Trany,12,84
2014,FEMALE,WHITE NON HISPANIC,Frimet,12,84
2014,FEMALE,WHITE NON HISPANIC,Giselle,12,84
2014,FEMALE,WHITE NON HISPANIC,Yasmine,12,84
2014,FEMALE,WHITE NON HISPANIC,Tamar,12,84
2014,FEMALE,WHITE NON HISPANIC,Vera,12,84
2014,FEMALE,WHITE NON HISPANIC,Lia,12,84
2014,FEMALE,WHITE NON HISPANIC,Ada,12,84
2014,FEMALE,WHITE NON HISPANIC,Shayna,12,84
2014,FEMALE,WHITE NON HISPANIC,Adeline,12,84
2014,FEMALE,WHITE NON HISPANIC,Avigail,12,84
2014,FEMALE,WHITE NON HISPANIC,Tamar,12,84
2014,FEMALE,WHITE NON HISPANIC,Frimet,12,84
2014,FEMALE,WHITE NON HISPANIC,Avigail,12,84
2014,FEMALE,WHITE NON HISPANIC,Zelda,12,84
2014,FEMALE,WHITE NON HISPANIC,Sasha,12,84
2014,FEMALE,WHITE NON HISPANIC,Mushka,12,84
2014,FEMALE,WHITE NON HISPANIC,Brielle,12,84
2014,FEMALE,WHITE NON HISPANIC,Sasha,12,84
2014,FEMALE,WHITE NON HISPANIC,Trany,12,84
2014,FEMALE,WHITE NON HISPANIC,Brielle,12,84
2014,FEMALE,WHITE NON HISPANIC,Lia,12,84
2014,FEMALE,WHITE NON HISPANIC,Tziporah,12,84
2014,FEMALE,WHITE NON HISPANIC,Mushka,12,84
2014,FEMALE,WHITE NON HISPANIC,Zelda,12,84
2014,FEMALE,WHITE NON HISPANIC,Clementine,11,85
2014,FEMALE,WHITE NON HISPANIC,Cecelia,11,85
2014,FEMALE,WHITE NON HISPANIC,Rifky,11,85
2014,FEMALE,WHITE NON HISPANIC,Rena,11,85
2014,FEMALE,WHITE NON HISPANIC,Ruth,11,85
2014,FEMALE,WHITE NON HISPANIC,Caitlin,11,85
2014,FEMALE,WHITE NON HISPANIC,Marielle,11,85
2014,FEMALE,WHITE NON HISPANIC,Tess,11,85
2014,FEMALE,WHITE NON HISPANIC,Thea,11,85
2014,FEMALE,WHITE NON HISPANIC,Mae,11,85
2014,FEMALE,WHITE NON HISPANIC,Aziza,11,85
2014,FEMALE,WHITE NON HISPANIC,Clementine,11,85
2014,FEMALE,WHITE NON HISPANIC,Yasmina,11,85
2014,FEMALE,WHITE NON HISPANIC,Lilah,11,85
2014,FEMALE,WHITE NON HISPANIC,Rena,11,85
2014,FEMALE,WHITE NON HISPANIC,Khloe,11,85
2014,FEMALE,WHITE NON HISPANIC,Tess,11,85
2014,FEMALE,WHITE NON HISPANIC,Adelina,11,85
2014,FEMALE,WHITE NON HISPANIC,Thea,11,85
2014,FEMALE,WHITE NON HISPANIC,Jordyn,11,85
2014,FEMALE,WHITE NON HISPANIC,Jasmina,11,85
2014,FEMALE,WHITE NON HISPANIC,Fradel,11,85
2014,FEMALE,WHITE NON HISPANIC,Emmeline,11,85
2014,FEMALE,WHITE NON HISPANIC,Evangeline,11,85
2014,FEMALE,WHITE NON HISPANIC,Harlow,11,85
2014,FEMALE,WHITE NON HISPANIC,Goldie,11,85
2014,FEMALE,WHITE NON HISPANIC,Yasmina,11,85
2014,FEMALE,WHITE NON HISPANIC,Bridget,11,85
2014,FEMALE,WHITE NON HISPANIC,Fradel,11,85
2014,FEMALE,WHITE NON HISPANIC,Fatima,11,85
2014,FEMALE,WHITE NON HISPANIC,Evangeline,11,85
2014,FEMALE,WHITE NON HISPANIC,Emmeline,11,85
2014,FEMALE,WHITE NON HISPANIC,Blake,11,85
2014,FEMALE,WHITE NON HISPANIC,Jasmina,11,85
2014,FEMALE,WHITE NON HISPANIC,Adelina,11,85
2014,FEMALE,WHITE NON HISPANIC,Fatima,11,85
2014,FEMALE,WHITE NON HISPANIC,Alma,11,85
2014,FEMALE,WHITE NON HISPANIC,Lilah,11,85
2014,FEMALE,WHITE NON HISPANIC,Camille,11,85
2014,FEMALE,WHITE NON HISPANIC,Alma,11,85
2014,FEMALE,WHITE NON HISPANIC,Ana,11,85
2014,FEMALE,WHITE NON HISPANIC,Mae,11,85
2014,FEMALE,WHITE NON HISPANIC,Khloe,11,85
2014,FEMALE,WHITE NON HISPANIC,Rifky,11,85
2014,FEMALE,WHITE NON HISPANIC,Marielle,11,85
2014,FEMALE,WHITE NON HISPANIC,Christina,11,85
2014,FEMALE,WHITE NON HISPANIC,Goldie,11,85
2014,FEMALE,WHITE NON HISPANIC,Christina,11,85
2014,FEMALE,WHITE NON HISPANIC,Aziza,11,85
2014,FEMALE,WHITE NON HISPANIC,Blake,11,85
2014,FEMALE,WHITE NON HISPANIC,Bridget,11,85
2014,FEMALE,WHITE NON HISPANIC,Caitlin,11,85
2014,FEMALE,WHITE NON HISPANIC,Camille,11,85
2014,FEMALE,WHITE NON HISPANIC,Harlow,11,85
2014,FEMALE,WHITE NON HISPANIC,Cecelia,11,85
2014,FEMALE,WHITE NON HISPANIC,Ana,11,85
2014,FEMALE,WHITE NON HISPANIC,Ruth,11,85
2014,FEMALE,WHITE NON HISPANIC,Jordyn,11,85
2014,FEMALE,WHITE NON HISPANIC,Leora,10,86
2014,FEMALE,WHITE NON HISPANIC,Celine,10,86
2014,FEMALE,WHITE NON HISPANIC,Rowan,10,86
2014,FEMALE,WHITE NON HISPANIC,Avital,10,86
2014,FEMALE,WHITE NON HISPANIC,Erin,10,86
2014,FEMALE,WHITE NON HISPANIC,Eleni,10,86
2014,FEMALE,WHITE NON HISPANIC,Lilian,10,86
2014,FEMALE,WHITE NON HISPANIC,Ester,10,86
2014,FEMALE,WHITE NON HISPANIC,Reizy,10,86
2014,FEMALE,WHITE NON HISPANIC,Anne,10,86
2014,FEMALE,WHITE NON HISPANIC,Delilah,10,86
2014,FEMALE,WHITE NON HISPANIC,Camila,10,86
2014,FEMALE,WHITE NON HISPANIC,Hinda,10,86
2014,FEMALE,WHITE NON HISPANIC,Brynn,10,86
2014,FEMALE,WHITE NON HISPANIC,Ester,10,86
2014,FEMALE,WHITE NON HISPANIC,Kaitlyn,10,86
2014,FEMALE,WHITE NON HISPANIC,Cassidy,10,86
2014,FEMALE,WHITE NON HISPANIC,Barbara,10,86
2014,FEMALE,WHITE NON HISPANIC,Celine,10,86
2014,FEMALE,WHITE NON HISPANIC,Adrianna,10,86
2014,FEMALE,WHITE NON HISPANIC,Samira,10,86
2014,FEMALE,WHITE NON HISPANIC,Kennedy,10,86
2014,FEMALE,WHITE NON HISPANIC,Salma,10,86
2014,FEMALE,WHITE NON HISPANIC,Athena,10,86
2014,FEMALE,WHITE NON HISPANIC,Amanda,10,86
2014,FEMALE,WHITE NON HISPANIC,Amelie,10,86
2014,FEMALE,WHITE NON HISPANIC,Jana,10,86
2014,FEMALE,WHITE NON HISPANIC,Celia,10,86
2014,FEMALE,WHITE NON HISPANIC,Anne,10,86
2014,FEMALE,WHITE NON HISPANIC,Delilah,10,86
2014,FEMALE,WHITE NON HISPANIC,Jana,10,86
2014,FEMALE,WHITE NON HISPANIC,Kaitlyn,10,86
2014,FEMALE,WHITE NON HISPANIC,Athena,10,86
2014,FEMALE,WHITE NON HISPANIC,Ayala,10,86
2014,FEMALE,WHITE NON HISPANIC,Ruchel,10,86
2014,FEMALE,WHITE NON HISPANIC,Kennedy,10,86
2014,FEMALE,WHITE NON HISPANIC,Carly,10,86
2014,FEMALE,WHITE NON HISPANIC,Avital,10,86
2014,FEMALE,WHITE NON HISPANIC,Eleni,10,86
2014,FEMALE,WHITE NON HISPANIC,Hinda,10,86
2014,FEMALE,WHITE NON HISPANIC,Adrianna,10,86
2014,FEMALE,WHITE NON HISPANIC,Amelie,10,86
2014,FEMALE,WHITE NON HISPANIC,Leora,10,86
2014,FEMALE,WHITE NON HISPANIC,Sylvie,10,86
2014,FEMALE,WHITE NON HISPANIC,Ayala,10,86
2014,FEMALE,WHITE NON HISPANIC,Rowan,10,86
2014,FEMALE,WHITE NON HISPANIC,Reizy,10,86
2014,FEMALE,WHITE NON HISPANIC,Lilian,10,86
2014,FEMALE,WHITE NON HISPANIC,Linda,10,86
2014,FEMALE,WHITE NON HISPANIC,Barbara,10,86
2014,FEMALE,WHITE NON HISPANIC,Linda,10,86
2014,FEMALE,WHITE NON HISPANIC,Salma,10,86
2014,FEMALE,WHITE NON HISPANIC,Celia,10,86
2014,FEMALE,WHITE NON HISPANIC,Brynn,10,86
2014,FEMALE,WHITE NON HISPANIC,Rosa,10,86
2014,FEMALE,WHITE NON HISPANIC,Camila,10,86
2014,FEMALE,WHITE NON HISPANIC,Samira,10,86
2014,FEMALE,WHITE NON HISPANIC,Ruchel,10,86
2014,FEMALE,WHITE NON HISPANIC,Rosa,10,86
2014,FEMALE,WHITE NON HISPANIC,Carly,10,86
2014,FEMALE,WHITE NON HISPANIC,Sylvie,10,86
2014,FEMALE,WHITE NON HISPANIC,Cassidy,10,86
2014,FEMALE,WHITE NON HISPANIC,Erin,10,86
2014,FEMALE,WHITE NON HISPANIC,Amanda,10,86
2014,MALE,ASIAN AND PACIFIC ISLANDER,Jayden,187,1
2014,MALE,ASIAN AND PACIFIC ISLANDER,Ethan,179,2
2014,MALE,ASIAN AND PACIFIC ISLANDER,Ryan,164,3
2014,MALE,ASIAN AND PACIFIC ISLANDER,Lucas,139,4
2014,MALE,ASIAN AND PACIFIC ISLANDER,Aiden,135,5
2014,MALE,ASIAN AND PACIFIC ISLANDER,Muhammad,129,6
2014,MALE,ASIAN AND PACIFIC ISLANDER,Daniel,87,7
2014,MALE,ASIAN AND PACIFIC ISLANDER,William,85,8
2014,MALE,ASIAN AND PACIFIC ISLANDER,William,85,8
2014,MALE,ASIAN AND PACIFIC ISLANDER,Eric,84,9
2014,MALE,ASIAN AND PACIFIC ISLANDER,Jason,78,10
2014,MALE,ASIAN AND PACIFIC ISLANDER,Jason,78,10
2014,MALE,ASIAN AND PACIFIC ISLANDER,Evan,76,11
2014,MALE,ASIAN AND PACIFIC ISLANDER,Evan,76,11
2014,MALE,ASIAN AND PACIFIC ISLANDER,Matthew,71,12
2014,MALE,ASIAN AND PACIFIC ISLANDER,Mason,64,13
2014,MALE,ASIAN AND PACIFIC ISLANDER,Mohammad,63,14
2014,MALE,ASIAN AND PACIFIC ISLANDER,Austin,63,14
2014,MALE,ASIAN AND PACIFIC ISLANDER,Andrew,63,14
2014,MALE,ASIAN AND PACIFIC ISLANDER,Mohammad,63,14
2014,MALE,ASIAN AND PACIFIC ISLANDER,Aaron,63,14
2014,MALE,ASIAN AND PACIFIC ISLANDER,Austin,63,14
2014,MALE,ASIAN AND PACIFIC ISLANDER,Aaron,63,14
2014,MALE,ASIAN AND PACIFIC ISLANDER,Kevin,62,15
2014,MALE,ASIAN AND PACIFIC ISLANDER,Kevin,62,15
2014,MALE,ASIAN AND PACIFIC ISLANDER,Liam,61,16
2014,MALE,ASIAN AND PACIFIC ISLANDER,Liam,61,16
2014,MALE,ASIAN AND PACIFIC ISLANDER,Justin,56,17
2014,MALE,ASIAN AND PACIFIC ISLANDER,Justin,56,17
2014,MALE,ASIAN AND PACIFIC ISLANDER,Oliver,55,18
2014,MALE,ASIAN AND PACIFIC ISLANDER,Oliver,55,18
2014,MALE,ASIAN AND PACIFIC ISLANDER,Ayaan,55,18
2014,MALE,ASIAN AND PACIFIC ISLANDER,Ayaan,55,18
2014,MALE,ASIAN AND PACIFIC ISLANDER,Kyle,53,19
2014,MALE,ASIAN AND PACIFIC ISLANDER,Kyle,53,19
2014,MALE,ASIAN AND PACIFIC ISLANDER,James,52,20
2014,MALE,ASIAN AND PACIFIC ISLANDER,James,52,20
2014,MALE,ASIAN AND PACIFIC ISLANDER,Alexander,51,21
2014,MALE,ASIAN AND PACIFIC ISLANDER,Alexander,51,21
2014,MALE,ASIAN AND PACIFIC ISLANDER,Dylan,50,22
2014,MALE,ASIAN AND PACIFIC ISLANDER,Nathan,49,23
2014,MALE,ASIAN AND PACIFIC ISLANDER,Nathan,49,23
2014,MALE,ASIAN AND PACIFIC ISLANDER,Leo,48,24
2014,MALE,ASIAN AND PACIFIC ISLANDER,Leo,48,24
2014,MALE,ASIAN AND PACIFIC ISLANDER,Benjamin,48,24
2014,MALE,ASIAN AND PACIFIC ISLANDER,Owen,48,24
2014,MALE,ASIAN AND PACIFIC ISLANDER,Jacob,48,24
2014,MALE,ASIAN AND PACIFIC ISLANDER,Jacob,48,24
2014,MALE,ASIAN AND PACIFIC ISLANDER,Benjamin,48,24
2014,MALE,ASIAN AND PACIFIC ISLANDER,Vincent,46,25
2014,MALE,ASIAN AND PACIFIC ISLANDER,Vincent,46,25
2014,MALE,ASIAN AND PACIFIC ISLANDER,Brandon,45,26
2014,MALE,ASIAN AND PACIFIC ISLANDER,Alex,45,26
2014,MALE,ASIAN AND PACIFIC ISLANDER,Brandon,45,26
2014,MALE,ASIAN AND PACIFIC ISLANDER,Alex,45,26
2014,MALE,ASIAN AND PACIFIC ISLANDER,Michael,44,27
2014,MALE,ASIAN AND PACIFIC ISLANDER,Michael,44,27
2014,MALE,ASIAN AND PACIFIC ISLANDER,Jonathan,43,28
2014,MALE,ASIAN AND PACIFIC ISLANDER,Ivan,43,28
2014,MALE,ASIAN AND PACIFIC ISLANDER,Ian,43,28
2014,MALE,ASIAN AND PACIFIC ISLANDER,Ivan,43,28
2014,MALE,ASIAN AND PACIFIC ISLANDER,Ian,43,28
2014,MALE,ASIAN AND PACIFIC ISLANDER,Andy,42,29
2014,MALE,ASIAN AND PACIFIC ISLANDER,Noah,42,29
2014,MALE,ASIAN AND PACIFIC ISLANDER,Andy,42,29
2014,MALE,ASIAN AND PACIFIC ISLANDER,Tenzin,42,29
2014,MALE,ASIAN AND PACIFIC ISLANDER,Tenzin,42,29
2014,MALE,ASIAN AND PACIFIC ISLANDER,Noah,42,29
2014,MALE,ASIAN AND PACIFIC ISLANDER,Carson,38,30
2014,MALE,ASIAN AND PACIFIC ISLANDER,Carson,38,30
2014,MALE,ASIAN AND PACIFIC ISLANDER,Eason,38,30
2014,MALE,ASIAN AND PACIFIC ISLANDER,Eason,38,30
2014,MALE,ASIAN AND PACIFIC ISLANDER,Raymond,37,31
2014,MALE,ASIAN AND PACIFIC ISLANDER,Raymond,37,31
2014,MALE,ASIAN AND PACIFIC ISLANDER,Joshua,36,32
2014,MALE,ASIAN AND PACIFIC ISLANDER,Joshua,36,32
2014,MALE,ASIAN AND PACIFIC ISLANDER,Adam,35,33
2014,MALE,ASIAN AND PACIFIC ISLANDER,Mohammed,35,33
2014,MALE,ASIAN AND PACIFIC ISLANDER,Adam,35,33
2014,MALE,ASIAN AND PACIFIC ISLANDER,Mohammed,35,33
2014,MALE,ASIAN AND PACIFIC ISLANDER,Brian,34,34
2014,MALE,ASIAN AND PACIFIC ISLANDER,Brian,34,34
2014,MALE,ASIAN AND PACIFIC ISLANDER,Felix,33,35
2014,MALE,ASIAN AND PACIFIC ISLANDER,Felix,33,35
2014,MALE,ASIAN AND PACIFIC ISLANDER,Tyler,33,35
2014,MALE,ASIAN AND PACIFIC ISLANDER,Isaac,33,35
2014,MALE,ASIAN AND PACIFIC ISLANDER,Alvin,32,36
2014,MALE,ASIAN AND PACIFIC ISLANDER,Derek,32,36
2014,MALE,ASIAN AND PACIFIC ISLANDER,Derek,32,36
2014,MALE,ASIAN AND PACIFIC ISLANDER,Alvin,32,36
2014,MALE,ASIAN AND PACIFIC ISLANDER,Anthony,31,37
2014,MALE,ASIAN AND PACIFIC ISLANDER,Anthony,31,37
2014,MALE,ASIAN AND PACIFIC ISLANDER,Nicholas,30,38
2014,MALE,ASIAN AND PACIFIC ISLANDER,David,30,38
2014,MALE,ASIAN AND PACIFIC ISLANDER,Jaden,30,38
2014,MALE,ASIAN AND PACIFIC ISLANDER,Abdullah,30,38
2014,MALE,ASIAN AND PACIFIC ISLANDER,Henry,30,38
2014,MALE,ASIAN AND PACIFIC ISLANDER,Abdullah,30,38
2014,MALE,ASIAN AND PACIFIC ISLANDER,Henry,30,38
2014,MALE,ASIAN AND PACIFIC ISLANDER,Jaden,30,38
2014,MALE,ASIAN AND PACIFIC ISLANDER,Jeremy,29,39
2014,MALE,ASIAN AND PACIFIC ISLANDER,Aidan,29,39
2014,MALE,ASIAN AND PACIFIC ISLANDER,Jeremy,29,39
2014,MALE,ASIAN AND PACIFIC ISLANDER,Aidan,29,39
2014,MALE,ASIAN AND PACIFIC ISLANDER,Alan,28,40
2014,MALE,ASIAN AND PACIFIC ISLANDER,Alan,28,40
2014,MALE,ASIAN AND PACIFIC ISLANDER,Marcus,28,40
2014,MALE,ASIAN AND PACIFIC ISLANDER,Marcus,28,40
2014,MALE,ASIAN AND PACIFIC ISLANDER,Oscar,27,41
2014,MALE,ASIAN AND PACIFIC ISLANDER,Luke,26,42
2014,MALE,ASIAN AND PACIFIC ISLANDER,Adrian,26,42
2014,MALE,ASIAN AND PACIFIC ISLANDER,Luke,26,42
2014,MALE,ASIAN AND PACIFIC ISLANDER,John,26,42
2014,MALE,ASIAN AND PACIFIC ISLANDER,Allen,26,42
2014,MALE,ASIAN AND PACIFIC ISLANDER,Allen,26,42
2014,MALE,ASIAN AND PACIFIC ISLANDER,Adrian,26,42
2014,MALE,ASIAN AND PACIFIC ISLANDER,Lawrence,26,42
2014,MALE,ASIAN AND PACIFIC ISLANDER,Lawrence,26,42
2014,MALE,ASIAN AND PACIFIC ISLANDER,Zachary,25,43
2014,MALE,ASIAN AND PACIFIC ISLANDER,Rayyan,24,44
2014,MALE,ASIAN AND PACIFIC ISLANDER,Kimi,24,44
2014,MALE,ASIAN AND PACIFIC ISLANDER,Ibrahim,24,44
2014,MALE,ASIAN AND PACIFIC ISLANDER,Kimi,24,44
2014,MALE,ASIAN AND PACIFIC ISLANDER,Ibrahim,24,44
2014,MALE,ASIAN AND PACIFIC ISLANDER,Logan,24,44
2014,MALE,ASIAN AND PACIFIC ISLANDER,Rayyan,24,44
2014,MALE,ASIAN AND PACIFIC ISLANDER,Logan,24,44
2014,MALE,ASIAN AND PACIFIC ISLANDER,Anson,23,45
2014,MALE,ASIAN AND PACIFIC ISLANDER,Caleb,23,45
2014,MALE,ASIAN AND PACIFIC ISLANDER,Roy,23,45
2014,MALE,ASIAN AND PACIFIC ISLANDER,Benson,23,45
2014,MALE,ASIAN AND PACIFIC ISLANDER,Caleb,23,45
2014,MALE,ASIAN AND PACIFIC ISLANDER,Nathaniel,23,45
2014,MALE,ASIAN AND PACIFIC ISLANDER,Nathaniel,23,45
2014,MALE,ASIAN AND PACIFIC ISLANDER,Roy,23,45
2014,MALE,ASIAN AND PACIFIC ISLANDER,Benson,23,45
2014,MALE,ASIAN AND PACIFIC ISLANDER,Theodore,22,46
2014,MALE,ASIAN AND PACIFIC ISLANDER,Devin,22,46
2014,MALE,ASIAN AND PACIFIC ISLANDER,Devin,22,46
2014,MALE,ASIAN AND PACIFIC ISLANDER,Max,22,46
2014,MALE,ASIAN AND PACIFIC ISLANDER,Theodore,22,46
2014,MALE,ASIAN AND PACIFIC ISLANDER,Max,22,46
2014,MALE,ASIAN AND PACIFIC ISLANDER,Samuel,22,46
2014,MALE,ASIAN AND PACIFIC ISLANDER,Samuel,22,46
2014,MALE,ASIAN AND PACIFIC ISLANDER,Charles,21,47
2014,MALE,ASIAN AND PACIFIC ISLANDER,Ali,21,47
2014,MALE,ASIAN AND PACIFIC ISLANDER,Jack,21,47
2014,MALE,ASIAN AND PACIFIC ISLANDER,Charles,21,47
2014,MALE,ASIAN AND PACIFIC ISLANDER,Connor,21,47
2014,MALE,ASIAN AND PACIFIC ISLANDER,Ali,21,47
2014,MALE,ASIAN AND PACIFIC ISLANDER,Kingsley,21,47
2014,MALE,ASIAN AND PACIFIC ISLANDER,Rohan,21,47
2014,MALE,ASIAN AND PACIFIC ISLANDER,Rohan,21,47
2014,MALE,ASIAN AND PACIFIC ISLANDER,Kai,21,47
2014,MALE,ASIAN AND PACIFIC ISLANDER,Connor,21,47
2014,MALE,ASIAN AND PACIFIC ISLANDER,Kingsley,21,47
2014,MALE,ASIAN AND PACIFIC ISLANDER,Jack,21,47
2014,MALE,ASIAN AND PACIFIC ISLANDER,Kai,21,47
2014,MALE,ASIAN AND PACIFIC ISLANDER,Syed,20,48
2014,MALE,ASIAN AND PACIFIC ISLANDER,Syed,20,48
2014,MALE,ASIAN AND PACIFIC ISLANDER,Arjun,20,48
2014,MALE,ASIAN AND PACIFIC ISLANDER,Gavin,20,48
2014,MALE,ASIAN AND PACIFIC ISLANDER,Rayan,20,48
2014,MALE,ASIAN AND PACIFIC ISLANDER,Gavin,20,48
2014,MALE,ASIAN AND PACIFIC ISLANDER,Albert,20,48
2014,MALE,ASIAN AND PACIFIC ISLANDER,Albert,20,48
2014,MALE,ASIAN AND PACIFIC ISLANDER,Miles,20,48
2014,MALE,ASIAN AND PACIFIC ISLANDER,Arjun,20,48
2014,MALE,ASIAN AND PACIFIC ISLANDER,Miles,20,48
2014,MALE,ASIAN AND PACIFIC ISLANDER,Maxwell,20,48
2014,MALE,ASIAN AND PACIFIC ISLANDER,Maxwell,20,48
2014,MALE,ASIAN AND PACIFIC ISLANDER,Rayan,20,48
2014,MALE,ASIAN AND PACIFIC ISLANDER,Timothy,19,49
2014,MALE,ASIAN AND PACIFIC ISLANDER,Tristan,19,49
2014,MALE,ASIAN AND PACIFIC ISLANDER,Tristan,19,49
2014,MALE,ASIAN AND PACIFIC ISLANDER,Timothy,19,49
2014,MALE,ASIAN AND PACIFIC ISLANDER,Jimmy,19,49
2014,MALE,ASIAN AND PACIFIC ISLANDER,Jimmy,19,49
2014,MALE,ASIAN AND PACIFIC ISLANDER,Alfred,18,50
2014,MALE,ASIAN AND PACIFIC ISLANDER,Louis,18,50
2014,MALE,ASIAN AND PACIFIC ISLANDER,Zayan,18,50
2014,MALE,ASIAN AND PACIFIC ISLANDER,Alfred,18,50
2014,MALE,ASIAN AND PACIFIC ISLANDER,Richard,18,50
2014,MALE,ASIAN AND PACIFIC ISLANDER,Aryan,18,50
2014,MALE,ASIAN AND PACIFIC ISLANDER,Christopher,18,50
2014,MALE,ASIAN AND PACIFIC ISLANDER,Hunter,18,50
2014,MALE,ASIAN AND PACIFIC ISLANDER,Jasper,18,50
2014,MALE,ASIAN AND PACIFIC ISLANDER,Joseph,18,50
2014,MALE,ASIAN AND PACIFIC ISLANDER,Louis,18,50
2014,MALE,ASIAN AND PACIFIC ISLANDER,Richard,18,50
2014,MALE,ASIAN AND PACIFIC ISLANDER,Steven,18,50
2014,MALE,ASIAN AND PACIFIC ISLANDER,Wesley,18,50
2014,MALE,ASIAN AND PACIFIC ISLANDER,Zayan,18,50
2014,MALE,ASIAN AND PACIFIC ISLANDER,Joseph,18,50
2014,MALE,ASIAN AND PACIFIC ISLANDER,Jasper,18,50
2014,MALE,ASIAN AND PACIFIC ISLANDER,Wesley,18,50
2014,MALE,ASIAN AND PACIFIC ISLANDER,Aryan,18,50
2014,MALE,ASIAN AND PACIFIC ISLANDER,Steven,18,50
2014,MALE,ASIAN AND PACIFIC ISLANDER,Christopher,18,50
2014,MALE,ASIAN AND PACIFIC ISLANDER,Damon,17,51
2014,MALE,ASIAN AND PACIFIC ISLANDER,Thomas,17,51
2014,MALE,ASIAN AND PACIFIC ISLANDER,Jordan,17,51
2014,MALE,ASIAN AND PACIFIC ISLANDER,Gabriel,17,51
2014,MALE,ASIAN AND PACIFIC ISLANDER,Hudson,17,51
2014,MALE,ASIAN AND PACIFIC ISLANDER,Jordan,17,51
2014,MALE,ASIAN AND PACIFIC ISLANDER,Adyan,17,51
2014,MALE,ASIAN AND PACIFIC ISLANDER,Thomas,17,51
2014,MALE,ASIAN AND PACIFIC ISLANDER,Jeffrey,17,51
2014,MALE,ASIAN AND PACIFIC ISLANDER,Damon,17,51
2014,MALE,ASIAN AND PACIFIC ISLANDER,Adyan,17,51
2014,MALE,ASIAN AND PACIFIC ISLANDER,Eden,17,51
2014,MALE,ASIAN AND PACIFIC ISLANDER,Jeffrey,17,51
2014,MALE,ASIAN AND PACIFIC ISLANDER,Julian,17,51
2014,MALE,ASIAN AND PACIFIC ISLANDER,Sebastian,17,51
2014,MALE,ASIAN AND PACIFIC ISLANDER,Eden,17,51
2014,MALE,ASIAN AND PACIFIC ISLANDER,Hudson,17,51
2014,MALE,ASIAN AND PACIFIC ISLANDER,Julian,17,51
2014,MALE,ASIAN AND PACIFIC ISLANDER,Gabriel,17,51
2014,MALE,ASIAN AND PACIFIC ISLANDER,Harrison,16,52
2014,MALE,ASIAN AND PACIFIC ISLANDER,Ayan,16,52
2014,MALE,ASIAN AND PACIFIC ISLANDER,Ayan,16,52
2014,MALE,ASIAN AND PACIFIC ISLANDER,Kayden,16,52
2014,MALE,ASIAN AND PACIFIC ISLANDER,Hayden,16,52
2014,MALE,ASIAN AND PACIFIC ISLANDER,Harrison,16,52
2014,MALE,ASIAN AND PACIFIC ISLANDER,Kayden,16,52
2014,MALE,ASIAN AND PACIFIC ISLANDER,Hayden,16,52
2014,MALE,ASIAN AND PACIFIC ISLANDER,Asher,15,53
2014,MALE,ASIAN AND PACIFIC ISLANDER,Darren,15,53
2014,MALE,ASIAN AND PACIFIC ISLANDER,Bryan,15,53
2014,MALE,ASIAN AND PACIFIC ISLANDER,Jerry,15,53
2014,MALE,ASIAN AND PACIFIC ISLANDER,Asher,15,53
2014,MALE,ASIAN AND PACIFIC ISLANDER,Leon,15,53
2014,MALE,ASIAN AND PACIFIC ISLANDER,George,15,53
2014,MALE,ASIAN AND PACIFIC ISLANDER,Christian,15,53
2014,MALE,ASIAN AND PACIFIC ISLANDER,Christian,15,53
2014,MALE,ASIAN AND PACIFIC ISLANDER,Colin,15,53
2014,MALE,ASIAN AND PACIFIC ISLANDER,Ryder,15,53
2014,MALE,ASIAN AND PACIFIC ISLANDER,Leon,15,53
2014,MALE,ASIAN AND PACIFIC ISLANDER,Ayden,15,53
2014,MALE,ASIAN AND PACIFIC ISLANDER,Ryder,15,53
2014,MALE,ASIAN AND PACIFIC ISLANDER,Ayden,15,53
2014,MALE,ASIAN AND PACIFIC ISLANDER,Jerry,15,53
2014,MALE,ASIAN AND PACIFIC ISLANDER,Darren,15,53
2014,MALE,ASIAN AND PACIFIC ISLANDER,Colin,15,53
2014,MALE,ASIAN AND PACIFIC ISLANDER,Chris,14,54
2014,MALE,ASIAN AND PACIFIC ISLANDER,Luca,14,54
2014,MALE,ASIAN AND PACIFIC ISLANDER,Stanley,14,54
2014,MALE,ASIAN AND PACIFIC ISLANDER,Edison,14,54
2014,MALE,ASIAN AND PACIFIC ISLANDER,Aahil,14,54
2014,MALE,ASIAN AND PACIFIC ISLANDER,Aahil,14,54
2014,MALE,ASIAN AND PACIFIC ISLANDER,Luca,14,54
2014,MALE,ASIAN AND PACIFIC ISLANDER,Edison,14,54
2014,MALE,ASIAN AND PACIFIC ISLANDER,Jake,14,54
2014,MALE,ASIAN AND PACIFIC ISLANDER,Jake,14,54
2014,MALE,ASIAN AND PACIFIC ISLANDER,Stanley,14,54
2014,MALE,ASIAN AND PACIFIC ISLANDER,Chris,14,54
2014,MALE,ASIAN AND PACIFIC ISLANDER,Alston,13,55
2014,MALE,ASIAN AND PACIFIC ISLANDER,Elijah,13,55
2014,MALE,ASIAN AND PACIFIC ISLANDER,Edward,13,55
2014,MALE,ASIAN AND PACIFIC ISLANDER,Armaan,13,55
2014,MALE,ASIAN AND PACIFIC ISLANDER,Neil,13,55
2014,MALE,ASIAN AND PACIFIC ISLANDER,Rehan,13,55
2014,MALE,ASIAN AND PACIFIC ISLANDER,Rehan,13,55
2014,MALE,ASIAN AND PACIFIC ISLANDER,Leonardo,13,55
2014,MALE,ASIAN AND PACIFIC ISLANDER,Edward,13,55
2014,MALE,ASIAN AND PACIFIC ISLANDER,Elvis,13,55
2014,MALE,ASIAN AND PACIFIC ISLANDER,Neil,13,55
2014,MALE,ASIAN AND PACIFIC ISLANDER,Armaan,13,55
2014,MALE,ASIAN AND PACIFIC ISLANDER,Elijah,13,55
2014,MALE,ASIAN AND PACIFIC ISLANDER,Leonardo,13,55
2014,MALE,ASIAN AND PACIFIC ISLANDER,Alston,13,55
2014,MALE,ASIAN AND PACIFIC ISLANDER,Zain,12,56
2014,MALE,ASIAN AND PACIFIC ISLANDER,Anderson,12,56
2014,MALE,ASIAN AND PACIFIC ISLANDER,Isaiah,12,56
2014,MALE,ASIAN AND PACIFIC ISLANDER,Isaiah,12,56
2014,MALE,ASIAN AND PACIFIC ISLANDER,Anderson,12,56
2014,MALE,ASIAN AND PACIFIC ISLANDER,Victor,12,56
2014,MALE,ASIAN AND PACIFIC ISLANDER,Ahmed,12,56
2014,MALE,ASIAN AND PACIFIC ISLANDER,Grayson,12,56
2014,MALE,ASIAN AND PACIFIC ISLANDER,Kaden,12,56
2014,MALE,ASIAN AND PACIFIC ISLANDER,Kaden,12,56
2014,MALE,ASIAN AND PACIFIC ISLANDER,Grayson,12,56
2014,MALE,ASIAN AND PACIFIC ISLANDER,Zain,12,56
2014,MALE,ASIAN AND PACIFIC ISLANDER,Arham,12,56
2014,MALE,ASIAN AND PACIFIC ISLANDER,Sean,12,56
2014,MALE,ASIAN AND PACIFIC ISLANDER,Arham,12,56
2014,MALE,ASIAN AND PACIFIC ISLANDER,Victor,12,56
2014,MALE,ASIAN AND PACIFIC ISLANDER,Sean,12,56
2014,MALE,ASIAN AND PACIFIC ISLANDER,Carter,12,56
2014,MALE,ASIAN AND PACIFIC ISLANDER,Cameron,11,57
2014,MALE,ASIAN AND PACIFIC ISLANDER,Musa,11,57
2014,MALE,ASIAN AND PACIFIC ISLANDER,Shawn,11,57
2014,MALE,ASIAN AND PACIFIC ISLANDER,Edwin,11,57
2014,MALE,ASIAN AND PACIFIC ISLANDER,Wilson,11,57
2014,MALE,ASIAN AND PACIFIC ISLANDER,Musa,11,57
2014,MALE,ASIAN AND PACIFIC ISLANDER,Tony,11,57
2014,MALE,ASIAN AND PACIFIC ISLANDER,Shawn,11,57
2014,MALE,ASIAN AND PACIFIC ISLANDER,Ahnaf,11,57
2014,MALE,ASIAN AND PACIFIC ISLANDER,Chase,11,57
2014,MALE,ASIAN AND PACIFIC ISLANDER,Ahnaf,11,57
2014,MALE,ASIAN AND PACIFIC ISLANDER,Wilson,11,57
2014,MALE,ASIAN AND PACIFIC ISLANDER,Tony,11,57
2014,MALE,ASIAN AND PACIFIC ISLANDER,Arvin,11,57
2014,MALE,ASIAN AND PACIFIC ISLANDER,Cameron,11,57
2014,MALE,ASIAN AND PACIFIC ISLANDER,Edwin,11,57
2014,MALE,ASIAN AND PACIFIC ISLANDER,Arvin,11,57
2014,MALE,ASIAN AND PACIFIC ISLANDER,Chase,11,57
2014,MALE,ASIAN AND PACIFIC ISLANDER,Xavier,10,58
2014,MALE,ASIAN AND PACIFIC ISLANDER,Mark,10,58
2014,MALE,ASIAN AND PACIFIC ISLANDER,Azaan,10,58
2014,MALE,ASIAN AND PACIFIC ISLANDER,Brayden,10,58
2014,MALE,ASIAN AND PACIFIC ISLANDER,Omar,10,58
2014,MALE,ASIAN AND PACIFIC ISLANDER,Kabir,10,58
2014,MALE,ASIAN AND PACIFIC ISLANDER,Eli,10,58
2014,MALE,ASIAN AND PACIFIC ISLANDER,Calvin,10,58
2014,MALE,ASIAN AND PACIFIC ISLANDER,Kabir,10,58
2014,MALE,ASIAN AND PACIFIC ISLANDER,Winston,10,58
2014,MALE,ASIAN AND PACIFIC ISLANDER,Ricky,10,58
2014,MALE,ASIAN AND PACIFIC ISLANDER,Riley,10,58
2014,MALE,ASIAN AND PACIFIC ISLANDER,Roman,10,58
2014,MALE,ASIAN AND PACIFIC ISLANDER,Calvin,10,58
2014,MALE,ASIAN AND PACIFIC ISLANDER,Hassan,10,58
2014,MALE,ASIAN AND PACIFIC ISLANDER,Xavier,10,58
2014,MALE,ASIAN AND PACIFIC ISLANDER,Gary,10,58
2014,MALE,ASIAN AND PACIFIC ISLANDER,Ricky,10,58
2014,MALE,ASIAN AND PACIFIC ISLANDER,Shayan,10,58
2014,MALE,ASIAN AND PACIFIC ISLANDER,Simon,10,58
2014,MALE,ASIAN AND PACIFIC ISLANDER,Travis,10,58
2014,MALE,ASIAN AND PACIFIC ISLANDER,Omar,10,58
2014,MALE,ASIAN AND PACIFIC ISLANDER,Travis,10,58
2014,MALE,ASIAN AND PACIFIC ISLANDER,Emmanuel,10,58
2014,MALE,ASIAN AND PACIFIC ISLANDER,Mark,10,58
2014,MALE,ASIAN AND PACIFIC ISLANDER,Eli,10,58
2014,MALE,ASIAN AND PACIFIC ISLANDER,Shayan,10,58
2014,MALE,ASIAN AND PACIFIC ISLANDER,Aayan,10,58
2014,MALE,ASIAN AND PACIFIC ISLANDER,Winston,10,58
2014,MALE,ASIAN AND PACIFIC ISLANDER,Roman,10,58
2014,MALE,ASIAN AND PACIFIC ISLANDER,Azaan,10,58
2014,MALE,ASIAN AND PACIFIC ISLANDER,Emmanuel,10,58
2014,MALE,ASIAN AND PACIFIC ISLANDER,Riley,10,58
2014,MALE,ASIAN AND PACIFIC ISLANDER,Gordon,10,58
2014,MALE,ASIAN AND PACIFIC ISLANDER,Gordon,10,58
2014,MALE,ASIAN AND PACIFIC ISLANDER,Hassan,10,58
2014,MALE,ASIAN AND PACIFIC ISLANDER,Frank,10,58
2014,MALE,ASIAN AND PACIFIC ISLANDER,Frank,10,58
2014,MALE,ASIAN AND PACIFIC ISLANDER,Brayden,10,58
2014,MALE,ASIAN AND PACIFIC ISLANDER,Gary,10,58
2014,MALE,BLACK NON HISPANIC,Ethan,138,1
2014,MALE,BLACK NON HISPANIC,Noah,128,2
2014,MALE,BLACK NON HISPANIC,Noah,128,2
2014,MALE,BLACK NON HISPANIC,Jayden,121,3
2014,MALE,BLACK NON HISPANIC,Aiden,121,3
2014,MALE,BLACK NON HISPANIC,Jayden,121,3
2014,MALE,BLACK NON HISPANIC,Elijah,117,4
2014,MALE,BLACK NON HISPANIC,Jeremiah,114,5
2014,MALE,BLACK NON HISPANIC,Jeremiah,114,5
2014,MALE,BLACK NON HISPANIC,Liam,113,6
2014,MALE,BLACK NON HISPANIC,Liam,113,6
2014,MALE,BLACK NON HISPANIC,Joshua,108,7
2014,MALE,BLACK NON HISPANIC,Joshua,108,7
2014,MALE,BLACK NON HISPANIC,Carter,106,8
2014,MALE,BLACK NON HISPANIC,Carter,106,8
2014,MALE,BLACK NON HISPANIC,Mason,105,9
2014,MALE,BLACK NON HISPANIC,Mason,105,9
2014,MALE,BLACK NON HISPANIC,Amir,101,10
2014,MALE,BLACK NON HISPANIC,Amir,101,10
2014,MALE,BLACK NON HISPANIC,Josiah,89,11
2014,MALE,BLACK NON HISPANIC,Josiah,89,11
2014,MALE,BLACK NON HISPANIC,Michael,80,12
2014,MALE,BLACK NON HISPANIC,Tyler,77,13
2014,MALE,BLACK NON HISPANIC,Tyler,77,13
2014,MALE,BLACK NON HISPANIC,Christian,76,14
2014,MALE,BLACK NON HISPANIC,Christian,76,14
2014,MALE,BLACK NON HISPANIC,Jacob,73,15
2014,MALE,BLACK NON HISPANIC,Jacob,73,15
2014,MALE,BLACK NON HISPANIC,Logan,70,16
2014,MALE,BLACK NON HISPANIC,Chase,70,16
2014,MALE,BLACK NON HISPANIC,Logan,70,16
2014,MALE,BLACK NON HISPANIC,Chase,70,16
2014,MALE,BLACK NON HISPANIC,Kayden,67,17
2014,MALE,BLACK NON HISPANIC,Kayden,67,17
2014,MALE,BLACK NON HISPANIC,King,66,18
2014,MALE,BLACK NON HISPANIC,King,66,18
2014,MALE,BLACK NON HISPANIC,Kaiden,64,19
2014,MALE,BLACK NON HISPANIC,Kaiden,64,19
2014,MALE,BLACK NON HISPANIC,Nathan,63,20
2014,MALE,BLACK NON HISPANIC,Nathan,63,20
2014,MALE,BLACK NON HISPANIC,Ayden,59,21
2014,MALE,BLACK NON HISPANIC,Ayden,59,21
2014,MALE,BLACK NON HISPANIC,Isaiah,56,22
2014,MALE,BLACK NON HISPANIC,Isaiah,56,22
2014,MALE,BLACK NON HISPANIC,Caleb,55,23
2014,MALE,BLACK NON HISPANIC,Daniel,55,23
2014,MALE,BLACK NON HISPANIC,Christopher,55,23
2014,MALE,BLACK NON HISPANIC,Christopher,55,23
2014,MALE,BLACK NON HISPANIC,Daniel,55,23
2014,MALE,BLACK NON HISPANIC,Caleb,55,23
2014,MALE,BLACK NON HISPANIC,Dylan,53,24
2014,MALE,BLACK NON HISPANIC,Matthew,52,25
2014,MALE,BLACK NON HISPANIC,Tristan,52,25
2014,MALE,BLACK NON HISPANIC,Tristan,52,25
2014,MALE,BLACK NON HISPANIC,Messiah,49,26
2014,MALE,BLACK NON HISPANIC,Alexander,49,26
2014,MALE,BLACK NON HISPANIC,Alexander,49,26
2014,MALE,BLACK NON HISPANIC,Messiah,49,26
2014,MALE,BLACK NON HISPANIC,Nathaniel,48,27
2014,MALE,BLACK NON HISPANIC,Nathaniel,48,27
2014,MALE,BLACK NON HISPANIC,Jonathan,46,28
2014,MALE,BLACK NON HISPANIC,Malachi,46,28
2014,MALE,BLACK NON HISPANIC,Malachi,46,28
2014,MALE,BLACK NON HISPANIC,Ryan,46,28
2014,MALE,BLACK NON HISPANIC,David,46,28
2014,MALE,BLACK NON HISPANIC,David,46,28
2014,MALE,BLACK NON HISPANIC,Xavier,45,29
2014,MALE,BLACK NON HISPANIC,Xavier,45,29
2014,MALE,BLACK NON HISPANIC,Jace,44,30
2014,MALE,BLACK NON HISPANIC,Jace,44,30
2014,MALE,BLACK NON HISPANIC,Gabriel,43,31
2014,MALE,BLACK NON HISPANIC,Justin,43,31
2014,MALE,BLACK NON HISPANIC,Mohamed,43,31
2014,MALE,BLACK NON HISPANIC,Gabriel,43,31
2014,MALE,BLACK NON HISPANIC,Justin,43,31
2014,MALE,BLACK NON HISPANIC,Mohamed,43,31
2014,MALE,BLACK NON HISPANIC,James,41,32
2014,MALE,BLACK NON HISPANIC,James,41,32
2014,MALE,BLACK NON HISPANIC,Andrew,41,32
2014,MALE,BLACK NON HISPANIC,Jordan,40,33
2014,MALE,BLACK NON HISPANIC,Jordan,40,33
2014,MALE,BLACK NON HISPANIC,Zion,40,33
2014,MALE,BLACK NON HISPANIC,Zion,40,33
2014,MALE,BLACK NON HISPANIC,Cameron,38,34
2014,MALE,BLACK NON HISPANIC,Cameron,38,34
2014,MALE,BLACK NON HISPANIC,Emmanuel,37,35
2014,MALE,BLACK NON HISPANIC,Anthony,37,35
2014,MALE,BLACK NON HISPANIC,Emmanuel,37,35
2014,MALE,BLACK NON HISPANIC,Anthony,37,35
2014,MALE,BLACK NON HISPANIC,Jayceon,36,36
2014,MALE,BLACK NON HISPANIC,Zachary,36,36
2014,MALE,BLACK NON HISPANIC,Jayceon,36,36
2014,MALE,BLACK NON HISPANIC,Zachary,36,36
2014,MALE,BLACK NON HISPANIC,Karter,35,37
2014,MALE,BLACK NON HISPANIC,Karter,35,37
2014,MALE,BLACK NON HISPANIC,Aaron,34,38
2014,MALE,BLACK NON HISPANIC,Jason,34,38
2014,MALE,BLACK NON HISPANIC,Aaron,34,38
2014,MALE,BLACK NON HISPANIC,Nasir,33,39
2014,MALE,BLACK NON HISPANIC,Hunter,33,39
2014,MALE,BLACK NON HISPANIC,Jayce,33,39
2014,MALE,BLACK NON HISPANIC,Kyle,33,39
2014,MALE,BLACK NON HISPANIC,Kyle,33,39
2014,MALE,BLACK NON HISPANIC,Hunter,33,39
2014,MALE,BLACK NON HISPANIC,Jayce,33,39
2014,MALE,BLACK NON HISPANIC,Bryce,32,40
2014,MALE,BLACK NON HISPANIC,Micah,32,40
2014,MALE,BLACK NON HISPANIC,Bryce,32,40
2014,MALE,BLACK NON HISPANIC,Brandon,31,41
2014,MALE,BLACK NON HISPANIC,Nicholas,31,41
2014,MALE,BLACK NON HISPANIC,Brandon,31,41
2014,MALE,BLACK NON HISPANIC,Benjamin,30,42
2014,MALE,BLACK NON HISPANIC,Ashton,30,42
2014,MALE,BLACK NON HISPANIC,Amari,30,42
2014,MALE,BLACK NON HISPANIC,Ashton,30,42
2014,MALE,BLACK NON HISPANIC,Kai,30,42
2014,MALE,BLACK NON HISPANIC,Amari,30,42
2014,MALE,BLACK NON HISPANIC,Kai,30,42
2014,MALE,BLACK NON HISPANIC,Joel,29,43
2014,MALE,BLACK NON HISPANIC,Cayden,29,43
2014,MALE,BLACK NON HISPANIC,Joel,29,43
2014,MALE,BLACK NON HISPANIC,Cayden,29,43
2014,MALE,BLACK NON HISPANIC,Jaden,28,44
2014,MALE,BLACK NON HISPANIC,Isaac,28,44
2014,MALE,BLACK NON HISPANIC,Jaden,28,44
2014,MALE,BLACK NON HISPANIC,Chance,28,44
2014,MALE,BLACK NON HISPANIC,Chance,28,44
2014,MALE,BLACK NON HISPANIC,Isaac,28,44
2014,MALE,BLACK NON HISPANIC,Kevin,27,45
2014,MALE,BLACK NON HISPANIC,Malik,27,45
2014,MALE,BLACK NON HISPANIC,Joseph,27,45
2014,MALE,BLACK NON HISPANIC,Malik,27,45
2014,MALE,BLACK NON HISPANIC,Kevin,27,45
2014,MALE,BLACK NON HISPANIC,Samuel,24,46
2014,MALE,BLACK NON HISPANIC,Adam,24,46
2014,MALE,BLACK NON HISPANIC,Mamadou,23,47
2014,MALE,BLACK NON HISPANIC,Mekhi,23,47
2014,MALE,BLACK NON HISPANIC,Avery,23,47
2014,MALE,BLACK NON HISPANIC,Kyrie,23,47
2014,MALE,BLACK NON HISPANIC,Avery,23,47
2014,MALE,BLACK NON HISPANIC,Mekhi,23,47
2014,MALE,BLACK NON HISPANIC,Kyrie,23,47
2014,MALE,BLACK NON HISPANIC,Ibrahim,22,48
2014,MALE,BLACK NON HISPANIC,Ibrahim,22,48
2014,MALE,BLACK NON HISPANIC,Austin,22,48
2014,MALE,BLACK NON HISPANIC,Austin,22,48
2014,MALE,BLACK NON HISPANIC,Omar,21,49
2014,MALE,BLACK NON HISPANIC,Jaiden,21,49
2014,MALE,BLACK NON HISPANIC,Prince,21,49
2014,MALE,BLACK NON HISPANIC,Sebastian,21,49
2014,MALE,BLACK NON HISPANIC,Jaiden,21,49
2014,MALE,BLACK NON HISPANIC,Omar,21,49
2014,MALE,BLACK NON HISPANIC,Sebastian,21,49
2014,MALE,BLACK NON HISPANIC,Prince,21,49
2014,MALE,BLACK NON HISPANIC,William,21,49
2014,MALE,BLACK NON HISPANIC,Eli,20,50
2014,MALE,BLACK NON HISPANIC,Eli,20,50
2014,MALE,BLACK NON HISPANIC,Lucas,20,50
2014,MALE,BLACK NON HISPANIC,Brian,20,50
2014,MALE,BLACK NON HISPANIC,Zaire,20,50
2014,MALE,BLACK NON HISPANIC,Kaden,20,50
2014,MALE,BLACK NON HISPANIC,John,20,50
2014,MALE,BLACK NON HISPANIC,Lucas,20,50
2014,MALE,BLACK NON HISPANIC,Kaleb,20,50
2014,MALE,BLACK NON HISPANIC,Kaleb,20,50
2014,MALE,BLACK NON HISPANIC,John,20,50
2014,MALE,BLACK NON HISPANIC,Brian,20,50
2014,MALE,BLACK NON HISPANIC,Kaden,20,50
2014,MALE,BLACK NON HISPANIC,Zaire,20,50
2014,MALE,BLACK NON HISPANIC,Jaylen,19,51
2014,MALE,BLACK NON HISPANIC,Jaylen,19,51
2014,MALE,BLACK NON HISPANIC,Eric,19,51
2014,MALE,BLACK NON HISPANIC,Sincere,19,51
2014,MALE,BLACK NON HISPANIC,Sincere,19,51
2014,MALE,BLACK NON HISPANIC,Caiden,18,52
2014,MALE,BLACK NON HISPANIC,Julian,18,52
2014,MALE,BLACK NON HISPANIC,Marcus,18,52
2014,MALE,BLACK NON HISPANIC,Caiden,18,52
2014,MALE,BLACK NON HISPANIC,Kareem,18,52
2014,MALE,BLACK NON HISPANIC,Kareem,18,52
2014,MALE,BLACK NON HISPANIC,Julian,18,52
2014,MALE,BLACK NON HISPANIC,Marcus,18,52
2014,MALE,BLACK NON HISPANIC,Blake,17,53
2014,MALE,BLACK NON HISPANIC,Aden,17,53
2014,MALE,BLACK NON HISPANIC,Julius,17,53
2014,MALE,BLACK NON HISPANIC,Kristian,17,53
2014,MALE,BLACK NON HISPANIC,Blake,17,53
2014,MALE,BLACK NON HISPANIC,Julius,17,53
2014,MALE,BLACK NON HISPANIC,Bryson,17,53
2014,MALE,BLACK NON HISPANIC,Aden,17,53
2014,MALE,BLACK NON HISPANIC,Kristian,17,53
2014,MALE,BLACK NON HISPANIC,Bryson,17,53
2014,MALE,BLACK NON HISPANIC,Richard,16,54
2014,MALE,BLACK NON HISPANIC,Nolan,16,54
2014,MALE,BLACK NON HISPANIC,Moussa,16,54
2014,MALE,BLACK NON HISPANIC,Preston,16,54
2014,MALE,BLACK NON HISPANIC,Alpha,16,54
2014,MALE,BLACK NON HISPANIC,Kingston,16,54
2014,MALE,BLACK NON HISPANIC,Preston,16,54
2014,MALE,BLACK NON HISPANIC,Richard,16,54
2014,MALE,BLACK NON HISPANIC,Kingston,16,54
2014,MALE,BLACK NON HISPANIC,Alpha,16,54
2014,MALE,BLACK NON HISPANIC,Major,16,54
2014,MALE,BLACK NON HISPANIC,Moussa,16,54
2014,MALE,BLACK NON HISPANIC,Nolan,16,54
2014,MALE,BLACK NON HISPANIC,Major,16,54
2014,MALE,BLACK NON HISPANIC,Elias,15,55
2014,MALE,BLACK NON HISPANIC,Bryan,15,55
2014,MALE,BLACK NON HISPANIC,Quincy,15,55
2014,MALE,BLACK NON HISPANIC,Ezekiel,15,55
2014,MALE,BLACK NON HISPANIC,Amadou,15,55
2014,MALE,BLACK NON HISPANIC,Elias,15,55
2014,MALE,BLACK NON HISPANIC,Giovanni,15,55
2014,MALE,BLACK NON HISPANIC,Giovanni,15,55
2014,MALE,BLACK NON HISPANIC,Ezekiel,15,55
2014,MALE,BLACK NON HISPANIC,Quincy,15,55
2014,MALE,BLACK NON HISPANIC,Amadou,15,55
2014,MALE,BLACK NON HISPANIC,Bradley,15,55
2014,MALE,BLACK NON HISPANIC,Adrian,15,55
2014,MALE,BLACK NON HISPANIC,Bradley,15,55
2014,MALE,BLACK NON HISPANIC,Bryan,15,55
2014,MALE,BLACK NON HISPANIC,Zaiden,14,56
2014,MALE,BLACK NON HISPANIC,Zahir,14,56
2014,MALE,BLACK NON HISPANIC,Dominic,14,56
2014,MALE,BLACK NON HISPANIC,Riley,14,56
2014,MALE,BLACK NON HISPANIC,Abdoulaye,14,56
2014,MALE,BLACK NON HISPANIC,Dominic,14,56
2014,MALE,BLACK NON HISPANIC,Zaiden,14,56
2014,MALE,BLACK NON HISPANIC,Zahir,14,56
2014,MALE,BLACK NON HISPANIC,Oumar,14,56
2014,MALE,BLACK NON HISPANIC,Riley,14,56
2014,MALE,BLACK NON HISPANIC,Jeremy,14,56
2014,MALE,BLACK NON HISPANIC,Oumar,14,56
2014,MALE,BLACK NON HISPANIC,Peyton,14,56
2014,MALE,BLACK NON HISPANIC,Levi,13,57
2014,MALE,BLACK NON HISPANIC,Zayden,13,57
2014,MALE,BLACK NON HISPANIC,Sean,13,57
2014,MALE,BLACK NON HISPANIC,Miles,13,57
2014,MALE,BLACK NON HISPANIC,Khalil,13,57
2014,MALE,BLACK NON HISPANIC,Abraham,13,57
2014,MALE,BLACK NON HISPANIC,Ibrahima,13,57
2014,MALE,BLACK NON HISPANIC,Abraham,13,57
2014,MALE,BLACK NON HISPANIC,Carmelo,13,57
2014,MALE,BLACK NON HISPANIC,Khalil,13,57
2014,MALE,BLACK NON HISPANIC,Robert,13,57
2014,MALE,BLACK NON HISPANIC,Noel,13,57
2014,MALE,BLACK NON HISPANIC,Omari,13,57
2014,MALE,BLACK NON HISPANIC,Ibrahima,13,57
2014,MALE,BLACK NON HISPANIC,Asher,13,57
2014,MALE,BLACK NON HISPANIC,Miles,13,57
2014,MALE,BLACK NON HISPANIC,Zayden,13,57
2014,MALE,BLACK NON HISPANIC,Robert,13,57
2014,MALE,BLACK NON HISPANIC,Luke,13,57
2014,MALE,BLACK NON HISPANIC,Noel,13,57
2014,MALE,BLACK NON HISPANIC,Carmelo,13,57
2014,MALE,BLACK NON HISPANIC,Omari,13,57
2014,MALE,BLACK NON HISPANIC,Sean,13,57
2014,MALE,BLACK NON HISPANIC,Luke,13,57
2014,MALE,BLACK NON HISPANIC,Andre,13,57
2014,MALE,BLACK NON HISPANIC,Jamar,12,58
2014,MALE,BLACK NON HISPANIC,Jaxon,12,58
2014,MALE,BLACK NON HISPANIC,Kamari,12,58
2014,MALE,BLACK NON HISPANIC,Jasiah,12,58
2014,MALE,BLACK NON HISPANIC,Kamari,12,58
2014,MALE,BLACK NON HISPANIC,Princeton,12,58
2014,MALE,BLACK NON HISPANIC,Princeton,12,58
2014,MALE,BLACK NON HISPANIC,Mouhamed,12,58
2014,MALE,BLACK NON HISPANIC,Kenneth,12,58
2014,MALE,BLACK NON HISPANIC,Mohammed,12,58
2014,MALE,BLACK NON HISPANIC,Gavin,12,58
2014,MALE,BLACK NON HISPANIC,Jaxon,12,58
2014,MALE,BLACK NON HISPANIC,Jamar,12,58
2014,MALE,BLACK NON HISPANIC,Travis,12,58
2014,MALE,BLACK NON HISPANIC,Mohammed,12,58
2014,MALE,BLACK NON HISPANIC,Mouhamed,12,58
2014,MALE,BLACK NON HISPANIC,Abdoul,11,59
2014,MALE,BLACK NON HISPANIC,Timothy,11,59
2014,MALE,BLACK NON HISPANIC,Antonio,11,59
2014,MALE,BLACK NON HISPANIC,Abdoul,11,59
2014,MALE,BLACK NON HISPANIC,Adonis,11,59
2014,MALE,BLACK NON HISPANIC,Adonis,11,59
2014,MALE,BLACK NON HISPANIC,Charles,11,59
2014,MALE,BLACK NON HISPANIC,Timothy,11,59
2014,MALE,BLACK NON HISPANIC,Thomas,11,59
2014,MALE,BLACK NON HISPANIC,Landon,11,59
2014,MALE,BLACK NON HISPANIC,Greyson,11,59
2014,MALE,BLACK NON HISPANIC,Jalen,11,59
2014,MALE,BLACK NON HISPANIC,Jayson,11,59
2014,MALE,BLACK NON HISPANIC,Jayson,11,59
2014,MALE,BLACK NON HISPANIC,Thomas,11,59
2014,MALE,BLACK NON HISPANIC,Myles,11,59
2014,MALE,BLACK NON HISPANIC,Greyson,11,59
2014,MALE,BLACK NON HISPANIC,Landon,11,59
2014,MALE,BLACK NON HISPANIC,Calvin,10,60
2014,MALE,BLACK NON HISPANIC,Ali,10,60
2014,MALE,BLACK NON HISPANIC,Wyatt,10,60
2014,MALE,BLACK NON HISPANIC,Ezra,10,60
2014,MALE,BLACK NON HISPANIC,Steven,10,60
2014,MALE,BLACK NON HISPANIC,Darren,10,60
2014,MALE,BLACK NON HISPANIC,Roman,10,60
2014,MALE,BLACK NON HISPANIC,Roman,10,60
2014,MALE,BLACK NON HISPANIC,Amare,10,60
2014,MALE,BLACK NON HISPANIC,Savion,10,60
2014,MALE,BLACK NON HISPANIC,Zane,10,60
2014,MALE,BLACK NON HISPANIC,Caden,10,60
2014,MALE,BLACK NON HISPANIC,Lorenzo,10,60
2014,MALE,BLACK NON HISPANIC,Ezra,10,60
2014,MALE,BLACK NON HISPANIC,Seth,10,60
2014,MALE,BLACK NON HISPANIC,Steven,10,60
2014,MALE,BLACK NON HISPANIC,Ahmed,10,60
2014,MALE,BLACK NON HISPANIC,Seth,10,60
2014,MALE,BLACK NON HISPANIC,Donovan,10,60
2014,MALE,BLACK NON HISPANIC,Devin,10,60
2014,MALE,BLACK NON HISPANIC,Savion,10,60
2014,MALE,BLACK NON HISPANIC,Amare,10,60
2014,MALE,BLACK NON HISPANIC,Calvin,10,60
2014,MALE,BLACK NON HISPANIC,Darren,10,60
2014,MALE,BLACK NON HISPANIC,Wyatt,10,60
2014,MALE,BLACK NON HISPANIC,Caden,10,60
2014,MALE,BLACK NON HISPANIC,Lorenzo,10,60
2014,MALE,BLACK NON HISPANIC,Ahmed,10,60
2014,MALE,BLACK NON HISPANIC,Zamir,10,60
2014,MALE,BLACK NON HISPANIC,Zane,10,60
2014,MALE,BLACK NON HISPANIC,Donovan,10,60
2014,MALE,BLACK NON HISPANIC,Ali,10,60
2014,MALE,BLACK NON HISPANIC,Justice,10,60
2014,MALE,BLACK NON HISPANIC,Angel,10,60
2014,MALE,BLACK NON HISPANIC,Angel,10,60
2014,MALE,BLACK NON HISPANIC,Zamir,10,60
2014,MALE,BLACK NON HISPANIC,Justice,10,60
2014,MALE,HISPANIC,Liam,312,1
2014,MALE,HISPANIC,Liam,312,1
2014,MALE,HISPANIC,Dylan,292,2
2014,MALE,HISPANIC,Jacob,292,2
2014,MALE,HISPANIC,Dylan,292,2
2014,MALE,HISPANIC,Noah,282,3
2014,MALE,HISPANIC,Jayden,266,4
2014,MALE,HISPANIC,Jayden,266,4
2014,MALE,HISPANIC,Ethan,262,5
2014,MALE,HISPANIC,Matthew,257,6
2014,MALE,HISPANIC,Matthew,257,6
2014,MALE,HISPANIC,Sebastian,241,7
2014,MALE,HISPANIC,Sebastian,241,7
2014,MALE,HISPANIC,Alexander,213,8
2014,MALE,HISPANIC,Daniel,204,9
2014,MALE,HISPANIC,Angel,194,10
2014,MALE,HISPANIC,Angel,194,10
2014,MALE,HISPANIC,Lucas,187,11
2014,MALE,HISPANIC,Lucas,187,11
2014,MALE,HISPANIC,Mason,184,12
2014,MALE,HISPANIC,Mason,184,12
2014,MALE,HISPANIC,Michael,174,13
2014,MALE,HISPANIC,Michael,174,13
2014,MALE,HISPANIC,David,167,14
2014,MALE,HISPANIC,David,167,14
2014,MALE,HISPANIC,Aiden,165,15
2014,MALE,HISPANIC,Aiden,165,15
2014,MALE,HISPANIC,Christopher,156,16
2014,MALE,HISPANIC,Christopher,156,16
2014,MALE,HISPANIC,Anthony,152,17
2014,MALE,HISPANIC,Anthony,152,17
2014,MALE,HISPANIC,Joshua,152,17
2014,MALE,HISPANIC,Adrian,140,18
2014,MALE,HISPANIC,Adrian,140,18
2014,MALE,HISPANIC,Gabriel,138,19
2014,MALE,HISPANIC,Gabriel,138,19
2014,MALE,HISPANIC,Brandon,131,20
2014,MALE,HISPANIC,Brandon,131,20
2014,MALE,HISPANIC,Aaron,129,21
2014,MALE,HISPANIC,Aaron,129,21
2014,MALE,HISPANIC,Justin,125,22
2014,MALE,HISPANIC,Justin,125,22
2014,MALE,HISPANIC,Elijah,119,23
2014,MALE,HISPANIC,Elijah,119,23
2014,MALE,HISPANIC,Kevin,117,24
2014,MALE,HISPANIC,Kevin,117,24
2014,MALE,HISPANIC,Joseph,114,25
2014,MALE,HISPANIC,Joseph,114,25
2014,MALE,HISPANIC,Jonathan,113,26
2014,MALE,HISPANIC,Ian,112,27
2014,MALE,HISPANIC,Ian,112,27
2014,MALE,HISPANIC,Jeremy,109,28
2014,MALE,HISPANIC,Logan,107,29
2014,MALE,HISPANIC,Logan,107,29
2014,MALE,HISPANIC,Julian,106,30
2014,MALE,HISPANIC,Nicholas,103,31
2014,MALE,HISPANIC,Ryan,102,32
2014,MALE,HISPANIC,Ryan,102,32
2014,MALE,HISPANIC,Jose,100,33
2014,MALE,HISPANIC,Jose,100,33
2014,MALE,HISPANIC,James,99,34
2014,MALE,HISPANIC,James,99,34
2014,MALE,HISPANIC,Jeremiah,98,35
2014,MALE,HISPANIC,Luis,98,35
2014,MALE,HISPANIC,Luis,98,35
2014,MALE,HISPANIC,Jeremiah,98,35
2014,MALE,HISPANIC,Ayden,91,36
2014,MALE,HISPANIC,Ayden,91,36
2014,MALE,HISPANIC,Christian,90,37
2014,MALE,HISPANIC,Christian,90,37
2014,MALE,HISPANIC,Isaac,89,38
2014,MALE,HISPANIC,Elias,89,38
2014,MALE,HISPANIC,Elias,89,38
2014,MALE,HISPANIC,Isaac,89,38
2014,MALE,HISPANIC,Andrew,88,39
2014,MALE,HISPANIC,Andrew,88,39
2014,MALE,HISPANIC,Carlos,86,40
2014,MALE,HISPANIC,Carlos,86,40
2014,MALE,HISPANIC,Xavier,83,41
2014,MALE,HISPANIC,Xavier,83,41
2014,MALE,HISPANIC,Bryan,83,41
2014,MALE,HISPANIC,Bryan,83,41
2014,MALE,HISPANIC,Nathan,79,42
2014,MALE,HISPANIC,Samuel,78,43
2014,MALE,HISPANIC,Samuel,78,43
2014,MALE,HISPANIC,Joel,76,44
2014,MALE,HISPANIC,Joel,76,44
2014,MALE,HISPANIC,Steven,74,45
2014,MALE,HISPANIC,Steven,74,45
2014,MALE,HISPANIC,Jason,70,46
2014,MALE,HISPANIC,Jason,70,46
2014,MALE,HISPANIC,Benjamin,69,47
2014,MALE,HISPANIC,Jesus,67,48
2014,MALE,HISPANIC,Jesus,67,48
2014,MALE,HISPANIC,Alex,66,49
2014,MALE,HISPANIC,Mateo,66,49
2014,MALE,HISPANIC,Mateo,66,49
2014,MALE,HISPANIC,John,66,49
2014,MALE,HISPANIC,Juan,66,49
2014,MALE,HISPANIC,Alex,66,49
2014,MALE,HISPANIC,John,66,49
2014,MALE,HISPANIC,Juan,66,49
2014,MALE,HISPANIC,Miguel,64,50
2014,MALE,HISPANIC,Miguel,64,50
2014,MALE,HISPANIC,Emmanuel,64,50
2014,MALE,HISPANIC,Emmanuel,64,50
2014,MALE,HISPANIC,Jace,63,51
2014,MALE,HISPANIC,Diego,62,52
2014,MALE,HISPANIC,Jordan,62,52
2014,MALE,HISPANIC,Alan,62,52
2014,MALE,HISPANIC,Alan,62,52
2014,MALE,HISPANIC,Diego,62,52
2014,MALE,HISPANIC,Leonardo,61,53
2014,MALE,HISPANIC,Leonardo,61,53
2014,MALE,HISPANIC,Kayden,59,54
2014,MALE,HISPANIC,Santiago,59,54
2014,MALE,HISPANIC,William,59,54
2014,MALE,HISPANIC,Kayden,59,54
2014,MALE,HISPANIC,Santiago,59,54
2014,MALE,HISPANIC,William,59,54
2014,MALE,HISPANIC,Alejandro,55,55
2014,MALE,HISPANIC,Alejandro,55,55
2014,MALE,HISPANIC,Erick,55,55
2014,MALE,HISPANIC,Erick,55,55
2014,MALE,HISPANIC,Derek,54,56
2014,MALE,HISPANIC,Derek,54,56
2014,MALE,HISPANIC,Nathaniel,53,57
2014,MALE,HISPANIC,Nathaniel,53,57
2014,MALE,HISPANIC,Victor,52,58
2014,MALE,HISPANIC,Axel,52,58
2014,MALE,HISPANIC,Victor,52,58
2014,MALE,HISPANIC,Axel,52,58
2014,MALE,HISPANIC,Josiah,52,58
2014,MALE,HISPANIC,Adam,51,59
2014,MALE,HISPANIC,Adam,51,59
2014,MALE,HISPANIC,Evan,49,60
2014,MALE,HISPANIC,Nicolas,49,60
2014,MALE,HISPANIC,Iker,49,60
2014,MALE,HISPANIC,Evan,49,60
2014,MALE,HISPANIC,Damian,49,60
2014,MALE,HISPANIC,Iker,49,60
2014,MALE,HISPANIC,Damian,49,60
2014,MALE,HISPANIC,Nicolas,49,60
2014,MALE,HISPANIC,Isaiah,47,61
2014,MALE,HISPANIC,Isaiah,47,61
2014,MALE,HISPANIC,Julius,46,62
2014,MALE,HISPANIC,Julius,46,62
2014,MALE,HISPANIC,Oliver,45,63
2014,MALE,HISPANIC,Oliver,45,63
2014,MALE,HISPANIC,Ivan,44,64
2014,MALE,HISPANIC,Jadiel,44,64
2014,MALE,HISPANIC,Jaden,43,65
2014,MALE,HISPANIC,Jaden,43,65
2014,MALE,HISPANIC,Javier,42,66
2014,MALE,HISPANIC,Caleb,42,66
2014,MALE,HISPANIC,Caleb,42,66
2014,MALE,HISPANIC,Giovanni,42,66
2014,MALE,HISPANIC,Giovanni,42,66
2014,MALE,HISPANIC,Edwin,41,67
2014,MALE,HISPANIC,Jake,41,67
2014,MALE,HISPANIC,Edwin,41,67
2014,MALE,HISPANIC,Jake,41,67
2014,MALE,HISPANIC,Tyler,40,68
2014,MALE,HISPANIC,Tyler,40,68
2014,MALE,HISPANIC,Alexis,40,68
2014,MALE,HISPANIC,Alexis,40,68
2014,MALE,HISPANIC,Austin,39,69
2014,MALE,HISPANIC,Eli,39,69
2014,MALE,HISPANIC,Eli,39,69
2014,MALE,HISPANIC,Austin,39,69
2014,MALE,HISPANIC,Gael,38,70
2014,MALE,HISPANIC,Gael,38,70
2014,MALE,HISPANIC,Thiago,37,71
2014,MALE,HISPANIC,Thiago,37,71
2014,MALE,HISPANIC,Antonio,36,72
2014,MALE,HISPANIC,Jayce,35,73
2014,MALE,HISPANIC,Tristan,35,73
2014,MALE,HISPANIC,Jayce,35,73
2014,MALE,HISPANIC,Edward,35,73
2014,MALE,HISPANIC,Josue,35,73
2014,MALE,HISPANIC,Josue,35,73
2014,MALE,HISPANIC,Tristan,35,73
2014,MALE,HISPANIC,Edward,35,73
2014,MALE,HISPANIC,Adriel,34,74
2014,MALE,HISPANIC,Adriel,34,74
2014,MALE,HISPANIC,Andy,33,75
2014,MALE,HISPANIC,Dominic,33,75
2014,MALE,HISPANIC,Cristian,33,75
2014,MALE,HISPANIC,Abraham,33,75
2014,MALE,HISPANIC,Francisco,33,75
2014,MALE,HISPANIC,Andy,33,75
2014,MALE,HISPANIC,Abraham,33,75
2014,MALE,HISPANIC,Hunter,33,75
2014,MALE,HISPANIC,Hunter,33,75
2014,MALE,HISPANIC,Cristian,33,75
2014,MALE,HISPANIC,Milan,32,76
2014,MALE,HISPANIC,Matias,32,76
2014,MALE,HISPANIC,Matias,32,76
2014,MALE,HISPANIC,Milan,32,76
2014,MALE,HISPANIC,Noel,31,77
2014,MALE,HISPANIC,Noel,31,77
2014,MALE,HISPANIC,Robert,30,78
2014,MALE,HISPANIC,Andres,30,78
2014,MALE,HISPANIC,Robert,30,78
2014,MALE,HISPANIC,Andres,30,78
2014,MALE,HISPANIC,Thomas,30,78
2014,MALE,HISPANIC,Jorge,29,79
2014,MALE,HISPANIC,Henry,29,79
2014,MALE,HISPANIC,Henry,29,79
2014,MALE,HISPANIC,Jorge,29,79
2014,MALE,HISPANIC,Dariel,28,80
2014,MALE,HISPANIC,Maximus,28,80
2014,MALE,HISPANIC,Dariel,28,80
2014,MALE,HISPANIC,Maximus,28,80
2014,MALE,HISPANIC,Bradley,28,80
2014,MALE,HISPANIC,Richard,27,81
2014,MALE,HISPANIC,Eric,27,81
2014,MALE,HISPANIC,Zachary,27,81
2014,MALE,HISPANIC,Eric,27,81
2014,MALE,HISPANIC,Zachary,27,81
2014,MALE,HISPANIC,King,26,82
2014,MALE,HISPANIC,Fernando,26,82
2014,MALE,HISPANIC,Ismael,26,82
2014,MALE,HISPANIC,Oscar,26,82
2014,MALE,HISPANIC,Brian,26,82
2014,MALE,HISPANIC,Ismael,26,82
2014,MALE,HISPANIC,King,26,82
2014,MALE,HISPANIC,Brian,26,82
2014,MALE,HISPANIC,Oscar,26,82
2014,MALE,HISPANIC,Fernando,26,82
2014,MALE,HISPANIC,Jared,25,83
2014,MALE,HISPANIC,Manuel,25,83
2014,MALE,HISPANIC,Jack,25,83
2014,MALE,HISPANIC,Manuel,25,83
2014,MALE,HISPANIC,Jared,25,83
2014,MALE,HISPANIC,Kenneth,24,84
2014,MALE,HISPANIC,Emanuel,24,84
2014,MALE,HISPANIC,Aidan,24,84
2014,MALE,HISPANIC,Kenneth,24,84
2014,MALE,HISPANIC,Aidan,24,84
2014,MALE,HISPANIC,Edgar,24,84
2014,MALE,HISPANIC,Emanuel,24,84
2014,MALE,HISPANIC,Riley,23,85
2014,MALE,HISPANIC,Cesar,23,85
2014,MALE,HISPANIC,Riley,23,85
2014,MALE,HISPANIC,Omar,23,85
2014,MALE,HISPANIC,Avery,23,85
2014,MALE,HISPANIC,Cesar,23,85
2014,MALE,HISPANIC,Johan,23,85
2014,MALE,HISPANIC,Johan,23,85
2014,MALE,HISPANIC,Avery,23,85
2014,MALE,HISPANIC,Emilio,22,86
2014,MALE,HISPANIC,Roberto,22,86
2014,MALE,HISPANIC,Emilio,22,86
2014,MALE,HISPANIC,Leo,22,86
2014,MALE,HISPANIC,Jean,22,86
2014,MALE,HISPANIC,Ricardo,22,86
2014,MALE,HISPANIC,Roberto,22,86
2014,MALE,HISPANIC,Leo,22,86
2014,MALE,HISPANIC,Jean,22,86
2014,MALE,HISPANIC,Charles,21,87
2014,MALE,HISPANIC,Chase,21,87
2014,MALE,HISPANIC,Jackson,21,87
2014,MALE,HISPANIC,Jay,21,87
2014,MALE,HISPANIC,Joaquin,21,87
2014,MALE,HISPANIC,Jay,21,87
2014,MALE,HISPANIC,Vincent,21,87
2014,MALE,HISPANIC,Chase,21,87
2014,MALE,HISPANIC,Joaquin,21,87
2014,MALE,HISPANIC,Charles,21,87
2014,MALE,HISPANIC,Jackson,21,87
2014,MALE,HISPANIC,George,20,88
2014,MALE,HISPANIC,Jaxon,20,88
2014,MALE,HISPANIC,Marco,20,88
2014,MALE,HISPANIC,Kaiden,20,88
2014,MALE,HISPANIC,George,20,88
2014,MALE,HISPANIC,Adonis,20,88
2014,MALE,HISPANIC,Kaiden,20,88
2014,MALE,HISPANIC,Martin,20,88
2014,MALE,HISPANIC,Rafael,20,88
2014,MALE,HISPANIC,Marco,20,88
2014,MALE,HISPANIC,Rafael,20,88
2014,MALE,HISPANIC,Jariel,20,88
2014,MALE,HISPANIC,Eduardo,19,89
2014,MALE,HISPANIC,Marcus,19,89
2014,MALE,HISPANIC,Mario,19,89
2014,MALE,HISPANIC,Carter,19,89
2014,MALE,HISPANIC,Eduardo,19,89
2014,MALE,HISPANIC,Cameron,19,89
2014,MALE,HISPANIC,Neymar,19,89
2014,MALE,HISPANIC,Amir,19,89
2014,MALE,HISPANIC,Elian,19,89
2014,MALE,HISPANIC,Brayan,19,89
2014,MALE,HISPANIC,Brayan,19,89
2014,MALE,HISPANIC,Cameron,19,89
2014,MALE,HISPANIC,Carter,19,89
2014,MALE,HISPANIC,Amir,19,89
2014,MALE,HISPANIC,Prince,19,89
2014,MALE,HISPANIC,Prince,19,89
2014,MALE,HISPANIC,Elian,19,89
2014,MALE,HISPANIC,Jeffrey,18,90
2014,MALE,HISPANIC,Gavin,18,90
2014,MALE,HISPANIC,Jeffrey,18,90
2014,MALE,HISPANIC,Hector,18,90
2014,MALE,HISPANIC,Lukas,18,90
2014,MALE,HISPANIC,Mathew,18,90
2014,MALE,HISPANIC,Gavin,18,90
2014,MALE,HISPANIC,Lukas,18,90
2014,MALE,HISPANIC,Luca,18,90
2014,MALE,HISPANIC,Israel,18,90
2014,MALE,HISPANIC,Abel,18,90
2014,MALE,HISPANIC,Enrique,18,90
2014,MALE,HISPANIC,Hector,18,90
2014,MALE,HISPANIC,Mathew,18,90
2014,MALE,HISPANIC,Luca,18,90
2014,MALE,HISPANIC,Johnny,17,91
2014,MALE,HISPANIC,Lorenzo,17,91
2014,MALE,HISPANIC,Anderson,17,91
2014,MALE,HISPANIC,Chris,17,91
2014,MALE,HISPANIC,Brayden,17,91
2014,MALE,HISPANIC,Peter,17,91
2014,MALE,HISPANIC,Luke,17,91
2014,MALE,HISPANIC,Jefferson,17,91
2014,MALE,HISPANIC,Danny,17,91
2014,MALE,HISPANIC,Messiah,17,91
2014,MALE,HISPANIC,Luke,17,91
2014,MALE,HISPANIC,Raymond,17,91
2014,MALE,HISPANIC,Danny,17,91
2014,MALE,HISPANIC,Anderson,17,91
2014,MALE,HISPANIC,Raymond,17,91
2014,MALE,HISPANIC,Lorenzo,17,91
2014,MALE,HISPANIC,Chris,17,91
2014,MALE,HISPANIC,Johnny,17,91
2014,MALE,HISPANIC,Matteo,17,91
2014,MALE,HISPANIC,Messiah,17,91
2014,MALE,HISPANIC,Peter,17,91
2014,MALE,HISPANIC,Jefferson,17,91
2014,MALE,HISPANIC,Enzo,17,91
2014,MALE,HISPANIC,Enzo,17,91
2014,MALE,HISPANIC,Brayden,17,91
2014,MALE,HISPANIC,Pablo,16,92
2014,MALE,HISPANIC,Damien,16,92
2014,MALE,HISPANIC,Sergio,16,92
2014,MALE,HISPANIC,Mathias,16,92
2014,MALE,HISPANIC,Dominick,16,92
2014,MALE,HISPANIC,Dante,16,92
2014,MALE,HISPANIC,Sergio,16,92
2014,MALE,HISPANIC,Ariel,16,92
2014,MALE,HISPANIC,Damien,16,92
2014,MALE,HISPANIC,Kaleb,16,92
2014,MALE,HISPANIC,Saul,16,92
2014,MALE,HISPANIC,Jayson,16,92
2014,MALE,HISPANIC,Timothy,16,92
2014,MALE,HISPANIC,Saul,16,92
2014,MALE,HISPANIC,Mathias,16,92
2014,MALE,HISPANIC,Maxwell,16,92
2014,MALE,HISPANIC,Dominick,16,92
2014,MALE,HISPANIC,Jayson,16,92
2014,MALE,HISPANIC,Kaleb,16,92
2014,MALE,HISPANIC,Timothy,16,92
2014,MALE,HISPANIC,Pablo,16,92
2014,MALE,HISPANIC,Yadiel,15,93
2014,MALE,HISPANIC,Albert,15,93
2014,MALE,HISPANIC,Yandel,15,93
2014,MALE,HISPANIC,Yahir,15,93
2014,MALE,HISPANIC,Yadiel,15,93
2014,MALE,HISPANIC,Yahir,15,93
2014,MALE,HISPANIC,Yandel,15,93
2014,MALE,HISPANIC,Landon,15,93
2014,MALE,HISPANIC,Landon,15,93
2014,MALE,HISPANIC,Julio,15,93
2014,MALE,HISPANIC,Julio,15,93
2014,MALE,HISPANIC,Albert,15,93
2014,MALE,HISPANIC,Jaiden,14,94
2014,MALE,HISPANIC,Romeo,14,94
2014,MALE,HISPANIC,Junior,14,94
2014,MALE,HISPANIC,Jaiden,14,94
2014,MALE,HISPANIC,Bruce,14,94
2014,MALE,HISPANIC,Bruce,14,94
2014,MALE,HISPANIC,Ezequiel,14,94
2014,MALE,HISPANIC,Levi,14,94
2014,MALE,HISPANIC,Hudson,14,94
2014,MALE,HISPANIC,Marcos,14,94
2014,MALE,HISPANIC,Maximiliano,14,94
2014,MALE,HISPANIC,Junior,14,94
2014,MALE,HISPANIC,Kyle,14,94
2014,MALE,HISPANIC,Kenny,14,94
2014,MALE,HISPANIC,Kenny,14,94
2014,MALE,HISPANIC,Kyle,14,94
2014,MALE,HISPANIC,Levi,14,94
2014,MALE,HISPANIC,Hudson,14,94
2014,MALE,HISPANIC,Marcos,14,94
2014,MALE,HISPANIC,Maximiliano,14,94
2014,MALE,HISPANIC,Romeo,14,94
2014,MALE,HISPANIC,Bryant,13,95
2014,MALE,HISPANIC,Miles,13,95
2014,MALE,HISPANIC,Miles,13,95
2014,MALE,HISPANIC,Jonas,13,95
2014,MALE,HISPANIC,Kai,13,95
2014,MALE,HISPANIC,Bryce,13,95
2014,MALE,HISPANIC,Allan,13,95
2014,MALE,HISPANIC,Mark,13,95
2014,MALE,HISPANIC,Kai,13,95
2014,MALE,HISPANIC,Esteban,13,95
2014,MALE,HISPANIC,Bryant,13,95
2014,MALE,HISPANIC,Jayceon,13,95
2014,MALE,HISPANIC,Felix,13,95
2014,MALE,HISPANIC,Jayceon,13,95
2014,MALE,HISPANIC,Ashton,13,95
2014,MALE,HISPANIC,Allan,13,95
2014,MALE,HISPANIC,Max,13,95
2014,MALE,HISPANIC,Alberto,13,95
2014,MALE,HISPANIC,Armani,13,95
2014,MALE,HISPANIC,Jael,13,95
2014,MALE,HISPANIC,Esteban,13,95
2014,MALE,HISPANIC,Zayden,13,95
2014,MALE,HISPANIC,Felix,13,95
2014,MALE,HISPANIC,Bryce,13,95
2014,MALE,HISPANIC,Max,13,95
2014,MALE,HISPANIC,Zayden,13,95
2014,MALE,HISPANIC,Jonas,13,95
2014,MALE,HISPANIC,Armani,13,95
2014,MALE,HISPANIC,Leon,13,95
2014,MALE,HISPANIC,Alberto,13,95
2014,MALE,HISPANIC,Ashton,13,95
2014,MALE,HISPANIC,Jael,13,95
2014,MALE,HISPANIC,Leon,13,95
2014,MALE,HISPANIC,Kendrick,12,96
2014,MALE,HISPANIC,Jonah,12,96
2014,MALE,HISPANIC,Ezra,12,96
2014,MALE,HISPANIC,Devin,12,96
2014,MALE,HISPANIC,Randy,12,96
2014,MALE,HISPANIC,Yariel,12,96
2014,MALE,HISPANIC,Dean,12,96
2014,MALE,HISPANIC,Marcelo,12,96
2014,MALE,HISPANIC,Steve,12,96
2014,MALE,HISPANIC,Ezra,12,96
2014,MALE,HISPANIC,Yariel,12,96
2014,MALE,HISPANIC,Steve,12,96
2014,MALE,HISPANIC,Pedro,12,96
2014,MALE,HISPANIC,Dean,12,96
2014,MALE,HISPANIC,Nelson,12,96
2014,MALE,HISPANIC,Rodrigo,12,96
2014,MALE,HISPANIC,Pedro,12,96
2014,MALE,HISPANIC,Marcelo,12,96
2014,MALE,HISPANIC,Jonah,12,96
2014,MALE,HISPANIC,Randy,12,96
2014,MALE,HISPANIC,Allen,12,96
2014,MALE,HISPANIC,Devin,12,96
2014,MALE,HISPANIC,Nelson,12,96
2014,MALE,HISPANIC,Kendrick,12,96
2014,MALE,HISPANIC,Rodrigo,12,96
2014,MALE,HISPANIC,Marlon,11,97
2014,MALE,HISPANIC,Darwin,11,97
2014,MALE,HISPANIC,Louis,11,97
2014,MALE,HISPANIC,Leonidas,11,97
2014,MALE,HISPANIC,Leandro,11,97
2014,MALE,HISPANIC,Maximilian,11,97
2014,MALE,HISPANIC,Emiliano,11,97
2014,MALE,HISPANIC,Jaxson,11,97
2014,MALE,HISPANIC,Frank,11,97
2014,MALE,HISPANIC,Leonidas,11,97
2014,MALE,HISPANIC,Mike,11,97
2014,MALE,HISPANIC,Stephen,11,97
2014,MALE,HISPANIC,Myles,11,97
2014,MALE,HISPANIC,Emiliano,11,97
2014,MALE,HISPANIC,Ruben,11,97
2014,MALE,HISPANIC,Owen,11,97
2014,MALE,HISPANIC,Louis,11,97
2014,MALE,HISPANIC,Gerardo,11,97
2014,MALE,HISPANIC,Uriel,11,97
2014,MALE,HISPANIC,Theodore,11,97
2014,MALE,HISPANIC,Myles,11,97
2014,MALE,HISPANIC,Gerardo,11,97
2014,MALE,HISPANIC,Melvin,11,97
2014,MALE,HISPANIC,Skyler,11,97
2014,MALE,HISPANIC,Maximilian,11,97
2014,MALE,HISPANIC,Jaxson,11,97
2014,MALE,HISPANIC,Ruben,11,97
2014,MALE,HISPANIC,Darwin,11,97
2014,MALE,HISPANIC,Melvin,11,97
2014,MALE,HISPANIC,Leandro,11,97
2014,MALE,HISPANIC,Owen,11,97
2014,MALE,HISPANIC,Theodore,11,97
2014,MALE,HISPANIC,Skyler,11,97
2014,MALE,HISPANIC,Mike,11,97
2014,MALE,HISPANIC,Derick,10,98
2014,MALE,HISPANIC,Grayson,10,98
2014,MALE,HISPANIC,Gregory,10,98
2014,MALE,HISPANIC,Ezekiel,10,98
2014,MALE,HISPANIC,Eddy,10,98
2014,MALE,HISPANIC,Donovan,10,98
2014,MALE,HISPANIC,Fabian,10,98
2014,MALE,HISPANIC,Derick,10,98
2014,MALE,HISPANIC,Dennis,10,98
2014,MALE,HISPANIC,Misael,10,98
2014,MALE,HISPANIC,Orlando,10,98
2014,MALE,HISPANIC,Sean,10,98
2014,MALE,HISPANIC,Adan,10,98
2014,MALE,HISPANIC,Moises,10,98
2014,MALE,HISPANIC,Misael,10,98
2014,MALE,HISPANIC,Grayson,10,98
2014,MALE,HISPANIC,Adan,10,98
2014,MALE,HISPANIC,Fabian,10,98
2014,MALE,HISPANIC,Maddox,10,98
2014,MALE,HISPANIC,Sean,10,98
2014,MALE,HISPANIC,Kaden,10,98
2014,MALE,HISPANIC,Ezekiel,10,98
2014,MALE,HISPANIC,Marvin,10,98
2014,MALE,HISPANIC,Kaden,10,98
2014,MALE,HISPANIC,Walter,10,98
2014,MALE,HISPANIC,Moises,10,98
2014,MALE,HISPANIC,Gregory,10,98
2014,MALE,HISPANIC,Orlando,10,98
2014,MALE,HISPANIC,Maddox,10,98
2014,MALE,HISPANIC,Walter,10,98
2014,MALE,HISPANIC,Marvin,10,98
2014,MALE,WHITE NON HISPANIC,Joseph,300,1
2014,MALE,WHITE NON HISPANIC,David,272,2
2014,MALE,WHITE NON HISPANIC,Michael,268,3
2014,MALE,WHITE NON HISPANIC,Moshe,267,4
2014,MALE,WHITE NON HISPANIC,Jacob,256,5
2014,MALE,WHITE NON HISPANIC,Jacob,256,5
2014,MALE,WHITE NON HISPANIC,Benjamin,233,6
2014,MALE,WHITE NON HISPANIC,Alexander,225,7
2014,MALE,WHITE NON HISPANIC,Daniel,223,8
2014,MALE,WHITE NON HISPANIC,Samuel,206,9
2014,MALE,WHITE NON HISPANIC,Jack,199,10
2014,MALE,WHITE NON HISPANIC,James,195,11
2014,MALE,WHITE NON HISPANIC,James,195,11
2014,MALE,WHITE NON HISPANIC,Adam,191,12
2014,MALE,WHITE NON HISPANIC,Adam,191,12
2014,MALE,WHITE NON HISPANIC,William,183,13
2014,MALE,WHITE NON HISPANIC,Henry,176,14
2014,MALE,WHITE NON HISPANIC,Henry,176,14
2014,MALE,WHITE NON HISPANIC,Abraham,172,15
2014,MALE,WHITE NON HISPANIC,Abraham,172,15
2014,MALE,WHITE NON HISPANIC,Nicholas,166,16
2014,MALE,WHITE NON HISPANIC,John,158,17
2014,MALE,WHITE NON HISPANIC,John,158,17
2014,MALE,WHITE NON HISPANIC,Ethan,149,18
2014,MALE,WHITE NON HISPANIC,Ethan,149,18
2014,MALE,WHITE NON HISPANIC,Liam,139,19
2014,MALE,WHITE NON HISPANIC,Liam,139,19
2014,MALE,WHITE NON HISPANIC,Ryan,138,20
2014,MALE,WHITE NON HISPANIC,Ryan,138,20
2014,MALE,WHITE NON HISPANIC,Noah,137,21
2014,MALE,WHITE NON HISPANIC,Charles,131,22
2014,MALE,WHITE NON HISPANIC,Matthew,131,22
2014,MALE,WHITE NON HISPANIC,Matthew,131,22
2014,MALE,WHITE NON HISPANIC,Chaim,130,23
2014,MALE,WHITE NON HISPANIC,Chaim,130,23
2014,MALE,WHITE NON HISPANIC,Theodore,126,24
2014,MALE,WHITE NON HISPANIC,Theodore,126,24
2014,MALE,WHITE NON HISPANIC,Isaac,125,25
2014,MALE,WHITE NON HISPANIC,Lucas,121,26
2014,MALE,WHITE NON HISPANIC,Menachem,118,27
2014,MALE,WHITE NON HISPANIC,Thomas,118,27
2014,MALE,WHITE NON HISPANIC,Thomas,118,27
2014,MALE,WHITE NON HISPANIC,Yosef,116,28
2014,MALE,WHITE NON HISPANIC,Anthony,110,29
2014,MALE,WHITE NON HISPANIC,Oliver,109,30
2014,MALE,WHITE NON HISPANIC,Max,108,31
2014,MALE,WHITE NON HISPANIC,Leo,108,31
2014,MALE,WHITE NON HISPANIC,Leo,108,31
2014,MALE,WHITE NON HISPANIC,Gabriel,105,32
2014,MALE,WHITE NON HISPANIC,Eli,103,33
2014,MALE,WHITE NON HISPANIC,Eli,103,33
2014,MALE,WHITE NON HISPANIC,Sebastian,100,34
2014,MALE,WHITE NON HISPANIC,Shimon,100,34
2014,MALE,WHITE NON HISPANIC,Sebastian,100,34
2014,MALE,WHITE NON HISPANIC,Luke,99,35
2014,MALE,WHITE NON HISPANIC,Luke,99,35
2014,MALE,WHITE NON HISPANIC,Dylan,94,36
2014,MALE,WHITE NON HISPANIC,Luca,94,36
2014,MALE,WHITE NON HISPANIC,Mason,94,36
2014,MALE,WHITE NON HISPANIC,Luca,94,36
2014,MALE,WHITE NON HISPANIC,Dylan,94,36
2014,MALE,WHITE NON HISPANIC,Mason,94,36
2014,MALE,WHITE NON HISPANIC,Mordechai,92,37
2014,MALE,WHITE NON HISPANIC,Mordechai,92,37
2014,MALE,WHITE NON HISPANIC,Andrew,91,38
2014,MALE,WHITE NON HISPANIC,Zachary,90,39
2014,MALE,WHITE NON HISPANIC,Aaron,90,39
2014,MALE,WHITE NON HISPANIC,Zachary,90,39
2014,MALE,WHITE NON HISPANIC,Aaron,90,39
2014,MALE,WHITE NON HISPANIC,Julian,87,40
2014,MALE,WHITE NON HISPANIC,Owen,87,40
2014,MALE,WHITE NON HISPANIC,Owen,87,40
2014,MALE,WHITE NON HISPANIC,Yehuda,86,41
2014,MALE,WHITE NON HISPANIC,Yehuda,86,41
2014,MALE,WHITE NON HISPANIC,Jackson,85,42
2014,MALE,WHITE NON HISPANIC,Yisroel,83,43
2014,MALE,WHITE NON HISPANIC,Yisroel,83,43
2014,MALE,WHITE NON HISPANIC,Nathan,82,44
2014,MALE,WHITE NON HISPANIC,Nathan,82,44
2014,MALE,WHITE NON HISPANIC,Aiden,78,45
2014,MALE,WHITE NON HISPANIC,Aiden,78,45
2014,MALE,WHITE NON HISPANIC,Christopher,76,46
2014,MALE,WHITE NON HISPANIC,Christopher,76,46
2014,MALE,WHITE NON HISPANIC,Jonathan,75,47
2014,MALE,WHITE NON HISPANIC,Jonathan,75,47
2014,MALE,WHITE NON HISPANIC,Asher,72,48
2014,MALE,WHITE NON HISPANIC,Asher,72,48
2014,MALE,WHITE NON HISPANIC,Logan,68,49
2014,MALE,WHITE NON HISPANIC,Joshua,68,49
2014,MALE,WHITE NON HISPANIC,Joshua,68,49
2014,MALE,WHITE NON HISPANIC,Robert,67,50
2014,MALE,WHITE NON HISPANIC,Robert,67,50
2014,MALE,WHITE NON HISPANIC,Yitzchok,66,51
2014,MALE,WHITE NON HISPANIC,Yitzchok,66,51
2014,MALE,WHITE NON HISPANIC,Meir,66,51
2014,MALE,WHITE NON HISPANIC,Meir,66,51
2014,MALE,WHITE NON HISPANIC,George,65,52
2014,MALE,WHITE NON HISPANIC,George,65,52
2014,MALE,WHITE NON HISPANIC,Christian,64,53
2014,MALE,WHITE NON HISPANIC,Aron,62,54
2014,MALE,WHITE NON HISPANIC,Mark,61,55
2014,MALE,WHITE NON HISPANIC,Mark,61,55
2014,MALE,WHITE NON HISPANIC,Levi,58,56
2014,MALE,WHITE NON HISPANIC,Hudson,58,56
2014,MALE,WHITE NON HISPANIC,Evan,58,56
2014,MALE,WHITE NON HISPANIC,Hudson,58,56
2014,MALE,WHITE NON HISPANIC,Evan,58,56
2014,MALE,WHITE NON HISPANIC,Shmuel,57,57
2014,MALE,WHITE NON HISPANIC,Miles,56,58
2014,MALE,WHITE NON HISPANIC,Miles,56,58
2014,MALE,WHITE NON HISPANIC,Shlomo,55,59
2014,MALE,WHITE NON HISPANIC,Shlomo,55,59
2014,MALE,WHITE NON HISPANIC,Avraham,55,59
2014,MALE,WHITE NON HISPANIC,Avraham,55,59
2014,MALE,WHITE NON HISPANIC,Peter,54,60
2014,MALE,WHITE NON HISPANIC,Ali,54,60
2014,MALE,WHITE NON HISPANIC,Sean,53,61
2014,MALE,WHITE NON HISPANIC,Sean,53,61
2014,MALE,WHITE NON HISPANIC,Eliezer,52,62
2014,MALE,WHITE NON HISPANIC,Eliezer,52,62
2014,MALE,WHITE NON HISPANIC,Solomon,51,63
2014,MALE,WHITE NON HISPANIC,Solomon,51,63
2014,MALE,WHITE NON HISPANIC,Gavin,50,64
2014,MALE,WHITE NON HISPANIC,Gavin,50,64
2014,MALE,WHITE NON HISPANIC,Omar,49,65
2014,MALE,WHITE NON HISPANIC,Mohamed,49,65
2014,MALE,WHITE NON HISPANIC,Jason,49,65
2014,MALE,WHITE NON HISPANIC,Jason,49,65
2014,MALE,WHITE NON HISPANIC,Patrick,49,65
2014,MALE,WHITE NON HISPANIC,Tzvi,49,65
2014,MALE,WHITE NON HISPANIC,Mohamed,49,65
2014,MALE,WHITE NON HISPANIC,Zev,49,65
2014,MALE,WHITE NON HISPANIC,Simon,49,65
2014,MALE,WHITE NON HISPANIC,Zev,49,65
2014,MALE,WHITE NON HISPANIC,Tzvi,49,65
2014,MALE,WHITE NON HISPANIC,Patrick,49,65
2014,MALE,WHITE NON HISPANIC,Simon,49,65
2014,MALE,WHITE NON HISPANIC,Nathaniel,47,66
2014,MALE,WHITE NON HISPANIC,Nathaniel,47,66
2014,MALE,WHITE NON HISPANIC,Yaakov,46,67
2014,MALE,WHITE NON HISPANIC,Jake,46,67
2014,MALE,WHITE NON HISPANIC,Yaakov,46,67
2014,MALE,WHITE NON HISPANIC,Maxwell,45,68
2014,MALE,WHITE NON HISPANIC,Yakov,45,68
2014,MALE,WHITE NON HISPANIC,Ezra,45,68
2014,MALE,WHITE NON HISPANIC,Jonah,45,68
2014,MALE,WHITE NON HISPANIC,Ezra,45,68
2014,MALE,WHITE NON HISPANIC,Jonah,45,68
2014,MALE,WHITE NON HISPANIC,Maxwell,45,68
2014,MALE,WHITE NON HISPANIC,Shulem,45,68
2014,MALE,WHITE NON HISPANIC,Yakov,45,68
2014,MALE,WHITE NON HISPANIC,Harrison,44,69
2014,MALE,WHITE NON HISPANIC,Hunter,44,69
2014,MALE,WHITE NON HISPANIC,Harrison,44,69
2014,MALE,WHITE NON HISPANIC,Chase,43,70
2014,MALE,WHITE NON HISPANIC,Chase,43,70
2014,MALE,WHITE NON HISPANIC,Vincent,43,70
2014,MALE,WHITE NON HISPANIC,Vincent,43,70
2014,MALE,WHITE NON HISPANIC,Connor,43,70
2014,MALE,WHITE NON HISPANIC,Connor,43,70
2014,MALE,WHITE NON HISPANIC,Declan,43,70
2014,MALE,WHITE NON HISPANIC,Ari,42,71
2014,MALE,WHITE NON HISPANIC,Adrian,42,71
2014,MALE,WHITE NON HISPANIC,Ari,42,71
2014,MALE,WHITE NON HISPANIC,Adrian,42,71
2014,MALE,WHITE NON HISPANIC,Austin,40,72
2014,MALE,WHITE NON HISPANIC,Cooper,40,72
2014,MALE,WHITE NON HISPANIC,Austin,40,72
2014,MALE,WHITE NON HISPANIC,Edward,40,72
2014,MALE,WHITE NON HISPANIC,Edward,40,72
2014,MALE,WHITE NON HISPANIC,Cooper,40,72
2014,MALE,WHITE NON HISPANIC,Lipa,39,73
2014,MALE,WHITE NON HISPANIC,Yechiel,39,73
2014,MALE,WHITE NON HISPANIC,Yechiel,39,73
2014,MALE,WHITE NON HISPANIC,Lipa,39,73
2014,MALE,WHITE NON HISPANIC,Mendel,38,74
2014,MALE,WHITE NON HISPANIC,Oscar,38,74
2014,MALE,WHITE NON HISPANIC,Oscar,38,74
2014,MALE,WHITE NON HISPANIC,Mendel,38,74
2014,MALE,WHITE NON HISPANIC,Dov,38,74
2014,MALE,WHITE NON HISPANIC,Dov,38,74
2014,MALE,WHITE NON HISPANIC,Shia,37,75
2014,MALE,WHITE NON HISPANIC,Shia,37,75
2014,MALE,WHITE NON HISPANIC,Leonardo,36,76
2014,MALE,WHITE NON HISPANIC,Colin,36,76
2014,MALE,WHITE NON HISPANIC,Colin,36,76
2014,MALE,WHITE NON HISPANIC,Leonardo,36,76
2014,MALE,WHITE NON HISPANIC,Victor,35,77
2014,MALE,WHITE NON HISPANIC,Jayden,35,77
2014,MALE,WHITE NON HISPANIC,Roman,35,77
2014,MALE,WHITE NON HISPANIC,Israel,35,77
2014,MALE,WHITE NON HISPANIC,Victor,35,77
2014,MALE,WHITE NON HISPANIC,Roman,35,77
2014,MALE,WHITE NON HISPANIC,Jayden,35,77
2014,MALE,WHITE NON HISPANIC,Israel,35,77
2014,MALE,WHITE NON HISPANIC,Tyler,34,78
2014,MALE,WHITE NON HISPANIC,Jordan,34,78
2014,MALE,WHITE NON HISPANIC,Jordan,34,78
2014,MALE,WHITE NON HISPANIC,Tyler,34,78
2014,MALE,WHITE NON HISPANIC,Brandon,33,79
2014,MALE,WHITE NON HISPANIC,Elliot,33,79
2014,MALE,WHITE NON HISPANIC,Wyatt,33,79
2014,MALE,WHITE NON HISPANIC,Elliot,33,79
2014,MALE,WHITE NON HISPANIC,Brandon,33,79
2014,MALE,WHITE NON HISPANIC,Wyatt,33,79
2014,MALE,WHITE NON HISPANIC,Ahmed,32,80
2014,MALE,WHITE NON HISPANIC,Elias,32,80
2014,MALE,WHITE NON HISPANIC,Giovanni,32,80
2014,MALE,WHITE NON HISPANIC,Aidan,32,80
2014,MALE,WHITE NON HISPANIC,Felix,32,80
2014,MALE,WHITE NON HISPANIC,Sam,32,80
2014,MALE,WHITE NON HISPANIC,Nicolas,32,80
2014,MALE,WHITE NON HISPANIC,Aidan,32,80
2014,MALE,WHITE NON HISPANIC,Elias,32,80
2014,MALE,WHITE NON HISPANIC,Felix,32,80
2014,MALE,WHITE NON HISPANIC,Giovanni,32,80
2014,MALE,WHITE NON HISPANIC,Leon,32,80
2014,MALE,WHITE NON HISPANIC,Leon,32,80
2014,MALE,WHITE NON HISPANIC,Sam,32,80
2014,MALE,WHITE NON HISPANIC,Ahmed,32,80
2014,MALE,WHITE NON HISPANIC,Nicolas,32,80
2014,MALE,WHITE NON HISPANIC,Shaya,31,81
2014,MALE,WHITE NON HISPANIC,Joel,31,81
2014,MALE,WHITE NON HISPANIC,Joel,31,81
2014,MALE,WHITE NON HISPANIC,Cole,31,81
2014,MALE,WHITE NON HISPANIC,Cole,31,81
2014,MALE,WHITE NON HISPANIC,Grayson,30,82
2014,MALE,WHITE NON HISPANIC,Ian,30,82
2014,MALE,WHITE NON HISPANIC,Ian,30,82
2014,MALE,WHITE NON HISPANIC,Grayson,30,82
2014,MALE,WHITE NON HISPANIC,Eric,29,83
2014,MALE,WHITE NON HISPANIC,Raphael,29,83
2014,MALE,WHITE NON HISPANIC,Eric,29,83
2014,MALE,WHITE NON HISPANIC,Mayer,29,83
2014,MALE,WHITE NON HISPANIC,Raphael,29,83
2014,MALE,WHITE NON HISPANIC,Philip,28,84
2014,MALE,WHITE NON HISPANIC,Milo,28,84
2014,MALE,WHITE NON HISPANIC,Elijah,28,84
2014,MALE,WHITE NON HISPANIC,Philip,28,84
2014,MALE,WHITE NON HISPANIC,Caleb,28,84
2014,MALE,WHITE NON HISPANIC,August,28,84
2014,MALE,WHITE NON HISPANIC,Elijah,28,84
2014,MALE,WHITE NON HISPANIC,Caleb,28,84
2014,MALE,WHITE NON HISPANIC,August,28,84
2014,MALE,WHITE NON HISPANIC,Timothy,27,85
2014,MALE,WHITE NON HISPANIC,Alex,27,85
2014,MALE,WHITE NON HISPANIC,Sawyer,27,85
2014,MALE,WHITE NON HISPANIC,Amir,27,85
2014,MALE,WHITE NON HISPANIC,Parker,27,85
2014,MALE,WHITE NON HISPANIC,Amir,27,85
2014,MALE,WHITE NON HISPANIC,Sawyer,27,85
2014,MALE,WHITE NON HISPANIC,Dominic,27,85
2014,MALE,WHITE NON HISPANIC,Graham,27,85
2014,MALE,WHITE NON HISPANIC,Avrohom,27,85
2014,MALE,WHITE NON HISPANIC,Lukas,27,85
2014,MALE,WHITE NON HISPANIC,Dominic,27,85
2014,MALE,WHITE NON HISPANIC,Timothy,27,85
2014,MALE,WHITE NON HISPANIC,Alex,27,85
2014,MALE,WHITE NON HISPANIC,Avrohom,27,85
2014,MALE,WHITE NON HISPANIC,Graham,27,85
2014,MALE,WHITE NON HISPANIC,Carter,27,85
2014,MALE,WHITE NON HISPANIC,Steven,27,85
2014,MALE,WHITE NON HISPANIC,Lukas,27,85
2014,MALE,WHITE NON HISPANIC,Steven,27,85
2014,MALE,WHITE NON HISPANIC,Parker,27,85
2014,MALE,WHITE NON HISPANIC,Yehoshua,26,86
2014,MALE,WHITE NON HISPANIC,Tristan,26,86
2014,MALE,WHITE NON HISPANIC,Tristan,26,86
2014,MALE,WHITE NON HISPANIC,Lazer,26,86
2014,MALE,WHITE NON HISPANIC,Lazer,26,86
2014,MALE,WHITE NON HISPANIC,Dovid,26,86
2014,MALE,WHITE NON HISPANIC,Maxim,26,86
2014,MALE,WHITE NON HISPANIC,Yehoshua,26,86
2014,MALE,WHITE NON HISPANIC,Martin,26,86
2014,MALE,WHITE NON HISPANIC,Dovid,26,86
2014,MALE,WHITE NON HISPANIC,Maxim,26,86
2014,MALE,WHITE NON HISPANIC,Moses,26,86
2014,MALE,WHITE NON HISPANIC,Arthur,25,87
2014,MALE,WHITE NON HISPANIC,Jude,25,87
2014,MALE,WHITE NON HISPANIC,Paul,25,87
2014,MALE,WHITE NON HISPANIC,Xavier,25,87
2014,MALE,WHITE NON HISPANIC,Eliyahu,25,87
2014,MALE,WHITE NON HISPANIC,Xavier,25,87
2014,MALE,WHITE NON HISPANIC,Paul,25,87
2014,MALE,WHITE NON HISPANIC,Arthur,25,87
2014,MALE,WHITE NON HISPANIC,Eliyahu,25,87
2014,MALE,WHITE NON HISPANIC,Ariel,24,88
2014,MALE,WHITE NON HISPANIC,Justin,24,88
2014,MALE,WHITE NON HISPANIC,Luka,24,88
2014,MALE,WHITE NON HISPANIC,Justin,24,88
2014,MALE,WHITE NON HISPANIC,Youssef,24,88
2014,MALE,WHITE NON HISPANIC,Luka,24,88
2014,MALE,WHITE NON HISPANIC,Jasper,24,88
2014,MALE,WHITE NON HISPANIC,Jasper,24,88
2014,MALE,WHITE NON HISPANIC,Cameron,24,88
2014,MALE,WHITE NON HISPANIC,Youssef,24,88
2014,MALE,WHITE NON HISPANIC,Ariel,24,88
2014,MALE,WHITE NON HISPANIC,Cameron,24,88
2014,MALE,WHITE NON HISPANIC,Simcha,23,89
2014,MALE,WHITE NON HISPANIC,Landon,23,89
2014,MALE,WHITE NON HISPANIC,Kai,23,89
2014,MALE,WHITE NON HISPANIC,Kai,23,89
2014,MALE,WHITE NON HISPANIC,Simcha,23,89
2014,MALE,WHITE NON HISPANIC,Landon,23,89
2014,MALE,WHITE NON HISPANIC,Noam,23,89
2014,MALE,WHITE NON HISPANIC,Matteo,22,90
2014,MALE,WHITE NON HISPANIC,Hugo,22,90
2014,MALE,WHITE NON HISPANIC,Naftali,22,90
2014,MALE,WHITE NON HISPANIC,Hersh,22,90
2014,MALE,WHITE NON HISPANIC,Akiva,22,90
2014,MALE,WHITE NON HISPANIC,Aryeh,22,90
2014,MALE,WHITE NON HISPANIC,Akiva,22,90
2014,MALE,WHITE NON HISPANIC,Matteo,22,90
2014,MALE,WHITE NON HISPANIC,Mohammed,22,90
2014,MALE,WHITE NON HISPANIC,Naftali,22,90
2014,MALE,WHITE NON HISPANIC,Hugo,22,90
2014,MALE,WHITE NON HISPANIC,Aryeh,22,90
2014,MALE,WHITE NON HISPANIC,Mohammed,22,90
2014,MALE,WHITE NON HISPANIC,Finn,21,91
2014,MALE,WHITE NON HISPANIC,Hershy,21,91
2014,MALE,WHITE NON HISPANIC,Rayan,21,91
2014,MALE,WHITE NON HISPANIC,Antonio,21,91
2014,MALE,WHITE NON HISPANIC,Hershy,21,91
2014,MALE,WHITE NON HISPANIC,Ronan,21,91
2014,MALE,WHITE NON HISPANIC,Aharon,21,91
2014,MALE,WHITE NON HISPANIC,Ronan,21,91
2014,MALE,WHITE NON HISPANIC,Moishe,21,91
2014,MALE,WHITE NON HISPANIC,Moishe,21,91
2014,MALE,WHITE NON HISPANIC,Antonio,21,91
2014,MALE,WHITE NON HISPANIC,Mateo,21,91
2014,MALE,WHITE NON HISPANIC,Finn,21,91
2014,MALE,WHITE NON HISPANIC,Marcus,20,92
2014,MALE,WHITE NON HISPANIC,Brody,20,92
2014,MALE,WHITE NON HISPANIC,Salvatore,20,92
2014,MALE,WHITE NON HISPANIC,Salvatore,20,92
2014,MALE,WHITE NON HISPANIC,Marcus,20,92
2014,MALE,WHITE NON HISPANIC,Usher,20,92
2014,MALE,WHITE NON HISPANIC,Bennett,20,92
2014,MALE,WHITE NON HISPANIC,Nolan,20,92
2014,MALE,WHITE NON HISPANIC,Brody,20,92
2014,MALE,WHITE NON HISPANIC,Bennett,20,92
2014,MALE,WHITE NON HISPANIC,Maximilian,20,92
2014,MALE,WHITE NON HISPANIC,Maximilian,20,92
2014,MALE,WHITE NON HISPANIC,Rafael,20,92
2014,MALE,WHITE NON HISPANIC,Lorenzo,20,92
2014,MALE,WHITE NON HISPANIC,Nolan,20,92
2014,MALE,WHITE NON HISPANIC,Rafael,20,92
2014,MALE,WHITE NON HISPANIC,Lorenzo,20,92
2014,MALE,WHITE NON HISPANIC,Richard,20,92
2014,MALE,WHITE NON HISPANIC,Richard,20,92
2014,MALE,WHITE NON HISPANIC,Usher,20,92
2014,MALE,WHITE NON HISPANIC,Shlome,19,93
2014,MALE,WHITE NON HISPANIC,Conor,19,93
2014,MALE,WHITE NON HISPANIC,Shmiel,19,93
2014,MALE,WHITE NON HISPANIC,Shlome,19,93
2014,MALE,WHITE NON HISPANIC,Shmiel,19,93
2014,MALE,WHITE NON HISPANIC,Shane,19,93
2014,MALE,WHITE NON HISPANIC,Dean,19,93
2014,MALE,WHITE NON HISPANIC,Shane,19,93
2014,MALE,WHITE NON HISPANIC,Brian,18,94
2014,MALE,WHITE NON HISPANIC,Blake,18,94
2014,MALE,WHITE NON HISPANIC,Benzion,18,94
2014,MALE,WHITE NON HISPANIC,Hershel,18,94
2014,MALE,WHITE NON HISPANIC,Ibrahim,18,94
2014,MALE,WHITE NON HISPANIC,Louis,18,94
2014,MALE,WHITE NON HISPANIC,Lev,18,94
2014,MALE,WHITE NON HISPANIC,Blake,18,94
2014,MALE,WHITE NON HISPANIC,Yousef,18,94
2014,MALE,WHITE NON HISPANIC,Spencer,18,94
2014,MALE,WHITE NON HISPANIC,Stephen,18,94
2014,MALE,WHITE NON HISPANIC,Brian,18,94
2014,MALE,WHITE NON HISPANIC,Lev,18,94
2014,MALE,WHITE NON HISPANIC,Louis,18,94
2014,MALE,WHITE NON HISPANIC,Ibrahim,18,94
2014,MALE,WHITE NON HISPANIC,Hershel,18,94
2014,MALE,WHITE NON HISPANIC,Yousef,18,94
2014,MALE,WHITE NON HISPANIC,Spencer,18,94
2014,MALE,WHITE NON HISPANIC,Albert,17,95
2014,MALE,WHITE NON HISPANIC,Naftuli,17,95
2014,MALE,WHITE NON HISPANIC,Naftuli,17,95
2014,MALE,WHITE NON HISPANIC,Kevin,17,95
2014,MALE,WHITE NON HISPANIC,Gavriel,17,95
2014,MALE,WHITE NON HISPANIC,Kevin,17,95
2014,MALE,WHITE NON HISPANIC,Albert,17,95
2014,MALE,WHITE NON HISPANIC,Gavriel,17,95
2014,MALE,WHITE NON HISPANIC,Yusuf,16,96
2014,MALE,WHITE NON HISPANIC,Everett,16,96
2014,MALE,WHITE NON HISPANIC,Duvid,16,96
2014,MALE,WHITE NON HISPANIC,Maximus,16,96
2014,MALE,WHITE NON HISPANIC,Shloimy,16,96
2014,MALE,WHITE NON HISPANIC,Shloimy,16,96
2014,MALE,WHITE NON HISPANIC,Elimelech,16,96
2014,MALE,WHITE NON HISPANIC,Pinchas,16,96
2014,MALE,WHITE NON HISPANIC,Sholom,16,96
2014,MALE,WHITE NON HISPANIC,Baruch,16,96
2014,MALE,WHITE NON HISPANIC,Griffin,16,96
2014,MALE,WHITE NON HISPANIC,Frederick,16,96
2014,MALE,WHITE NON HISPANIC,Yusuf,16,96
2014,MALE,WHITE NON HISPANIC,Micah,16,96
2014,MALE,WHITE NON HISPANIC,Baruch,16,96
2014,MALE,WHITE NON HISPANIC,Hamza,16,96
2014,MALE,WHITE NON HISPANIC,Sholom,16,96
2014,MALE,WHITE NON HISPANIC,Charlie,16,96
2014,MALE,WHITE NON HISPANIC,Charlie,16,96
2014,MALE,WHITE NON HISPANIC,Arlo,16,96
2014,MALE,WHITE NON HISPANIC,Elimelech,16,96
2014,MALE,WHITE NON HISPANIC,Duvid,16,96
2014,MALE,WHITE NON HISPANIC,Muhammad,16,96
2014,MALE,WHITE NON HISPANIC,Pinchas,16,96
2014,MALE,WHITE NON HISPANIC,Micah,16,96
2014,MALE,WHITE NON HISPANIC,Frederick,16,96
2014,MALE,WHITE NON HISPANIC,Muhammad,16,96
2014,MALE,WHITE NON HISPANIC,Hamza,16,96
2014,MALE,WHITE NON HISPANIC,Everett,16,96
2014,MALE,WHITE NON HISPANIC,Arlo,16,96
2014,MALE,WHITE NON HISPANIC,Maximus,16,96
2014,MALE,WHITE NON HISPANIC,Griffin,16,96
2014,MALE,WHITE NON HISPANIC,Yossi,15,97
2014,MALE,WHITE NON HISPANIC,Ahmad,15,97
2014,MALE,WHITE NON HISPANIC,Rowan,15,97
2014,MALE,WHITE NON HISPANIC,Reid,15,97
2014,MALE,WHITE NON HISPANIC,Francesco,15,97
2014,MALE,WHITE NON HISPANIC,Gregory,15,97
2014,MALE,WHITE NON HISPANIC,Marco,15,97
2014,MALE,WHITE NON HISPANIC,Ivan,15,97
2014,MALE,WHITE NON HISPANIC,Rocco,15,97
2014,MALE,WHITE NON HISPANIC,Gregory,15,97
2014,MALE,WHITE NON HISPANIC,Francesco,15,97
2014,MALE,WHITE NON HISPANIC,Yossi,15,97
2014,MALE,WHITE NON HISPANIC,Yitzchak,15,97
2014,MALE,WHITE NON HISPANIC,Reid,15,97
2014,MALE,WHITE NON HISPANIC,Cheskel,15,97
2014,MALE,WHITE NON HISPANIC,Cheskel,15,97
2014,MALE,WHITE NON HISPANIC,Ivan,15,97
2014,MALE,WHITE NON HISPANIC,Judah,15,97
2014,MALE,WHITE NON HISPANIC,Rocco,15,97
2014,MALE,WHITE NON HISPANIC,Rowan,15,97
2014,MALE,WHITE NON HISPANIC,Yitzchak,15,97
2014,MALE,WHITE NON HISPANIC,Ahmad,15,97
2014,MALE,WHITE NON HISPANIC,Marco,15,97
2014,MALE,WHITE NON HISPANIC,Judah,15,97
2014,MALE,WHITE NON HISPANIC,Santino,14,98
2014,MALE,WHITE NON HISPANIC,Quinn,14,98
2014,MALE,WHITE NON HISPANIC,Calvin,14,98
2014,MALE,WHITE NON HISPANIC,Dominick,14,98
2014,MALE,WHITE NON HISPANIC,Damian,14,98
2014,MALE,WHITE NON HISPANIC,Derek,14,98
2014,MALE,WHITE NON HISPANIC,Dominick,14,98
2014,MALE,WHITE NON HISPANIC,Frank,14,98
2014,MALE,WHITE NON HISPANIC,Greyson,14,98
2014,MALE,WHITE NON HISPANIC,Derek,14,98
2014,MALE,WHITE NON HISPANIC,Jaxon,14,98
2014,MALE,WHITE NON HISPANIC,Jesse,14,98
2014,MALE,WHITE NON HISPANIC,Kieran,14,98
2014,MALE,WHITE NON HISPANIC,Shalom,14,98
2014,MALE,WHITE NON HISPANIC,Jesse,14,98
2014,MALE,WHITE NON HISPANIC,Greyson,14,98
2014,MALE,WHITE NON HISPANIC,Quinn,14,98
2014,MALE,WHITE NON HISPANIC,Santino,14,98
2014,MALE,WHITE NON HISPANIC,Calvin,14,98
2014,MALE,WHITE NON HISPANIC,Shalom,14,98
2014,MALE,WHITE NON HISPANIC,Frank,14,98
2014,MALE,WHITE NON HISPANIC,Kieran,14,98
2014,MALE,WHITE NON HISPANIC,Jaxon,14,98
2014,MALE,WHITE NON HISPANIC,Yisrael,14,98
2014,MALE,WHITE NON HISPANIC,Yisrael,14,98
2014,MALE,WHITE NON HISPANIC,Eitan,13,99
2014,MALE,WHITE NON HISPANIC,Efraim,13,99
2014,MALE,WHITE NON HISPANIC,Raymond,13,99
2014,MALE,WHITE NON HISPANIC,Brayden,13,99
2014,MALE,WHITE NON HISPANIC,Jaxson,13,99
2014,MALE,WHITE NON HISPANIC,Brady,13,99
2014,MALE,WHITE NON HISPANIC,Jace,13,99
2014,MALE,WHITE NON HISPANIC,Francis,13,99
2014,MALE,WHITE NON HISPANIC,Shea,13,99
2014,MALE,WHITE NON HISPANIC,Jeremy,13,99
2014,MALE,WHITE NON HISPANIC,Samir,13,99
2014,MALE,WHITE NON HISPANIC,Francis,13,99
2014,MALE,WHITE NON HISPANIC,Preston,13,99
2014,MALE,WHITE NON HISPANIC,Shea,13,99
2014,MALE,WHITE NON HISPANIC,Mendy,13,99
2014,MALE,WHITE NON HISPANIC,Devin,13,99
2014,MALE,WHITE NON HISPANIC,Marc,13,99
2014,MALE,WHITE NON HISPANIC,Preston,13,99
2014,MALE,WHITE NON HISPANIC,Raymond,13,99
2014,MALE,WHITE NON HISPANIC,Beckett,13,99
2014,MALE,WHITE NON HISPANIC,Mendy,13,99
2014,MALE,WHITE NON HISPANIC,Morris,13,99
2014,MALE,WHITE NON HISPANIC,Eitan,13,99
2014,MALE,WHITE NON HISPANIC,Ben,13,99
2014,MALE,WHITE NON HISPANIC,Beckett,13,99
2014,MALE,WHITE NON HISPANIC,Jace,13,99
2014,MALE,WHITE NON HISPANIC,Ben,13,99
2014,MALE,WHITE NON HISPANIC,Marc,13,99
2014,MALE,WHITE NON HISPANIC,Efraim,13,99
2014,MALE,WHITE NON HISPANIC,Jaxson,13,99
2014,MALE,WHITE NON HISPANIC,Brady,13,99
2014,MALE,WHITE NON HISPANIC,Brayden,13,99
2014,MALE,WHITE NON HISPANIC,Samir,13,99
2014,MALE,WHITE NON HISPANIC,Leibish,12,100
2014,MALE,WHITE NON HISPANIC,Kareem,12,100
2014,MALE,WHITE NON HISPANIC,Archer,12,100
2014,MALE,WHITE NON HISPANIC,Theo,12,100
2014,MALE,WHITE NON HISPANIC,Yoel,12,100
2014,MALE,WHITE NON HISPANIC,Drew,12,100
2014,MALE,WHITE NON HISPANIC,Kyle,12,100
2014,MALE,WHITE NON HISPANIC,Wolf,12,100
2014,MALE,WHITE NON HISPANIC,Ryder,12,100
2014,MALE,WHITE NON HISPANIC,Boruch,12,100
2014,MALE,WHITE NON HISPANIC,Menashe,12,100
2014,MALE,WHITE NON HISPANIC,Avrum,12,100
2014,MALE,WHITE NON HISPANIC,Ellis,12,100
2014,MALE,WHITE NON HISPANIC,Yaseen,12,100
2014,MALE,WHITE NON HISPANIC,Ayden,12,100
2014,MALE,WHITE NON HISPANIC,Harry,12,100
2014,MALE,WHITE NON HISPANIC,Elliott,12,100
2014,MALE,WHITE NON HISPANIC,Drew,12,100
2014,MALE,WHITE NON HISPANIC,Kyle,12,100
2014,MALE,WHITE NON HISPANIC,Theo,12,100
2014,MALE,WHITE NON HISPANIC,Brooks,12,100
2014,MALE,WHITE NON HISPANIC,Milan,12,100
2014,MALE,WHITE NON HISPANIC,Brooks,12,100
2014,MALE,WHITE NON HISPANIC,Brendan,12,100
2014,MALE,WHITE NON HISPANIC,Alan,12,100
2014,MALE,WHITE NON HISPANIC,Ryder,12,100
2014,MALE,WHITE NON HISPANIC,Boruch,12,100
2014,MALE,WHITE NON HISPANIC,Leibish,12,100
2014,MALE,WHITE NON HISPANIC,Meilech,12,100
2014,MALE,WHITE NON HISPANIC,Berl,12,100
2014,MALE,WHITE NON HISPANIC,Rhys,12,100
2014,MALE,WHITE NON HISPANIC,Emmett,12,100
2014,MALE,WHITE NON HISPANIC,Ayden,12,100
2014,MALE,WHITE NON HISPANIC,Berl,12,100
2014,MALE,WHITE NON HISPANIC,Axel,12,100
2014,MALE,WHITE NON HISPANIC,Avrum,12,100
2014,MALE,WHITE NON HISPANIC,Ashton,12,100
2014,MALE,WHITE NON HISPANIC,Archer,12,100
2014,MALE,WHITE NON HISPANIC,Angelo,12,100
2014,MALE,WHITE NON HISPANIC,Emmett,12,100
2014,MALE,WHITE NON HISPANIC,Alan,12,100
2014,MALE,WHITE NON HISPANIC,Harry,12,100
2014,MALE,WHITE NON HISPANIC,Kareem,12,100
2014,MALE,WHITE NON HISPANIC,Hillel,12,100
2014,MALE,WHITE NON HISPANIC,Yaseen,12,100
2014,MALE,WHITE NON HISPANIC,Yoel,12,100
2014,MALE,WHITE NON HISPANIC,Ellis,12,100
2014,MALE,WHITE NON HISPANIC,Angelo,12,100
2014,MALE,WHITE NON HISPANIC,Milan,12,100
2014,MALE,WHITE NON HISPANIC,Menashe,12,100
2014,MALE,WHITE NON HISPANIC,Elliott,12,100
2014,MALE,WHITE NON HISPANIC,Wolf,12,100
2014,MALE,WHITE NON HISPANIC,Brendan,12,100
2014,MALE,WHITE NON HISPANIC,Hillel,12,100
2014,MALE,WHITE NON HISPANIC,Meilech,12,100
2014,MALE,WHITE NON HISPANIC,Anton,11,101
2014,MALE,WHITE NON HISPANIC,Cormac,11,101
2014,MALE,WHITE NON HISPANIC,Wesley,11,101
2014,MALE,WHITE NON HISPANIC,Winston,11,101
2014,MALE,WHITE NON HISPANIC,Pinchus,11,101
2014,MALE,WHITE NON HISPANIC,Silas,11,101
2014,MALE,WHITE NON HISPANIC,Reuben,11,101
2014,MALE,WHITE NON HISPANIC,Riley,11,101
2014,MALE,WHITE NON HISPANIC,Binyamin,11,101
2014,MALE,WHITE NON HISPANIC,Silas,11,101
2014,MALE,WHITE NON HISPANIC,Nosson,11,101
2014,MALE,WHITE NON HISPANIC,Lincoln,11,101
2014,MALE,WHITE NON HISPANIC,Nosson,11,101
2014,MALE,WHITE NON HISPANIC,Vincenzo,11,101
2014,MALE,WHITE NON HISPANIC,Jakub,11,101
2014,MALE,WHITE NON HISPANIC,Jax,11,101
2014,MALE,WHITE NON HISPANIC,Rory,11,101
2014,MALE,WHITE NON HISPANIC,Weston,11,101
2014,MALE,WHITE NON HISPANIC,Filip,11,101
2014,MALE,WHITE NON HISPANIC,Shloime,11,101
2014,MALE,WHITE NON HISPANIC,Shloime,11,101
2014,MALE,WHITE NON HISPANIC,Vincenzo,11,101
2014,MALE,WHITE NON HISPANIC,Binyomin,11,101
2014,MALE,WHITE NON HISPANIC,Dante,11,101
2014,MALE,WHITE NON HISPANIC,Anton,11,101
2014,MALE,WHITE NON HISPANIC,Jax,11,101
2014,MALE,WHITE NON HISPANIC,Binyomin,11,101
2014,MALE,WHITE NON HISPANIC,Weston,11,101
2014,MALE,WHITE NON HISPANIC,Reuben,11,101
2014,MALE,WHITE NON HISPANIC,Nikita,11,101
2014,MALE,WHITE NON HISPANIC,Grant,11,101
2014,MALE,WHITE NON HISPANIC,Wesley,11,101
2014,MALE,WHITE NON HISPANIC,Aydin,11,101
2014,MALE,WHITE NON HISPANIC,Lincoln,11,101
2014,MALE,WHITE NON HISPANIC,Filip,11,101
2014,MALE,WHITE NON HISPANIC,Aydin,11,101
2014,MALE,WHITE NON HISPANIC,Grant,11,101
2014,MALE,WHITE NON HISPANIC,Yahya,11,101
2014,MALE,WHITE NON HISPANIC,Nikita,11,101
2014,MALE,WHITE NON HISPANIC,Rory,11,101
2014,MALE,WHITE NON HISPANIC,Reed,11,101
2014,MALE,WHITE NON HISPANIC,Avi,11,101
2014,MALE,WHITE NON HISPANIC,Avi,11,101
2014,MALE,WHITE NON HISPANIC,Jakub,11,101
2014,MALE,WHITE NON HISPANIC,Binyamin,11,101
2014,MALE,WHITE NON HISPANIC,Reed,11,101
2014,MALE,WHITE NON HISPANIC,Dante,11,101
2014,MALE,WHITE NON HISPANIC,Winston,11,101
2014,MALE,WHITE NON HISPANIC,Cormac,11,101
2014,MALE,WHITE NON HISPANIC,Yahya,11,101
2014,MALE,WHITE NON HISPANIC,Riley,11,101
2014,MALE,WHITE NON HISPANIC,Pinchus,11,101
2014,MALE,WHITE NON HISPANIC,Giuseppe,10,102
2014,MALE,WHITE NON HISPANIC,Erik,10,102
2014,MALE,WHITE NON HISPANIC,Denis,10,102
2014,MALE,WHITE NON HISPANIC,Myles,10,102
2014,MALE,WHITE NON HISPANIC,Shraga,10,102
2014,MALE,WHITE NON HISPANIC,Karas,10,102
2014,MALE,WHITE NON HISPANIC,Berish,10,102
2014,MALE,WHITE NON HISPANIC,Giuseppe,10,102
2014,MALE,WHITE NON HISPANIC,Dashiell,10,102
2014,MALE,WHITE NON HISPANIC,Imran,10,102
2014,MALE,WHITE NON HISPANIC,Lucien,10,102
2014,MALE,WHITE NON HISPANIC,Yidel,10,102
2014,MALE,WHITE NON HISPANIC,Mordche,10,102
2014,MALE,WHITE NON HISPANIC,Nico,10,102
2014,MALE,WHITE NON HISPANIC,Marcel,10,102
2014,MALE,WHITE NON HISPANIC,Berish,10,102
2014,MALE,WHITE NON HISPANIC,Mordche,10,102
2014,MALE,WHITE NON HISPANIC,Issac,10,102
2014,MALE,WHITE NON HISPANIC,Dashiell,10,102
2014,MALE,WHITE NON HISPANIC,Marcel,10,102
2014,MALE,WHITE NON HISPANIC,Imran,10,102
2014,MALE,WHITE NON HISPANIC,Hayden,10,102
2014,MALE,WHITE NON HISPANIC,Karas,10,102
2014,MALE,WHITE NON HISPANIC,Shraga,10,102
2014,MALE,WHITE NON HISPANIC,Issac,10,102
2014,MALE,WHITE NON HISPANIC,Yidel,10,102
2014,MALE,WHITE NON HISPANIC,Denis,10,102
2014,MALE,WHITE NON HISPANIC,Hayden,10,102
2014,MALE,WHITE NON HISPANIC,Lucien,10,102
2014,MALE,WHITE NON HISPANIC,Nico,10,102
2014,MALE,WHITE NON HISPANIC,Erik,10,102
2014,MALE,WHITE NON HISPANIC,Myles,10,102
2013,FEMALE,ASIAN AND PACIFIC ISLANDER,Sophia,124,1
2013,FEMALE,ASIAN AND PACIFIC ISLANDER,Chloe,122,2
2013,FEMALE,ASIAN AND PACIFIC ISLANDER,Olivia,109,3
2013,FEMALE,ASIAN AND PACIFIC ISLANDER,Emily,92,4
2013,FEMALE,ASIAN AND PACIFIC ISLANDER,Emma,79,5
2013,FEMALE,ASIAN AND PACIFIC ISLANDER,Isabella,71,6
2013,FEMALE,ASIAN AND PACIFIC ISLANDER,Angela,56,7
2013,FEMALE,ASIAN AND PACIFIC ISLANDER,Mia,55,8
2013,FEMALE,ASIAN AND PACIFIC ISLANDER,Mia,55,8
2013,FEMALE,ASIAN AND PACIFIC ISLANDER,Grace,51,9
2013,FEMALE,ASIAN AND PACIFIC ISLANDER,Grace,51,9
2013,FEMALE,ASIAN AND PACIFIC ISLANDER,Zoe,49,10
2013,FEMALE,ASIAN AND PACIFIC ISLANDER,Zoe,49,10
2013,FEMALE,ASIAN AND PACIFIC ISLANDER,Ashley,47,11
2013,FEMALE,ASIAN AND PACIFIC ISLANDER,Ava,47,11
2013,FEMALE,ASIAN AND PACIFIC ISLANDER,Ashley,47,11
2013,FEMALE,ASIAN AND PACIFIC ISLANDER,Ava,47,11
2013,FEMALE,ASIAN AND PACIFIC ISLANDER,Hannah,46,12
2013,FEMALE,ASIAN AND PACIFIC ISLANDER,Hannah,46,12
2013,FEMALE,ASIAN AND PACIFIC ISLANDER,Sarah,43,13
2013,FEMALE,ASIAN AND PACIFIC ISLANDER,Vivian,41,14
2013,FEMALE,ASIAN AND PACIFIC ISLANDER,Vivian,41,14
2013,FEMALE,ASIAN AND PACIFIC ISLANDER,Fiona,37,15
2013,FEMALE,ASIAN AND PACIFIC ISLANDER,Fiona,37,15
2013,FEMALE,ASIAN AND PACIFIC ISLANDER,Victoria,36,16
2013,FEMALE,ASIAN AND PACIFIC ISLANDER,Victoria,36,16
2013,FEMALE,ASIAN AND PACIFIC ISLANDER,Evelyn,36,16
2013,FEMALE,ASIAN AND PACIFIC ISLANDER,Evelyn,36,16
2013,FEMALE,ASIAN AND PACIFIC ISLANDER,Hailey,35,17
2013,FEMALE,ASIAN AND PACIFIC ISLANDER,Hailey,35,17
2013,FEMALE,ASIAN AND PACIFIC ISLANDER,Alice,35,17
2013,FEMALE,ASIAN AND PACIFIC ISLANDER,Anna,35,17
2013,FEMALE,ASIAN AND PACIFIC ISLANDER,Anna,35,17
2013,FEMALE,ASIAN AND PACIFIC ISLANDER,Alice,35,17
2013,FEMALE,ASIAN AND PACIFIC ISLANDER,Abigail,34,18
2013,FEMALE,ASIAN AND PACIFIC ISLANDER,Ivy,34,18
2013,FEMALE,ASIAN AND PACIFIC ISLANDER,Nicole,34,18
2013,FEMALE,ASIAN AND PACIFIC ISLANDER,Abigail,34,18
2013,FEMALE,ASIAN AND PACIFIC ISLANDER,Sophie,34,18
2013,FEMALE,ASIAN AND PACIFIC ISLANDER,Sophie,34,18
2013,FEMALE,ASIAN AND PACIFIC ISLANDER,Ivy,34,18
2013,FEMALE,ASIAN AND PACIFIC ISLANDER,Nicole,34,18
2013,FEMALE,ASIAN AND PACIFIC ISLANDER,Claire,33,19
2013,FEMALE,ASIAN AND PACIFIC ISLANDER,Claire,33,19
2013,FEMALE,ASIAN AND PACIFIC ISLANDER,Alina,32,20
2013,FEMALE,ASIAN AND PACIFIC ISLANDER,Joanna,32,20
2013,FEMALE,ASIAN AND PACIFIC ISLANDER,Amelia,32,20
2013,FEMALE,ASIAN AND PACIFIC ISLANDER,Rachel,32,20
2013,FEMALE,ASIAN AND PACIFIC ISLANDER,Joanna,32,20
2013,FEMALE,ASIAN AND PACIFIC ISLANDER,Alina,32,20
2013,FEMALE,ASIAN AND PACIFIC ISLANDER,Amelia,32,20
2013,FEMALE,ASIAN AND PACIFIC ISLANDER,Rachel,32,20
2013,FEMALE,ASIAN AND PACIFIC ISLANDER,Ella,31,21
2013,FEMALE,ASIAN AND PACIFIC ISLANDER,Audrey,31,21
2013,FEMALE,ASIAN AND PACIFIC ISLANDER,Ella,31,21
2013,FEMALE,ASIAN AND PACIFIC ISLANDER,Michelle,31,21
2013,FEMALE,ASIAN AND PACIFIC ISLANDER,Audrey,31,21
2013,FEMALE,ASIAN AND PACIFIC ISLANDER,Tenzin,31,21
2013,FEMALE,ASIAN AND PACIFIC ISLANDER,Michelle,31,21
2013,FEMALE,ASIAN AND PACIFIC ISLANDER,Tenzin,31,21
2013,FEMALE,ASIAN AND PACIFIC ISLANDER,Katherine,30,22
2013,FEMALE,ASIAN AND PACIFIC ISLANDER,Katherine,30,22
2013,FEMALE,ASIAN AND PACIFIC ISLANDER,Sofia,29,23
2013,FEMALE,ASIAN AND PACIFIC ISLANDER,Madison,29,23
2013,FEMALE,ASIAN AND PACIFIC ISLANDER,Madison,29,23
2013,FEMALE,ASIAN AND PACIFIC ISLANDER,Eva,28,24
2013,FEMALE,ASIAN AND PACIFIC ISLANDER,Joy,28,24
2013,FEMALE,ASIAN AND PACIFIC ISLANDER,Angelina,28,24
2013,FEMALE,ASIAN AND PACIFIC ISLANDER,Joy,28,24
2013,FEMALE,ASIAN AND PACIFIC ISLANDER,Eva,28,24
2013,FEMALE,ASIAN AND PACIFIC ISLANDER,Iris,27,25
2013,FEMALE,ASIAN AND PACIFIC ISLANDER,Alyssa,27,25
2013,FEMALE,ASIAN AND PACIFIC ISLANDER,Ariana,27,25
2013,FEMALE,ASIAN AND PACIFIC ISLANDER,Alyssa,27,25
2013,FEMALE,ASIAN AND PACIFIC ISLANDER,Iris,27,25
2013,FEMALE,ASIAN AND PACIFIC ISLANDER,Ariana,27,25
2013,FEMALE,ASIAN AND PACIFIC ISLANDER,Arya,26,26
2013,FEMALE,ASIAN AND PACIFIC ISLANDER,Winnie,26,26
2013,FEMALE,ASIAN AND PACIFIC ISLANDER,Aleena,26,26
2013,FEMALE,ASIAN AND PACIFIC ISLANDER,Arya,26,26
2013,FEMALE,ASIAN AND PACIFIC ISLANDER,Fatima,26,26
2013,FEMALE,ASIAN AND PACIFIC ISLANDER,Aleena,26,26
2013,FEMALE,ASIAN AND PACIFIC ISLANDER,Fatima,26,26
2013,FEMALE,ASIAN AND PACIFIC ISLANDER,Kayla,25,27
2013,FEMALE,ASIAN AND PACIFIC ISLANDER,Aria,25,27
2013,FEMALE,ASIAN AND PACIFIC ISLANDER,Lily,25,27
2013,FEMALE,ASIAN AND PACIFIC ISLANDER,Aria,25,27
2013,FEMALE,ASIAN AND PACIFIC ISLANDER,Lily,25,27
2013,FEMALE,ASIAN AND PACIFIC ISLANDER,Natalie,25,27
2013,FEMALE,ASIAN AND PACIFIC ISLANDER,Natalie,25,27
2013,FEMALE,ASIAN AND PACIFIC ISLANDER,Bella,24,28
2013,FEMALE,ASIAN AND PACIFIC ISLANDER,Zoey,24,28
2013,FEMALE,ASIAN AND PACIFIC ISLANDER,Bella,24,28
2013,FEMALE,ASIAN AND PACIFIC ISLANDER,Elizabeth,24,28
2013,FEMALE,ASIAN AND PACIFIC ISLANDER,Zainab,24,28
2013,FEMALE,ASIAN AND PACIFIC ISLANDER,Zoey,24,28
2013,FEMALE,ASIAN AND PACIFIC ISLANDER,Zainab,24,28
2013,FEMALE,ASIAN AND PACIFIC ISLANDER,Elizabeth,24,28
2013,FEMALE,ASIAN AND PACIFIC ISLANDER,Kaitlyn,23,29
2013,FEMALE,ASIAN AND PACIFIC ISLANDER,Catherine,23,29
2013,FEMALE,ASIAN AND PACIFIC ISLANDER,Kaitlyn,23,29
2013,FEMALE,ASIAN AND PACIFIC ISLANDER,Maggie,23,29
2013,FEMALE,ASIAN AND PACIFIC ISLANDER,Sara,23,29
2013,FEMALE,ASIAN AND PACIFIC ISLANDER,Maya,23,29
2013,FEMALE,ASIAN AND PACIFIC ISLANDER,Tiffany,23,29
2013,FEMALE,ASIAN AND PACIFIC ISLANDER,Sara,23,29
2013,FEMALE,ASIAN AND PACIFIC ISLANDER,Maggie,23,29
2013,FEMALE,ASIAN AND PACIFIC ISLANDER,Jessica,23,29
2013,FEMALE,ASIAN AND PACIFIC ISLANDER,Jessica,23,29
2013,FEMALE,ASIAN AND PACIFIC ISLANDER,Tiffany,23,29
2013,FEMALE,ASIAN AND PACIFIC ISLANDER,Jenny,22,30
2013,FEMALE,ASIAN AND PACIFIC ISLANDER,Selina,22,30
2013,FEMALE,ASIAN AND PACIFIC ISLANDER,Amber,22,30
2013,FEMALE,ASIAN AND PACIFIC ISLANDER,Zara,22,30
2013,FEMALE,ASIAN AND PACIFIC ISLANDER,Selina,22,30
2013,FEMALE,ASIAN AND PACIFIC ISLANDER,Jenny,22,30
2013,FEMALE,ASIAN AND PACIFIC ISLANDER,Amber,22,30
2013,FEMALE,ASIAN AND PACIFIC ISLANDER,Zara,22,30
2013,FEMALE,ASIAN AND PACIFIC ISLANDER,Irene,21,31
2013,FEMALE,ASIAN AND PACIFIC ISLANDER,Kimberly,21,31
2013,FEMALE,ASIAN AND PACIFIC ISLANDER,Samantha,21,31
2013,FEMALE,ASIAN AND PACIFIC ISLANDER,Maryam,21,31
2013,FEMALE,ASIAN AND PACIFIC ISLANDER,Kimberly,21,31
2013,FEMALE,ASIAN AND PACIFIC ISLANDER,Charlotte,21,31
2013,FEMALE,ASIAN AND PACIFIC ISLANDER,Leah,21,31
2013,FEMALE,ASIAN AND PACIFIC ISLANDER,Irene,21,31
2013,FEMALE,ASIAN AND PACIFIC ISLANDER,Leah,21,31
2013,FEMALE,ASIAN AND PACIFIC ISLANDER,Samantha,21,31
2013,FEMALE,ASIAN AND PACIFIC ISLANDER,Charlotte,21,31
2013,FEMALE,ASIAN AND PACIFIC ISLANDER,Vicky,20,32
2013,FEMALE,ASIAN AND PACIFIC ISLANDER,Ayesha,20,32
2013,FEMALE,ASIAN AND PACIFIC ISLANDER,Ayesha,20,32
2013,FEMALE,ASIAN AND PACIFIC ISLANDER,Vicky,20,32
2013,FEMALE,ASIAN AND PACIFIC ISLANDER,Rebecca,20,32
2013,FEMALE,ASIAN AND PACIFIC ISLANDER,Rebecca,20,32
2013,FEMALE,ASIAN AND PACIFIC ISLANDER,Ariel,19,33
2013,FEMALE,ASIAN AND PACIFIC ISLANDER,Cindy,19,33
2013,FEMALE,ASIAN AND PACIFIC ISLANDER,Melody,19,33
2013,FEMALE,ASIAN AND PACIFIC ISLANDER,Amy,19,33
2013,FEMALE,ASIAN AND PACIFIC ISLANDER,Avery,19,33
2013,FEMALE,ASIAN AND PACIFIC ISLANDER,Kaylee,19,33
2013,FEMALE,ASIAN AND PACIFIC ISLANDER,Jasmine,19,33
2013,FEMALE,ASIAN AND PACIFIC ISLANDER,Caroline,19,33
2013,FEMALE,ASIAN AND PACIFIC ISLANDER,Kaylee,19,33
2013,FEMALE,ASIAN AND PACIFIC ISLANDER,Amy,19,33
2013,FEMALE,ASIAN AND PACIFIC ISLANDER,Ariel,19,33
2013,FEMALE,ASIAN AND PACIFIC ISLANDER,Melody,19,33
2013,FEMALE,ASIAN AND PACIFIC ISLANDER,Avery,19,33
2013,FEMALE,ASIAN AND PACIFIC ISLANDER,Jasmine,19,33
2013,FEMALE,ASIAN AND PACIFIC ISLANDER,Caroline,19,33
2013,FEMALE,ASIAN AND PACIFIC ISLANDER,Cindy,19,33
2013,FEMALE,ASIAN AND PACIFIC ISLANDER,Jocelyn,19,33
2013,FEMALE,ASIAN AND PACIFIC ISLANDER,Ellie,18,34
2013,FEMALE,ASIAN AND PACIFIC ISLANDER,Annie,18,34
2013,FEMALE,ASIAN AND PACIFIC ISLANDER,Aisha,18,34
2013,FEMALE,ASIAN AND PACIFIC ISLANDER,Eileen,18,34
2013,FEMALE,ASIAN AND PACIFIC ISLANDER,Cynthia,18,34
2013,FEMALE,ASIAN AND PACIFIC ISLANDER,Ellie,18,34
2013,FEMALE,ASIAN AND PACIFIC ISLANDER,Annie,18,34
2013,FEMALE,ASIAN AND PACIFIC ISLANDER,Nina,18,34
2013,FEMALE,ASIAN AND PACIFIC ISLANDER,Nina,18,34
2013,FEMALE,ASIAN AND PACIFIC ISLANDER,Angel,18,34
2013,FEMALE,ASIAN AND PACIFIC ISLANDER,Aisha,18,34
2013,FEMALE,ASIAN AND PACIFIC ISLANDER,Eileen,18,34
2013,FEMALE,ASIAN AND PACIFIC ISLANDER,Angel,18,34
2013,FEMALE,ASIAN AND PACIFIC ISLANDER,Celine,17,35
2013,FEMALE,ASIAN AND PACIFIC ISLANDER,Sharon,17,35
2013,FEMALE,ASIAN AND PACIFIC ISLANDER,Sharon,17,35
2013,FEMALE,ASIAN AND PACIFIC ISLANDER,Elaine,17,35
2013,FEMALE,ASIAN AND PACIFIC ISLANDER,Elaine,17,35
2013,FEMALE,ASIAN AND PACIFIC ISLANDER,Celine,17,35
2013,FEMALE,ASIAN AND PACIFIC ISLANDER,Erin,16,36
2013,FEMALE,ASIAN AND PACIFIC ISLANDER,Jennifer,16,36
2013,FEMALE,ASIAN AND PACIFIC ISLANDER,Zoya,16,36
2013,FEMALE,ASIAN AND PACIFIC ISLANDER,Arianna,16,36
2013,FEMALE,ASIAN AND PACIFIC ISLANDER,Anaya,16,36
2013,FEMALE,ASIAN AND PACIFIC ISLANDER,Zoya,16,36
2013,FEMALE,ASIAN AND PACIFIC ISLANDER,Arianna,16,36
2013,FEMALE,ASIAN AND PACIFIC ISLANDER,Anaya,16,36
2013,FEMALE,ASIAN AND PACIFIC ISLANDER,Kelly,16,36
2013,FEMALE,ASIAN AND PACIFIC ISLANDER,Jennifer,16,36
2013,FEMALE,ASIAN AND PACIFIC ISLANDER,Kelly,16,36
2013,FEMALE,ASIAN AND PACIFIC ISLANDER,Erin,16,36
2013,FEMALE,ASIAN AND PACIFIC ISLANDER,Christine,15,37
2013,FEMALE,ASIAN AND PACIFIC ISLANDER,Julia,15,37
2013,FEMALE,ASIAN AND PACIFIC ISLANDER,Selena,15,37
2013,FEMALE,ASIAN AND PACIFIC ISLANDER,Crystal,15,37
2013,FEMALE,ASIAN AND PACIFIC ISLANDER,Abby,15,37
2013,FEMALE,ASIAN AND PACIFIC ISLANDER,Shirley,15,37
2013,FEMALE,ASIAN AND PACIFIC ISLANDER,Julia,15,37
2013,FEMALE,ASIAN AND PACIFIC ISLANDER,Abby,15,37
2013,FEMALE,ASIAN AND PACIFIC ISLANDER,Isabelle,15,37
2013,FEMALE,ASIAN AND PACIFIC ISLANDER,Anya,15,37
2013,FEMALE,ASIAN AND PACIFIC ISLANDER,Anya,15,37
2013,FEMALE,ASIAN AND PACIFIC ISLANDER,Selena,15,37
2013,FEMALE,ASIAN AND PACIFIC ISLANDER,Shirley,15,37
2013,FEMALE,ASIAN AND PACIFIC ISLANDER,Crystal,15,37
2013,FEMALE,ASIAN AND PACIFIC ISLANDER,Daphne,14,38
2013,FEMALE,ASIAN AND PACIFIC ISLANDER,Christina,14,38
2013,FEMALE,ASIAN AND PACIFIC ISLANDER,Riya,14,38
2013,FEMALE,ASIAN AND PACIFIC ISLANDER,Zahra,14,38
2013,FEMALE,ASIAN AND PACIFIC ISLANDER,Serena,14,38
2013,FEMALE,ASIAN AND PACIFIC ISLANDER,Riya,14,38
2013,FEMALE,ASIAN AND PACIFIC ISLANDER,Madelyn,14,38
2013,FEMALE,ASIAN AND PACIFIC ISLANDER,Manha,14,38
2013,FEMALE,ASIAN AND PACIFIC ISLANDER,Manha,14,38
2013,FEMALE,ASIAN AND PACIFIC ISLANDER,Chelsea,14,38
2013,FEMALE,ASIAN AND PACIFIC ISLANDER,Megan,14,38
2013,FEMALE,ASIAN AND PACIFIC ISLANDER,Jenna,14,38
2013,FEMALE,ASIAN AND PACIFIC ISLANDER,Chelsea,14,38
2013,FEMALE,ASIAN AND PACIFIC ISLANDER,Jenna,14,38
2013,FEMALE,ASIAN AND PACIFIC ISLANDER,Daphne,14,38
2013,FEMALE,ASIAN AND PACIFIC ISLANDER,Serena,14,38
2013,FEMALE,ASIAN AND PACIFIC ISLANDER,Madelyn,14,38
2013,FEMALE,ASIAN AND PACIFIC ISLANDER,Joyce,14,38
2013,FEMALE,ASIAN AND PACIFIC ISLANDER,Zahra,14,38
2013,FEMALE,ASIAN AND PACIFIC ISLANDER,Joyce,14,38
2013,FEMALE,ASIAN AND PACIFIC ISLANDER,Anika,13,39
2013,FEMALE,ASIAN AND PACIFIC ISLANDER,Stephanie,13,39
2013,FEMALE,ASIAN AND PACIFIC ISLANDER,Keira,13,39
2013,FEMALE,ASIAN AND PACIFIC ISLANDER,Helen,13,39
2013,FEMALE,ASIAN AND PACIFIC ISLANDER,Inaaya,13,39
2013,FEMALE,ASIAN AND PACIFIC ISLANDER,Sydney,13,39
2013,FEMALE,ASIAN AND PACIFIC ISLANDER,Josephine,13,39
2013,FEMALE,ASIAN AND PACIFIC ISLANDER,Summer,13,39
2013,FEMALE,ASIAN AND PACIFIC ISLANDER,Summer,13,39
2013,FEMALE,ASIAN AND PACIFIC ISLANDER,Stephanie,13,39
2013,FEMALE,ASIAN AND PACIFIC ISLANDER,Tina,13,39
2013,FEMALE,ASIAN AND PACIFIC ISLANDER,Stella,13,39
2013,FEMALE,ASIAN AND PACIFIC ISLANDER,Scarlett,13,39
2013,FEMALE,ASIAN AND PACIFIC ISLANDER,Stella,13,39
2013,FEMALE,ASIAN AND PACIFIC ISLANDER,Keira,13,39
2013,FEMALE,ASIAN AND PACIFIC ISLANDER,Lauren,13,39
2013,FEMALE,ASIAN AND PACIFIC ISLANDER,Isabel,13,39
2013,FEMALE,ASIAN AND PACIFIC ISLANDER,Sydney,13,39
2013,FEMALE,ASIAN AND PACIFIC ISLANDER,Scarlett,13,39
2013,FEMALE,ASIAN AND PACIFIC ISLANDER,Lauren,13,39
2013,FEMALE,ASIAN AND PACIFIC ISLANDER,Miranda,13,39
2013,FEMALE,ASIAN AND PACIFIC ISLANDER,Anika,13,39
2013,FEMALE,ASIAN AND PACIFIC ISLANDER,Tina,13,39
2013,FEMALE,ASIAN AND PACIFIC ISLANDER,Isabel,13,39
2013,FEMALE,ASIAN AND PACIFIC ISLANDER,Elena,13,39
2013,FEMALE,ASIAN AND PACIFIC ISLANDER,Helen,13,39
2013,FEMALE,ASIAN AND PACIFIC ISLANDER,Josephine,13,39
2013,FEMALE,ASIAN AND PACIFIC ISLANDER,Elena,13,39
2013,FEMALE,ASIAN AND PACIFIC ISLANDER,Inaaya,13,39
2013,FEMALE,ASIAN AND PACIFIC ISLANDER,Miranda,13,39
2013,FEMALE,ASIAN AND PACIFIC ISLANDER,Raina,12,40
2013,FEMALE,ASIAN AND PACIFIC ISLANDER,Karen,12,40
2013,FEMALE,ASIAN AND PACIFIC ISLANDER,Kate,12,40
2013,FEMALE,ASIAN AND PACIFIC ISLANDER,Elina,12,40
2013,FEMALE,ASIAN AND PACIFIC ISLANDER,Allison,12,40
2013,FEMALE,ASIAN AND PACIFIC ISLANDER,Queenie,12,40
2013,FEMALE,ASIAN AND PACIFIC ISLANDER,Karen,12,40
2013,FEMALE,ASIAN AND PACIFIC ISLANDER,Naomi,12,40
2013,FEMALE,ASIAN AND PACIFIC ISLANDER,Naomi,12,40
2013,FEMALE,ASIAN AND PACIFIC ISLANDER,Sabrina,12,40
2013,FEMALE,ASIAN AND PACIFIC ISLANDER,Raina,12,40
2013,FEMALE,ASIAN AND PACIFIC ISLANDER,Katelyn,12,40
2013,FEMALE,ASIAN AND PACIFIC ISLANDER,Katelyn,12,40
2013,FEMALE,ASIAN AND PACIFIC ISLANDER,Allison,12,40
2013,FEMALE,ASIAN AND PACIFIC ISLANDER,Sabrina,12,40
2013,FEMALE,ASIAN AND PACIFIC ISLANDER,Queenie,12,40
2013,FEMALE,ASIAN AND PACIFIC ISLANDER,Elina,12,40
2013,FEMALE,ASIAN AND PACIFIC ISLANDER,Cecilia,12,40
2013,FEMALE,ASIAN AND PACIFIC ISLANDER,Kate,12,40
2013,FEMALE,ASIAN AND PACIFIC ISLANDER,Cecilia,12,40
2013,FEMALE,ASIAN AND PACIFIC ISLANDER,Sylvia,11,41
2013,FEMALE,ASIAN AND PACIFIC ISLANDER,Penelope,11,41
2013,FEMALE,ASIAN AND PACIFIC ISLANDER,Madeline,11,41
2013,FEMALE,ASIAN AND PACIFIC ISLANDER,Hana,11,41
2013,FEMALE,ASIAN AND PACIFIC ISLANDER,Sarina,11,41
2013,FEMALE,ASIAN AND PACIFIC ISLANDER,Samara,11,41
2013,FEMALE,ASIAN AND PACIFIC ISLANDER,Elise,11,41
2013,FEMALE,ASIAN AND PACIFIC ISLANDER,Jannat,11,41
2013,FEMALE,ASIAN AND PACIFIC ISLANDER,Karina,11,41
2013,FEMALE,ASIAN AND PACIFIC ISLANDER,Penelope,11,41
2013,FEMALE,ASIAN AND PACIFIC ISLANDER,Sarina,11,41
2013,FEMALE,ASIAN AND PACIFIC ISLANDER,Sylvia,11,41
2013,FEMALE,ASIAN AND PACIFIC ISLANDER,Carina,11,41
2013,FEMALE,ASIAN AND PACIFIC ISLANDER,Elise,11,41
2013,FEMALE,ASIAN AND PACIFIC ISLANDER,Jamie,11,41
2013,FEMALE,ASIAN AND PACIFIC ISLANDER,Karina,11,41
2013,FEMALE,ASIAN AND PACIFIC ISLANDER,Carina,11,41
2013,FEMALE,ASIAN AND PACIFIC ISLANDER,Samara,11,41
2013,FEMALE,ASIAN AND PACIFIC ISLANDER,Alexandra,11,41
2013,FEMALE,ASIAN AND PACIFIC ISLANDER,Syeda,11,41
2013,FEMALE,ASIAN AND PACIFIC ISLANDER,Alexandra,11,41
2013,FEMALE,ASIAN AND PACIFIC ISLANDER,Syeda,11,41
2013,FEMALE,ASIAN AND PACIFIC ISLANDER,Amanda,11,41
2013,FEMALE,ASIAN AND PACIFIC ISLANDER,Amanda,11,41
2013,FEMALE,ASIAN AND PACIFIC ISLANDER,Hana,11,41
2013,FEMALE,ASIAN AND PACIFIC ISLANDER,Jamie,11,41
2013,FEMALE,ASIAN AND PACIFIC ISLANDER,Jannat,11,41
2013,FEMALE,ASIAN AND PACIFIC ISLANDER,Athena,10,42
2013,FEMALE,ASIAN AND PACIFIC ISLANDER,Jessie,10,42
2013,FEMALE,ASIAN AND PACIFIC ISLANDER,Annika,10,42
2013,FEMALE,ASIAN AND PACIFIC ISLANDER,Lillian,10,42
2013,FEMALE,ASIAN AND PACIFIC ISLANDER,Leila,10,42
2013,FEMALE,ASIAN AND PACIFIC ISLANDER,Connie,10,42
2013,FEMALE,ASIAN AND PACIFIC ISLANDER,Eunice,10,42
2013,FEMALE,ASIAN AND PACIFIC ISLANDER,Ananya,10,42
2013,FEMALE,ASIAN AND PACIFIC ISLANDER,Leila,10,42
2013,FEMALE,ASIAN AND PACIFIC ISLANDER,Layla,10,42
2013,FEMALE,ASIAN AND PACIFIC ISLANDER,Athena,10,42
2013,FEMALE,ASIAN AND PACIFIC ISLANDER,Sunny,10,42
2013,FEMALE,ASIAN AND PACIFIC ISLANDER,Ada,10,42
2013,FEMALE,ASIAN AND PACIFIC ISLANDER,Linda,10,42
2013,FEMALE,ASIAN AND PACIFIC ISLANDER,Annabelle,10,42
2013,FEMALE,ASIAN AND PACIFIC ISLANDER,Eunice,10,42
2013,FEMALE,ASIAN AND PACIFIC ISLANDER,Vanessa,10,42
2013,FEMALE,ASIAN AND PACIFIC ISLANDER,Leela,10,42
2013,FEMALE,ASIAN AND PACIFIC ISLANDER,Connie,10,42
2013,FEMALE,ASIAN AND PACIFIC ISLANDER,Leela,10,42
2013,FEMALE,ASIAN AND PACIFIC ISLANDER,Lena,10,42
2013,FEMALE,ASIAN AND PACIFIC ISLANDER,Vanessa,10,42
2013,FEMALE,ASIAN AND PACIFIC ISLANDER,Ada,10,42
2013,FEMALE,ASIAN AND PACIFIC ISLANDER,Lillian,10,42
2013,FEMALE,ASIAN AND PACIFIC ISLANDER,Linda,10,42
2013,FEMALE,ASIAN AND PACIFIC ISLANDER,Annika,10,42
2013,FEMALE,ASIAN AND PACIFIC ISLANDER,Lena,10,42
2013,FEMALE,ASIAN AND PACIFIC ISLANDER,Emaan,10,42
2013,FEMALE,ASIAN AND PACIFIC ISLANDER,Emaan,10,42
2013,FEMALE,ASIAN AND PACIFIC ISLANDER,Jessie,10,42
2013,FEMALE,ASIAN AND PACIFIC ISLANDER,Annabelle,10,42
2013,FEMALE,ASIAN AND PACIFIC ISLANDER,Ananya,10,42
2013,FEMALE,ASIAN AND PACIFIC ISLANDER,Sunny,10,42
2013,FEMALE,BLACK NON HISPANIC,Madison,134,1
2013,FEMALE,BLACK NON HISPANIC,London,76,2
2013,FEMALE,BLACK NON HISPANIC,Aaliyah,73,3
2013,FEMALE,BLACK NON HISPANIC,Aaliyah,73,3
2013,FEMALE,BLACK NON HISPANIC,Ava,70,4
2013,FEMALE,BLACK NON HISPANIC,Ava,70,4
2013,FEMALE,BLACK NON HISPANIC,Chloe,68,5
2013,FEMALE,BLACK NON HISPANIC,Chloe,68,5
2013,FEMALE,BLACK NON HISPANIC,Olivia,64,6
2013,FEMALE,BLACK NON HISPANIC,Olivia,64,6
2013,FEMALE,BLACK NON HISPANIC,Taylor,57,7
2013,FEMALE,BLACK NON HISPANIC,Taylor,57,7
2013,FEMALE,BLACK NON HISPANIC,Kayla,56,8
2013,FEMALE,BLACK NON HISPANIC,Kayla,56,8
2013,FEMALE,BLACK NON HISPANIC,Serenity,54,9
2013,FEMALE,BLACK NON HISPANIC,Serenity,54,9
2013,FEMALE,BLACK NON HISPANIC,Brielle,51,10
2013,FEMALE,BLACK NON HISPANIC,Brielle,51,10
2013,FEMALE,BLACK NON HISPANIC,Nevaeh,48,11
2013,FEMALE,BLACK NON HISPANIC,Arianna,48,11
2013,FEMALE,BLACK NON HISPANIC,Nevaeh,48,11
2013,FEMALE,BLACK NON HISPANIC,Abigail,48,11
2013,FEMALE,BLACK NON HISPANIC,Arianna,48,11
2013,FEMALE,BLACK NON HISPANIC,Isabella,47,12
2013,FEMALE,BLACK NON HISPANIC,Isabella,47,12
2013,FEMALE,BLACK NON HISPANIC,Ariel,45,13
2013,FEMALE,BLACK NON HISPANIC,Makayla,45,13
2013,FEMALE,BLACK NON HISPANIC,Zoe,45,13
2013,FEMALE,BLACK NON HISPANIC,Makayla,45,13
2013,FEMALE,BLACK NON HISPANIC,Ariel,45,13
2013,FEMALE,BLACK NON HISPANIC,Faith,45,13
2013,FEMALE,BLACK NON HISPANIC,Faith,45,13
2013,FEMALE,BLACK NON HISPANIC,Fatoumata,44,14
2013,FEMALE,BLACK NON HISPANIC,Fatoumata,44,14
2013,FEMALE,BLACK NON HISPANIC,Leah,43,15
2013,FEMALE,BLACK NON HISPANIC,Naomi,43,15
2013,FEMALE,BLACK NON HISPANIC,Naomi,43,15
2013,FEMALE,BLACK NON HISPANIC,Leah,43,15
2013,FEMALE,BLACK NON HISPANIC,Skylar,42,16
2013,FEMALE,BLACK NON HISPANIC,Khloe,41,17
2013,FEMALE,BLACK NON HISPANIC,Khloe,41,17
2013,FEMALE,BLACK NON HISPANIC,Victoria,39,18
2013,FEMALE,BLACK NON HISPANIC,Mia,39,18
2013,FEMALE,BLACK NON HISPANIC,Laila,38,19
2013,FEMALE,BLACK NON HISPANIC,Laila,38,19
2013,FEMALE,BLACK NON HISPANIC,Kaylee,37,20
2013,FEMALE,BLACK NON HISPANIC,Jayla,37,20
2013,FEMALE,BLACK NON HISPANIC,Jayla,37,20
2013,FEMALE,BLACK NON HISPANIC,Zoey,36,21
2013,FEMALE,BLACK NON HISPANIC,Zoey,36,21
2013,FEMALE,BLACK NON HISPANIC,Nyla,35,22
2013,FEMALE,BLACK NON HISPANIC,Nyla,35,22
2013,FEMALE,BLACK NON HISPANIC,Alyssa,35,22
2013,FEMALE,BLACK NON HISPANIC,Sarah,34,23
2013,FEMALE,BLACK NON HISPANIC,Nia,34,23
2013,FEMALE,BLACK NON HISPANIC,Sarah,34,23
2013,FEMALE,BLACK NON HISPANIC,Nia,34,23
2013,FEMALE,BLACK NON HISPANIC,Jasmine,33,24
2013,FEMALE,BLACK NON HISPANIC,Jasmine,33,24
2013,FEMALE,BLACK NON HISPANIC,Emily,33,24
2013,FEMALE,BLACK NON HISPANIC,Emily,33,24
2013,FEMALE,BLACK NON HISPANIC,Gabrielle,33,24
2013,FEMALE,BLACK NON HISPANIC,Gabrielle,33,24
2013,FEMALE,BLACK NON HISPANIC,Grace,32,25
2013,FEMALE,BLACK NON HISPANIC,Hailey,32,25
2013,FEMALE,BLACK NON HISPANIC,Mariam,32,25
2013,FEMALE,BLACK NON HISPANIC,Mariam,32,25
2013,FEMALE,BLACK NON HISPANIC,Hailey,32,25
2013,FEMALE,BLACK NON HISPANIC,Grace,32,25
2013,FEMALE,BLACK NON HISPANIC,Gabriella,31,26
2013,FEMALE,BLACK NON HISPANIC,Jada,31,26
2013,FEMALE,BLACK NON HISPANIC,Savannah,31,26
2013,FEMALE,BLACK NON HISPANIC,Peyton,31,26
2013,FEMALE,BLACK NON HISPANIC,Gabriella,31,26
2013,FEMALE,BLACK NON HISPANIC,Peyton,31,26
2013,FEMALE,BLACK NON HISPANIC,Savannah,31,26
2013,FEMALE,BLACK NON HISPANIC,Jada,31,26
2013,FEMALE,BLACK NON HISPANIC,Aminata,30,27
2013,FEMALE,BLACK NON HISPANIC,Aminata,30,27
2013,FEMALE,BLACK NON HISPANIC,Kylie,29,28
2013,FEMALE,BLACK NON HISPANIC,Kylie,29,28
2013,FEMALE,BLACK NON HISPANIC,Destiny,28,29
2013,FEMALE,BLACK NON HISPANIC,Malia,28,29
2013,FEMALE,BLACK NON HISPANIC,Jade,28,29
2013,FEMALE,BLACK NON HISPANIC,Aniyah,28,29
2013,FEMALE,BLACK NON HISPANIC,Jade,28,29
2013,FEMALE,BLACK NON HISPANIC,Malia,28,29
2013,FEMALE,BLACK NON HISPANIC,Aniyah,28,29
2013,FEMALE,BLACK NON HISPANIC,Mariah,28,29
2013,FEMALE,BLACK NON HISPANIC,Milan,28,29
2013,FEMALE,BLACK NON HISPANIC,Milan,28,29
2013,FEMALE,BLACK NON HISPANIC,Mariah,28,29
2013,FEMALE,BLACK NON HISPANIC,Destiny,28,29
2013,FEMALE,BLACK NON HISPANIC,Kennedy,27,30
2013,FEMALE,BLACK NON HISPANIC,Morgan,27,30
2013,FEMALE,BLACK NON HISPANIC,Paige,27,30
2013,FEMALE,BLACK NON HISPANIC,Arielle,27,30
2013,FEMALE,BLACK NON HISPANIC,Oumou,27,30
2013,FEMALE,BLACK NON HISPANIC,Morgan,27,30
2013,FEMALE,BLACK NON HISPANIC,Kennedy,27,30
2013,FEMALE,BLACK NON HISPANIC,Arielle,27,30
2013,FEMALE,BLACK NON HISPANIC,Paige,27,30
2013,FEMALE,BLACK NON HISPANIC,Oumou,27,30
2013,FEMALE,BLACK NON HISPANIC,Nylah,26,31
2013,FEMALE,BLACK NON HISPANIC,Chelsea,26,31
2013,FEMALE,BLACK NON HISPANIC,Chelsea,26,31
2013,FEMALE,BLACK NON HISPANIC,Nylah,26,31
2013,FEMALE,BLACK NON HISPANIC,Riley,26,31
2013,FEMALE,BLACK NON HISPANIC,Riley,26,31
2013,FEMALE,BLACK NON HISPANIC,Emma,25,32
2013,FEMALE,BLACK NON HISPANIC,Aubrey,25,32
2013,FEMALE,BLACK NON HISPANIC,Emma,25,32
2013,FEMALE,BLACK NON HISPANIC,Aubrey,25,32
2013,FEMALE,BLACK NON HISPANIC,Sophia,24,33
2013,FEMALE,BLACK NON HISPANIC,Brooke,24,33
2013,FEMALE,BLACK NON HISPANIC,Brianna,24,33
2013,FEMALE,BLACK NON HISPANIC,Sophia,24,33
2013,FEMALE,BLACK NON HISPANIC,Layla,24,33
2013,FEMALE,BLACK NON HISPANIC,Brianna,24,33
2013,FEMALE,BLACK NON HISPANIC,Layla,24,33
2013,FEMALE,BLACK NON HISPANIC,Brooke,24,33
2013,FEMALE,BLACK NON HISPANIC,Ariana,23,34
2013,FEMALE,BLACK NON HISPANIC,Ariana,23,34
2013,FEMALE,BLACK NON HISPANIC,Elizabeth,23,34
2013,FEMALE,BLACK NON HISPANIC,Skyla,23,34
2013,FEMALE,BLACK NON HISPANIC,Elizabeth,23,34
2013,FEMALE,BLACK NON HISPANIC,Skyla,23,34
2013,FEMALE,BLACK NON HISPANIC,Imani,22,35
2013,FEMALE,BLACK NON HISPANIC,Heaven,22,35
2013,FEMALE,BLACK NON HISPANIC,Maya,22,35
2013,FEMALE,BLACK NON HISPANIC,Amelia,22,35
2013,FEMALE,BLACK NON HISPANIC,Heaven,22,35
2013,FEMALE,BLACK NON HISPANIC,Amaya,22,35
2013,FEMALE,BLACK NON HISPANIC,Amaya,22,35
2013,FEMALE,BLACK NON HISPANIC,Fatima,22,35
2013,FEMALE,BLACK NON HISPANIC,Trinity,22,35
2013,FEMALE,BLACK NON HISPANIC,Imani,22,35
2013,FEMALE,BLACK NON HISPANIC,Maya,22,35
2013,FEMALE,BLACK NON HISPANIC,Trinity,22,35
2013,FEMALE,BLACK NON HISPANIC,Fatima,22,35
2013,FEMALE,BLACK NON HISPANIC,Mya,22,35
2013,FEMALE,BLACK NON HISPANIC,Mya,22,35
2013,FEMALE,BLACK NON HISPANIC,Aisha,21,36
2013,FEMALE,BLACK NON HISPANIC,Autumn,21,36
2013,FEMALE,BLACK NON HISPANIC,Autumn,21,36
2013,FEMALE,BLACK NON HISPANIC,Hannah,21,36
2013,FEMALE,BLACK NON HISPANIC,Summer,21,36
2013,FEMALE,BLACK NON HISPANIC,Summer,21,36
2013,FEMALE,BLACK NON HISPANIC,Sydney,21,36
2013,FEMALE,BLACK NON HISPANIC,Bella,21,36
2013,FEMALE,BLACK NON HISPANIC,Hannah,21,36
2013,FEMALE,BLACK NON HISPANIC,Sydney,21,36
2013,FEMALE,BLACK NON HISPANIC,Aisha,21,36
2013,FEMALE,BLACK NON HISPANIC,Sarai,20,37
2013,FEMALE,BLACK NON HISPANIC,Mariama,20,37
2013,FEMALE,BLACK NON HISPANIC,Londyn,20,37
2013,FEMALE,BLACK NON HISPANIC,Mariama,20,37
2013,FEMALE,BLACK NON HISPANIC,Christina,20,37
2013,FEMALE,BLACK NON HISPANIC,Paris,20,37
2013,FEMALE,BLACK NON HISPANIC,Paris,20,37
2013,FEMALE,BLACK NON HISPANIC,Sarai,20,37
2013,FEMALE,BLACK NON HISPANIC,Hawa,19,38
2013,FEMALE,BLACK NON HISPANIC,Anaya,19,38
2013,FEMALE,BLACK NON HISPANIC,Miracle,19,38
2013,FEMALE,BLACK NON HISPANIC,Michelle,19,38
2013,FEMALE,BLACK NON HISPANIC,Anaya,19,38
2013,FEMALE,BLACK NON HISPANIC,Michelle,19,38
2013,FEMALE,BLACK NON HISPANIC,Miracle,19,38
2013,FEMALE,BLACK NON HISPANIC,Hawa,19,38
2013,FEMALE,BLACK NON HISPANIC,Amina,18,39
2013,FEMALE,BLACK NON HISPANIC,Amina,18,39
2013,FEMALE,BLACK NON HISPANIC,Amiyah,18,39
2013,FEMALE,BLACK NON HISPANIC,Lauren,18,39
2013,FEMALE,BLACK NON HISPANIC,Amiyah,18,39
2013,FEMALE,BLACK NON HISPANIC,Leila,17,40
2013,FEMALE,BLACK NON HISPANIC,McKenzie,17,40
2013,FEMALE,BLACK NON HISPANIC,McKenzie,17,40
2013,FEMALE,BLACK NON HISPANIC,Jordyn,17,40
2013,FEMALE,BLACK NON HISPANIC,Genesis,17,40
2013,FEMALE,BLACK NON HISPANIC,Payton,17,40
2013,FEMALE,BLACK NON HISPANIC,Payton,17,40
2013,FEMALE,BLACK NON HISPANIC,Jordyn,17,40
2013,FEMALE,BLACK NON HISPANIC,Leila,17,40
2013,FEMALE,BLACK NON HISPANIC,Alana,16,41
2013,FEMALE,BLACK NON HISPANIC,Kaylin,16,41
2013,FEMALE,BLACK NON HISPANIC,Samantha,16,41
2013,FEMALE,BLACK NON HISPANIC,Zuri,16,41
2013,FEMALE,BLACK NON HISPANIC,Harmony,16,41
2013,FEMALE,BLACK NON HISPANIC,Talia,16,41
2013,FEMALE,BLACK NON HISPANIC,Samantha,16,41
2013,FEMALE,BLACK NON HISPANIC,Ashley,16,41
2013,FEMALE,BLACK NON HISPANIC,Ashley,16,41
2013,FEMALE,BLACK NON HISPANIC,Amber,16,41
2013,FEMALE,BLACK NON HISPANIC,Zuri,16,41
2013,FEMALE,BLACK NON HISPANIC,Gianna,16,41
2013,FEMALE,BLACK NON HISPANIC,Harmony,16,41
2013,FEMALE,BLACK NON HISPANIC,Maliyah,16,41
2013,FEMALE,BLACK NON HISPANIC,Talia,16,41
2013,FEMALE,BLACK NON HISPANIC,Kaylin,16,41
2013,FEMALE,BLACK NON HISPANIC,Alana,16,41
2013,FEMALE,BLACK NON HISPANIC,Amber,16,41
2013,FEMALE,BLACK NON HISPANIC,Lily,15,42
2013,FEMALE,BLACK NON HISPANIC,Lily,15,42
2013,FEMALE,BLACK NON HISPANIC,Sofia,15,42
2013,FEMALE,BLACK NON HISPANIC,Aniya,15,42
2013,FEMALE,BLACK NON HISPANIC,Eden,15,42
2013,FEMALE,BLACK NON HISPANIC,Eden,15,42
2013,FEMALE,BLACK NON HISPANIC,Sofia,15,42
2013,FEMALE,BLACK NON HISPANIC,Aniya,15,42
2013,FEMALE,BLACK NON HISPANIC,Amira,14,43
2013,FEMALE,BLACK NON HISPANIC,Aissatou,14,43
2013,FEMALE,BLACK NON HISPANIC,Sanaa,14,43
2013,FEMALE,BLACK NON HISPANIC,Sanai,14,43
2013,FEMALE,BLACK NON HISPANIC,Aliyah,14,43
2013,FEMALE,BLACK NON HISPANIC,Skylah,14,43
2013,FEMALE,BLACK NON HISPANIC,Sanaa,14,43
2013,FEMALE,BLACK NON HISPANIC,Aria,14,43
2013,FEMALE,BLACK NON HISPANIC,Lyric,14,43
2013,FEMALE,BLACK NON HISPANIC,Aria,14,43
2013,FEMALE,BLACK NON HISPANIC,Amira,14,43
2013,FEMALE,BLACK NON HISPANIC,Lyric,14,43
2013,FEMALE,BLACK NON HISPANIC,Tamia,14,43
2013,FEMALE,BLACK NON HISPANIC,Aissatou,14,43
2013,FEMALE,BLACK NON HISPANIC,Tamia,14,43
2013,FEMALE,BLACK NON HISPANIC,Sanai,14,43
2013,FEMALE,BLACK NON HISPANIC,Aliyah,14,43
2013,FEMALE,BLACK NON HISPANIC,Janiyah,14,43
2013,FEMALE,BLACK NON HISPANIC,Sariah,13,44
2013,FEMALE,BLACK NON HISPANIC,Isabelle,13,44
2013,FEMALE,BLACK NON HISPANIC,Kiara,13,44
2013,FEMALE,BLACK NON HISPANIC,Kimora,13,44
2013,FEMALE,BLACK NON HISPANIC,Kylee,13,44
2013,FEMALE,BLACK NON HISPANIC,Kadiatou,13,44
2013,FEMALE,BLACK NON HISPANIC,Jaliyah,13,44
2013,FEMALE,BLACK NON HISPANIC,Isabelle,13,44
2013,FEMALE,BLACK NON HISPANIC,Melanie,13,44
2013,FEMALE,BLACK NON HISPANIC,Kylee,13,44
2013,FEMALE,BLACK NON HISPANIC,Danielle,13,44
2013,FEMALE,BLACK NON HISPANIC,Eva,13,44
2013,FEMALE,BLACK NON HISPANIC,Egypt,13,44
2013,FEMALE,BLACK NON HISPANIC,Danielle,13,44
2013,FEMALE,BLACK NON HISPANIC,Dakota,13,44
2013,FEMALE,BLACK NON HISPANIC,Kadiatou,13,44
2013,FEMALE,BLACK NON HISPANIC,Camille,13,44
2013,FEMALE,BLACK NON HISPANIC,Aicha,13,44
2013,FEMALE,BLACK NON HISPANIC,Sariah,13,44
2013,FEMALE,BLACK NON HISPANIC,Jaliyah,13,44
2013,FEMALE,BLACK NON HISPANIC,Angel,13,44
2013,FEMALE,BLACK NON HISPANIC,Angel,13,44
2013,FEMALE,BLACK NON HISPANIC,Camille,13,44
2013,FEMALE,BLACK NON HISPANIC,Wynter,13,44
2013,FEMALE,BLACK NON HISPANIC,Kimora,13,44
2013,FEMALE,BLACK NON HISPANIC,Aicha,13,44
2013,FEMALE,BLACK NON HISPANIC,Egypt,13,44
2013,FEMALE,BLACK NON HISPANIC,Wynter,13,44
2013,FEMALE,BLACK NON HISPANIC,Dakota,13,44
2013,FEMALE,BLACK NON HISPANIC,Kourtney,12,45
2013,FEMALE,BLACK NON HISPANIC,Alexis,12,45
2013,FEMALE,BLACK NON HISPANIC,Journey,12,45
2013,FEMALE,BLACK NON HISPANIC,Asia,12,45
2013,FEMALE,BLACK NON HISPANIC,Zaniyah,12,45
2013,FEMALE,BLACK NON HISPANIC,Amirah,12,45
2013,FEMALE,BLACK NON HISPANIC,Adrianna,12,45
2013,FEMALE,BLACK NON HISPANIC,Angelina,12,45
2013,FEMALE,BLACK NON HISPANIC,Sasha,12,45
2013,FEMALE,BLACK NON HISPANIC,Sasha,12,45
2013,FEMALE,BLACK NON HISPANIC,Avery,12,45
2013,FEMALE,BLACK NON HISPANIC,Asia,12,45
2013,FEMALE,BLACK NON HISPANIC,Samiyah,12,45
2013,FEMALE,BLACK NON HISPANIC,Avery,12,45
2013,FEMALE,BLACK NON HISPANIC,Madisyn,12,45
2013,FEMALE,BLACK NON HISPANIC,Emani,12,45
2013,FEMALE,BLACK NON HISPANIC,Phoenix,12,45
2013,FEMALE,BLACK NON HISPANIC,Nahla,12,45
2013,FEMALE,BLACK NON HISPANIC,Emani,12,45
2013,FEMALE,BLACK NON HISPANIC,Kaitlyn,12,45
2013,FEMALE,BLACK NON HISPANIC,Melody,12,45
2013,FEMALE,BLACK NON HISPANIC,Melody,12,45
2013,FEMALE,BLACK NON HISPANIC,Madisyn,12,45
2013,FEMALE,BLACK NON HISPANIC,Kourtney,12,45
2013,FEMALE,BLACK NON HISPANIC,Amirah,12,45
2013,FEMALE,BLACK NON HISPANIC,Nahla,12,45
2013,FEMALE,BLACK NON HISPANIC,Journey,12,45
2013,FEMALE,BLACK NON HISPANIC,Kaitlyn,12,45
2013,FEMALE,BLACK NON HISPANIC,Adrianna,12,45
2013,FEMALE,BLACK NON HISPANIC,Phoenix,12,45
2013,FEMALE,BLACK NON HISPANIC,Janelle,11,46
2013,FEMALE,BLACK NON HISPANIC,Janelle,11,46
2013,FEMALE,BLACK NON HISPANIC,Saige,11,46
2013,FEMALE,BLACK NON HISPANIC,Bria,11,46
2013,FEMALE,BLACK NON HISPANIC,Zariah,11,46
2013,FEMALE,BLACK NON HISPANIC,Isis,11,46
2013,FEMALE,BLACK NON HISPANIC,Mackenzie,11,46
2013,FEMALE,BLACK NON HISPANIC,Janae,11,46
2013,FEMALE,BLACK NON HISPANIC,Giselle,11,46
2013,FEMALE,BLACK NON HISPANIC,Zariah,11,46
2013,FEMALE,BLACK NON HISPANIC,Shania,11,46
2013,FEMALE,BLACK NON HISPANIC,Scarlett,11,46
2013,FEMALE,BLACK NON HISPANIC,Saniyah,11,46
2013,FEMALE,BLACK NON HISPANIC,Saige,11,46
2013,FEMALE,BLACK NON HISPANIC,Princess,11,46
2013,FEMALE,BLACK NON HISPANIC,Mackenzie,11,46
2013,FEMALE,BLACK NON HISPANIC,Janae,11,46
2013,FEMALE,BLACK NON HISPANIC,Isis,11,46
2013,FEMALE,BLACK NON HISPANIC,Giselle,11,46
2013,FEMALE,BLACK NON HISPANIC,Shania,11,46
2013,FEMALE,BLACK NON HISPANIC,Bria,11,46
2013,FEMALE,BLACK NON HISPANIC,Alexandra,11,46
2013,FEMALE,BLACK NON HISPANIC,Alexandra,11,46
2013,FEMALE,BLACK NON HISPANIC,Abrielle,11,46
2013,FEMALE,BLACK NON HISPANIC,Abrielle,11,46
2013,FEMALE,BLACK NON HISPANIC,Scarlett,11,46
2013,FEMALE,BLACK NON HISPANIC,Saniyah,11,46
2013,FEMALE,BLACK NON HISPANIC,Esther,10,47
2013,FEMALE,BLACK NON HISPANIC,Amani,10,47
2013,FEMALE,BLACK NON HISPANIC,Esther,10,47
2013,FEMALE,BLACK NON HISPANIC,Aissata,10,47
2013,FEMALE,BLACK NON HISPANIC,Jessica,10,47
2013,FEMALE,BLACK NON HISPANIC,Kyla,10,47
2013,FEMALE,BLACK NON HISPANIC,Nadia,10,47
2013,FEMALE,BLACK NON HISPANIC,Precious,10,47
2013,FEMALE,BLACK NON HISPANIC,Precious,10,47
2013,FEMALE,BLACK NON HISPANIC,Samara,10,47
2013,FEMALE,BLACK NON HISPANIC,Jessica,10,47
2013,FEMALE,BLACK NON HISPANIC,Tiana,10,47
2013,FEMALE,BLACK NON HISPANIC,Zara,10,47
2013,FEMALE,BLACK NON HISPANIC,Zara,10,47
2013,FEMALE,BLACK NON HISPANIC,Azaria,10,47
2013,FEMALE,BLACK NON HISPANIC,Aissata,10,47
2013,FEMALE,BLACK NON HISPANIC,Amani,10,47
2013,FEMALE,BLACK NON HISPANIC,Samara,10,47
2013,FEMALE,BLACK NON HISPANIC,Kyla,10,47
2013,FEMALE,BLACK NON HISPANIC,Tiana,10,47
2013,FEMALE,BLACK NON HISPANIC,Nadia,10,47
2013,FEMALE,BLACK NON HISPANIC,Azaria,10,47
2013,FEMALE,HISPANIC,Isabella,326,1
2013,FEMALE,HISPANIC,Sophia,291,2
2013,FEMALE,HISPANIC,Mia,237,3
2013,FEMALE,HISPANIC,Sofia,187,4
2013,FEMALE,HISPANIC,Sofia,187,4
2013,FEMALE,HISPANIC,Emily,184,5
2013,FEMALE,HISPANIC,Emily,184,5
2013,FEMALE,HISPANIC,Emma,182,6
2013,FEMALE,HISPANIC,Emma,182,6
2013,FEMALE,HISPANIC,Camila,157,7
2013,FEMALE,HISPANIC,Camila,157,7
2013,FEMALE,HISPANIC,Ashley,132,8
2013,FEMALE,HISPANIC,Leah,124,9
2013,FEMALE,HISPANIC,Samantha,117,10
2013,FEMALE,HISPANIC,Samantha,117,10
2013,FEMALE,HISPANIC,Valentina,115,11
2013,FEMALE,HISPANIC,Valentina,115,11
2013,FEMALE,HISPANIC,Victoria,113,12
2013,FEMALE,HISPANIC,Victoria,113,12
2013,FEMALE,HISPANIC,Madison,106,13
2013,FEMALE,HISPANIC,Madison,106,13
2013,FEMALE,HISPANIC,Allison,102,14
2013,FEMALE,HISPANIC,Allison,102,14
2013,FEMALE,HISPANIC,Genesis,100,15
2013,FEMALE,HISPANIC,Brianna,99,16
2013,FEMALE,HISPANIC,Brianna,99,16
2013,FEMALE,HISPANIC,Abigail,95,17
2013,FEMALE,HISPANIC,Abigail,95,17
2013,FEMALE,HISPANIC,Hailey,94,18
2013,FEMALE,HISPANIC,Hailey,94,18
2013,FEMALE,HISPANIC,Melanie,93,19
2013,FEMALE,HISPANIC,Melanie,93,19
2013,FEMALE,HISPANIC,Nicole,92,20
2013,FEMALE,HISPANIC,Nicole,92,20
2013,FEMALE,HISPANIC,Zoe,89,21
2013,FEMALE,HISPANIC,Zoe,89,21
2013,FEMALE,HISPANIC,Olivia,87,22
2013,FEMALE,HISPANIC,Amy,82,23
2013,FEMALE,HISPANIC,Amy,82,23
2013,FEMALE,HISPANIC,Kaylee,81,24
2013,FEMALE,HISPANIC,Kaylee,81,24
2013,FEMALE,HISPANIC,Ariana,80,25
2013,FEMALE,HISPANIC,Gabriella,80,25
2013,FEMALE,HISPANIC,Gabriella,80,25
2013,FEMALE,HISPANIC,Scarlett,77,26
2013,FEMALE,HISPANIC,Scarlett,77,26
2013,FEMALE,HISPANIC,Arianna,76,27
2013,FEMALE,HISPANIC,Arianna,76,27
2013,FEMALE,HISPANIC,Kimberly,69,28
2013,FEMALE,HISPANIC,Kimberly,69,28
2013,FEMALE,HISPANIC,Ava,68,29
2013,FEMALE,HISPANIC,Ava,68,29
2013,FEMALE,HISPANIC,Elizabeth,61,30
2013,FEMALE,HISPANIC,Bella,59,31
2013,FEMALE,HISPANIC,Bella,59,31
2013,FEMALE,HISPANIC,Alexa,57,32
2013,FEMALE,HISPANIC,Alexa,57,32
2013,FEMALE,HISPANIC,Aaliyah,56,33
2013,FEMALE,HISPANIC,Aaliyah,56,33
2013,FEMALE,HISPANIC,Angelina,55,34
2013,FEMALE,HISPANIC,Angelina,55,34
2013,FEMALE,HISPANIC,Layla,55,34
2013,FEMALE,HISPANIC,Layla,55,34
2013,FEMALE,HISPANIC,Chloe,54,35
2013,FEMALE,HISPANIC,Evelyn,54,35
2013,FEMALE,HISPANIC,Evelyn,54,35
2013,FEMALE,HISPANIC,Chloe,54,35
2013,FEMALE,HISPANIC,Daniela,52,36
2013,FEMALE,HISPANIC,Eliana,52,36
2013,FEMALE,HISPANIC,Eliana,52,36
2013,FEMALE,HISPANIC,Daniela,52,36
2013,FEMALE,HISPANIC,Stephanie,51,37
2013,FEMALE,HISPANIC,Stephanie,51,37
2013,FEMALE,HISPANIC,Valerie,50,38
2013,FEMALE,HISPANIC,Gabriela,49,39
2013,FEMALE,HISPANIC,Leslie,49,39
2013,FEMALE,HISPANIC,Kiara,49,39
2013,FEMALE,HISPANIC,Leslie,49,39
2013,FEMALE,HISPANIC,Maria,49,39
2013,FEMALE,HISPANIC,Penelope,49,39
2013,FEMALE,HISPANIC,Kiara,49,39
2013,FEMALE,HISPANIC,Gabriela,49,39
2013,FEMALE,HISPANIC,Penelope,49,39
2013,FEMALE,HISPANIC,Maria,49,39
2013,FEMALE,HISPANIC,Michelle,48,40
2013,FEMALE,HISPANIC,Adriana,47,41
2013,FEMALE,HISPANIC,Emely,47,41
2013,FEMALE,HISPANIC,Adriana,47,41
2013,FEMALE,HISPANIC,Savannah,46,42
2013,FEMALE,HISPANIC,Savannah,46,42
2013,FEMALE,HISPANIC,Serenity,45,43
2013,FEMALE,HISPANIC,Serenity,45,43
2013,FEMALE,HISPANIC,Jade,44,44
2013,FEMALE,HISPANIC,Delilah,44,44
2013,FEMALE,HISPANIC,Jade,44,44
2013,FEMALE,HISPANIC,Delilah,44,44
2013,FEMALE,HISPANIC,Gianna,44,44
2013,FEMALE,HISPANIC,Sarah,44,44
2013,FEMALE,HISPANIC,Gianna,44,44
2013,FEMALE,HISPANIC,Sarah,44,44
2013,FEMALE,HISPANIC,Andrea,43,45
2013,FEMALE,HISPANIC,Andrea,43,45
2013,FEMALE,HISPANIC,Kayla,42,46
2013,FEMALE,HISPANIC,Kylie,42,46
2013,FEMALE,HISPANIC,Melissa,42,46
2013,FEMALE,HISPANIC,Kylie,42,46
2013,FEMALE,HISPANIC,Kayla,42,46
2013,FEMALE,HISPANIC,Melissa,42,46
2013,FEMALE,HISPANIC,Natalie,41,47
2013,FEMALE,HISPANIC,Alyssa,40,48
2013,FEMALE,HISPANIC,Eva,40,48
2013,FEMALE,HISPANIC,Alyssa,40,48
2013,FEMALE,HISPANIC,Eva,40,48
2013,FEMALE,HISPANIC,Zoey,39,49
2013,FEMALE,HISPANIC,Zoey,39,49
2013,FEMALE,HISPANIC,Khloe,38,50
2013,FEMALE,HISPANIC,Valeria,38,50
2013,FEMALE,HISPANIC,Valeria,38,50
2013,FEMALE,HISPANIC,Vanessa,38,50
2013,FEMALE,HISPANIC,Vanessa,38,50
2013,FEMALE,HISPANIC,Khloe,38,50
2013,FEMALE,HISPANIC,Luna,37,51
2013,FEMALE,HISPANIC,Jocelyn,37,51
2013,FEMALE,HISPANIC,Jocelyn,37,51
2013,FEMALE,HISPANIC,Yaretzi,37,51
2013,FEMALE,HISPANIC,Yaretzi,37,51
2013,FEMALE,HISPANIC,Isabel,37,51
2013,FEMALE,HISPANIC,Jennifer,37,51
2013,FEMALE,HISPANIC,Isabel,37,51
2013,FEMALE,HISPANIC,Jennifer,37,51
2013,FEMALE,HISPANIC,Luna,37,51
2013,FEMALE,HISPANIC,Amanda,36,52
2013,FEMALE,HISPANIC,Mila,36,52
2013,FEMALE,HISPANIC,Amanda,36,52
2013,FEMALE,HISPANIC,Grace,36,52
2013,FEMALE,HISPANIC,Danna,36,52
2013,FEMALE,HISPANIC,Grace,36,52
2013,FEMALE,HISPANIC,Danna,36,52
2013,FEMALE,HISPANIC,Mila,36,52
2013,FEMALE,HISPANIC,Naomi,35,53
2013,FEMALE,HISPANIC,Naomi,35,53
2013,FEMALE,HISPANIC,Jayleen,35,53
2013,FEMALE,HISPANIC,Katherine,34,54
2013,FEMALE,HISPANIC,Katherine,34,54
2013,FEMALE,HISPANIC,Aubrey,33,55
2013,FEMALE,HISPANIC,Amelia,33,55
2013,FEMALE,HISPANIC,Maya,33,55
2013,FEMALE,HISPANIC,Maya,33,55
2013,FEMALE,HISPANIC,Aubrey,33,55
2013,FEMALE,HISPANIC,Natalia,32,56
2013,FEMALE,HISPANIC,Jasmine,32,56
2013,FEMALE,HISPANIC,Natalia,32,56
2013,FEMALE,HISPANIC,Jasmine,32,56
2013,FEMALE,HISPANIC,Chelsea,31,57
2013,FEMALE,HISPANIC,Hannah,31,57
2013,FEMALE,HISPANIC,London,31,57
2013,FEMALE,HISPANIC,Amber,31,57
2013,FEMALE,HISPANIC,Amber,31,57
2013,FEMALE,HISPANIC,Diana,31,57
2013,FEMALE,HISPANIC,Diana,31,57
2013,FEMALE,HISPANIC,Chelsea,31,57
2013,FEMALE,HISPANIC,Hannah,31,57
2013,FEMALE,HISPANIC,London,31,57
2013,FEMALE,HISPANIC,Alexandra,30,58
2013,FEMALE,HISPANIC,Alexandra,30,58
2013,FEMALE,HISPANIC,Amaya,30,58
2013,FEMALE,HISPANIC,Amaya,30,58
2013,FEMALE,HISPANIC,Liliana,29,59
2013,FEMALE,HISPANIC,Aylin,29,59
2013,FEMALE,HISPANIC,Aylin,29,59
2013,FEMALE,HISPANIC,Kaitlyn,29,59
2013,FEMALE,HISPANIC,Kaitlyn,29,59
2013,FEMALE,HISPANIC,Sara,29,59
2013,FEMALE,HISPANIC,Brittany,29,59
2013,FEMALE,HISPANIC,Brittany,29,59
2013,FEMALE,HISPANIC,Charlotte,29,59
2013,FEMALE,HISPANIC,Liliana,29,59
2013,FEMALE,HISPANIC,Charlotte,29,59
2013,FEMALE,HISPANIC,Melody,28,60
2013,FEMALE,HISPANIC,Esmeralda,28,60
2013,FEMALE,HISPANIC,Melody,28,60
2013,FEMALE,HISPANIC,Esmeralda,28,60
2013,FEMALE,HISPANIC,Ana,27,61
2013,FEMALE,HISPANIC,Mya,27,61
2013,FEMALE,HISPANIC,Leilani,27,61
2013,FEMALE,HISPANIC,Juliana,27,61
2013,FEMALE,HISPANIC,Ana,27,61
2013,FEMALE,HISPANIC,Leilani,27,61
2013,FEMALE,HISPANIC,Mya,27,61
2013,FEMALE,HISPANIC,Sherlyn,26,62
2013,FEMALE,HISPANIC,Melany,26,62
2013,FEMALE,HISPANIC,Jazmin,26,62
2013,FEMALE,HISPANIC,Jazmin,26,62
2013,FEMALE,HISPANIC,Sherlyn,26,62
2013,FEMALE,HISPANIC,Melany,26,62
2013,FEMALE,HISPANIC,Guadalupe,26,62
2013,FEMALE,HISPANIC,Lia,25,63
2013,FEMALE,HISPANIC,Lizbeth,25,63
2013,FEMALE,HISPANIC,Karen,25,63
2013,FEMALE,HISPANIC,Karla,25,63
2013,FEMALE,HISPANIC,Karen,25,63
2013,FEMALE,HISPANIC,Katie,25,63
2013,FEMALE,HISPANIC,Lizbeth,25,63
2013,FEMALE,HISPANIC,Lia,25,63
2013,FEMALE,HISPANIC,Katie,25,63
2013,FEMALE,HISPANIC,Giselle,24,64
2013,FEMALE,HISPANIC,Jaylah,24,64
2013,FEMALE,HISPANIC,Sophie,24,64
2013,FEMALE,HISPANIC,Alexia,24,64
2013,FEMALE,HISPANIC,Jessica,24,64
2013,FEMALE,HISPANIC,Giselle,24,64
2013,FEMALE,HISPANIC,Alexia,24,64
2013,FEMALE,HISPANIC,Sophie,24,64
2013,FEMALE,HISPANIC,Jaylah,24,64
2013,FEMALE,HISPANIC,Jessica,24,64
2013,FEMALE,HISPANIC,Nyla,23,65
2013,FEMALE,HISPANIC,Julia,23,65
2013,FEMALE,HISPANIC,Faith,23,65
2013,FEMALE,HISPANIC,Audrey,23,65
2013,FEMALE,HISPANIC,Daisy,23,65
2013,FEMALE,HISPANIC,Julia,23,65
2013,FEMALE,HISPANIC,Nyla,23,65
2013,FEMALE,HISPANIC,Leila,23,65
2013,FEMALE,HISPANIC,Faith,23,65
2013,FEMALE,HISPANIC,Kelly,23,65
2013,FEMALE,HISPANIC,Kelly,23,65
2013,FEMALE,HISPANIC,Leila,23,65
2013,FEMALE,HISPANIC,Daisy,23,65
2013,FEMALE,HISPANIC,Elena,22,66
2013,FEMALE,HISPANIC,Kamila,22,66
2013,FEMALE,HISPANIC,Elena,22,66
2013,FEMALE,HISPANIC,Aria,22,66
2013,FEMALE,HISPANIC,Kamila,22,66
2013,FEMALE,HISPANIC,Angie,22,66
2013,FEMALE,HISPANIC,Aria,22,66
2013,FEMALE,HISPANIC,Angie,22,66
2013,FEMALE,HISPANIC,Bianca,22,66
2013,FEMALE,HISPANIC,Bianca,22,66
2013,FEMALE,HISPANIC,Esther,21,67
2013,FEMALE,HISPANIC,Briana,21,67
2013,FEMALE,HISPANIC,Avery,21,67
2013,FEMALE,HISPANIC,Briana,21,67
2013,FEMALE,HISPANIC,Esther,21,67
2013,FEMALE,HISPANIC,Angela,21,67
2013,FEMALE,HISPANIC,Juliet,21,67
2013,FEMALE,HISPANIC,Avery,21,67
2013,FEMALE,HISPANIC,Angela,21,67
2013,FEMALE,HISPANIC,Izabella,21,67
2013,FEMALE,HISPANIC,Sarai,21,67
2013,FEMALE,HISPANIC,Izabella,21,67
2013,FEMALE,HISPANIC,Violet,21,67
2013,FEMALE,HISPANIC,Jayla,21,67
2013,FEMALE,HISPANIC,Sarai,21,67
2013,FEMALE,HISPANIC,Scarlet,21,67
2013,FEMALE,HISPANIC,Jayla,21,67
2013,FEMALE,HISPANIC,Violet,21,67
2013,FEMALE,HISPANIC,Scarlet,21,67
2013,FEMALE,HISPANIC,Crystal,21,67
2013,FEMALE,HISPANIC,Crystal,21,67
2013,FEMALE,HISPANIC,Marilyn,20,68
2013,FEMALE,HISPANIC,Wendy,20,68
2013,FEMALE,HISPANIC,Haylee,20,68
2013,FEMALE,HISPANIC,Marilyn,20,68
2013,FEMALE,HISPANIC,Destiny,20,68
2013,FEMALE,HISPANIC,Laila,20,68
2013,FEMALE,HISPANIC,Nathalie,20,68
2013,FEMALE,HISPANIC,Daniella,20,68
2013,FEMALE,HISPANIC,Destiny,20,68
2013,FEMALE,HISPANIC,Jazlyn,20,68
2013,FEMALE,HISPANIC,Jacqueline,20,68
2013,FEMALE,HISPANIC,Jazlyn,20,68
2013,FEMALE,HISPANIC,Haylee,20,68
2013,FEMALE,HISPANIC,Nathalie,20,68
2013,FEMALE,HISPANIC,Wendy,20,68
2013,FEMALE,HISPANIC,Jacqueline,20,68
2013,FEMALE,HISPANIC,Nevaeh,19,69
2013,FEMALE,HISPANIC,Katelyn,19,69
2013,FEMALE,HISPANIC,Lesly,19,69
2013,FEMALE,HISPANIC,Jaylin,19,69
2013,FEMALE,HISPANIC,Lesly,19,69
2013,FEMALE,HISPANIC,Julissa,19,69
2013,FEMALE,HISPANIC,Julissa,19,69
2013,FEMALE,HISPANIC,Ximena,19,69
2013,FEMALE,HISPANIC,Makayla,19,69
2013,FEMALE,HISPANIC,Ariel,19,69
2013,FEMALE,HISPANIC,Ariel,19,69
2013,FEMALE,HISPANIC,Alina,19,69
2013,FEMALE,HISPANIC,Nevaeh,19,69
2013,FEMALE,HISPANIC,Jaylin,19,69
2013,FEMALE,HISPANIC,Makayla,19,69
2013,FEMALE,HISPANIC,Katelyn,19,69
2013,FEMALE,HISPANIC,Alina,19,69
2013,FEMALE,HISPANIC,Ximena,19,69
2013,FEMALE,HISPANIC,Alicia,19,69
2013,FEMALE,HISPANIC,Alicia,19,69
2013,FEMALE,HISPANIC,Lauren,18,70
2013,FEMALE,HISPANIC,Annabella,18,70
2013,FEMALE,HISPANIC,Allyson,18,70
2013,FEMALE,HISPANIC,Annabella,18,70
2013,FEMALE,HISPANIC,Tiffany,18,70
2013,FEMALE,HISPANIC,Joselyn,18,70
2013,FEMALE,HISPANIC,Joselyn,18,70
2013,FEMALE,HISPANIC,Jaylene,18,70
2013,FEMALE,HISPANIC,Allyson,18,70
2013,FEMALE,HISPANIC,Tiffany,18,70
2013,FEMALE,HISPANIC,Lauren,18,70
2013,FEMALE,HISPANIC,Jaylene,18,70
2013,FEMALE,HISPANIC,Gia,18,70
2013,FEMALE,HISPANIC,Kailey,18,70
2013,FEMALE,HISPANIC,Gia,18,70
2013,FEMALE,HISPANIC,Kailey,18,70
2013,FEMALE,HISPANIC,Alison,18,70
2013,FEMALE,HISPANIC,Alison,18,70
2013,FEMALE,HISPANIC,Julianna,17,71
2013,FEMALE,HISPANIC,Nylah,17,71
2013,FEMALE,HISPANIC,Juliette,17,71
2013,FEMALE,HISPANIC,Jimena,17,71
2013,FEMALE,HISPANIC,Athena,17,71
2013,FEMALE,HISPANIC,Nylah,17,71
2013,FEMALE,HISPANIC,Kendra,17,71
2013,FEMALE,HISPANIC,Madelyn,17,71
2013,FEMALE,HISPANIC,Athena,17,71
2013,FEMALE,HISPANIC,Taylor,17,71
2013,FEMALE,HISPANIC,Madelyn,17,71
2013,FEMALE,HISPANIC,Peyton,17,71
2013,FEMALE,HISPANIC,Aliyah,17,71
2013,FEMALE,HISPANIC,Alana,17,71
2013,FEMALE,HISPANIC,Peyton,17,71
2013,FEMALE,HISPANIC,Juliette,17,71
2013,FEMALE,HISPANIC,Kayleen,17,71
2013,FEMALE,HISPANIC,Kendra,17,71
2013,FEMALE,HISPANIC,Kayleen,17,71
2013,FEMALE,HISPANIC,Angelica,17,71
2013,FEMALE,HISPANIC,Julianna,17,71
2013,FEMALE,HISPANIC,Jimena,17,71
2013,FEMALE,HISPANIC,Angelica,17,71
2013,FEMALE,HISPANIC,Caroline,17,71
2013,FEMALE,HISPANIC,Aliyah,17,71
2013,FEMALE,HISPANIC,Taylor,17,71
2013,FEMALE,HISPANIC,Caroline,17,71
2013,FEMALE,HISPANIC,Lily,16,72
2013,FEMALE,HISPANIC,Ayleen,16,72
2013,FEMALE,HISPANIC,Dulce,16,72
2013,FEMALE,HISPANIC,Adrianna,16,72
2013,FEMALE,HISPANIC,Aileen,16,72
2013,FEMALE,HISPANIC,Aileen,16,72
2013,FEMALE,HISPANIC,Miranda,16,72
2013,FEMALE,HISPANIC,Sabrina,16,72
2013,FEMALE,HISPANIC,Adrianna,16,72
2013,FEMALE,HISPANIC,Heidi,16,72
2013,FEMALE,HISPANIC,Ayleen,16,72
2013,FEMALE,HISPANIC,Heidi,16,72
2013,FEMALE,HISPANIC,Isabelle,16,72
2013,FEMALE,HISPANIC,Miranda,16,72
2013,FEMALE,HISPANIC,Melina,16,72
2013,FEMALE,HISPANIC,Nathaly,16,72
2013,FEMALE,HISPANIC,Sabrina,16,72
2013,FEMALE,HISPANIC,Melina,16,72
2013,FEMALE,HISPANIC,Dulce,16,72
2013,FEMALE,HISPANIC,Nathaly,16,72
2013,FEMALE,HISPANIC,Angelique,15,73
2013,FEMALE,HISPANIC,Itzel,15,73
2013,FEMALE,HISPANIC,Arianny,15,73
2013,FEMALE,HISPANIC,Karina,15,73
2013,FEMALE,HISPANIC,Natasha,15,73
2013,FEMALE,HISPANIC,Karina,15,73
2013,FEMALE,HISPANIC,Arianny,15,73
2013,FEMALE,HISPANIC,Lucia,15,73
2013,FEMALE,HISPANIC,Itzel,15,73
2013,FEMALE,HISPANIC,Kelsey,15,73
2013,FEMALE,HISPANIC,Natasha,15,73
2013,FEMALE,HISPANIC,Valery,15,73
2013,FEMALE,HISPANIC,Angelique,15,73
2013,FEMALE,HISPANIC,Bryanna,15,73
2013,FEMALE,HISPANIC,Shirley,15,73
2013,FEMALE,HISPANIC,Kelsey,15,73
2013,FEMALE,HISPANIC,Valery,15,73
2013,FEMALE,HISPANIC,Skylar,15,73
2013,FEMALE,HISPANIC,Lucia,15,73
2013,FEMALE,HISPANIC,Anabella,14,74
2013,FEMALE,HISPANIC,Carla,14,74
2013,FEMALE,HISPANIC,Ella,14,74
2013,FEMALE,HISPANIC,Helen,14,74
2013,FEMALE,HISPANIC,Mariana,14,74
2013,FEMALE,HISPANIC,Marjorie,14,74
2013,FEMALE,HISPANIC,Rihanna,14,74
2013,FEMALE,HISPANIC,Rihanna,14,74
2013,FEMALE,HISPANIC,Alondra,14,74
2013,FEMALE,HISPANIC,Mariana,14,74
2013,FEMALE,HISPANIC,Annabelle,14,74
2013,FEMALE,HISPANIC,Anabella,14,74
2013,FEMALE,HISPANIC,Britney,14,74
2013,FEMALE,HISPANIC,Helen,14,74
2013,FEMALE,HISPANIC,Carla,14,74
2013,FEMALE,HISPANIC,Madeline,14,74
2013,FEMALE,HISPANIC,Marjorie,14,74
2013,FEMALE,HISPANIC,Johanna,14,74
2013,FEMALE,HISPANIC,Alondra,14,74
2013,FEMALE,HISPANIC,Liana,14,74
2013,FEMALE,HISPANIC,Madeline,14,74
2013,FEMALE,HISPANIC,Ella,14,74
2013,FEMALE,HISPANIC,Annabelle,14,74
2013,FEMALE,HISPANIC,Johanna,14,74
2013,FEMALE,HISPANIC,Laura,13,75
2013,FEMALE,HISPANIC,Noemi,13,75
2013,FEMALE,HISPANIC,Jazmine,13,75
2013,FEMALE,HISPANIC,Isis,13,75
2013,FEMALE,HISPANIC,Miley,13,75
2013,FEMALE,HISPANIC,Dayana,13,75
2013,FEMALE,HISPANIC,Heidy,13,75
2013,FEMALE,HISPANIC,Heidy,13,75
2013,FEMALE,HISPANIC,Noemi,13,75
2013,FEMALE,HISPANIC,Alejandra,13,75
2013,FEMALE,HISPANIC,Emilia,13,75
2013,FEMALE,HISPANIC,Aubree,13,75
2013,FEMALE,HISPANIC,Dayana,13,75
2013,FEMALE,HISPANIC,Nayeli,13,75
2013,FEMALE,HISPANIC,Janelle,13,75
2013,FEMALE,HISPANIC,Nayeli,13,75
2013,FEMALE,HISPANIC,Miley,13,75
2013,FEMALE,HISPANIC,Riley,13,75
2013,FEMALE,HISPANIC,Aimee,13,75
2013,FEMALE,HISPANIC,Janelle,13,75
2013,FEMALE,HISPANIC,Catalina,13,75
2013,FEMALE,HISPANIC,Emilia,13,75
2013,FEMALE,HISPANIC,Riley,13,75
2013,FEMALE,HISPANIC,Aimee,13,75
2013,FEMALE,HISPANIC,Jazmine,13,75
2013,FEMALE,HISPANIC,Catalina,13,75
2013,FEMALE,HISPANIC,Laura,13,75
2013,FEMALE,HISPANIC,Aubree,13,75
2013,FEMALE,HISPANIC,Analia,12,76
2013,FEMALE,HISPANIC,Alanna,12,76
2013,FEMALE,HISPANIC,Autumn,12,76
2013,FEMALE,HISPANIC,Kaylie,12,76
2013,FEMALE,HISPANIC,Jaylee,12,76
2013,FEMALE,HISPANIC,Iris,12,76
2013,FEMALE,HISPANIC,Mariah,12,76
2013,FEMALE,HISPANIC,Luz,12,76
2013,FEMALE,HISPANIC,Katelynn,12,76
2013,FEMALE,HISPANIC,Litzy,12,76
2013,FEMALE,HISPANIC,Luz,12,76
2013,FEMALE,HISPANIC,Alessandra,12,76
2013,FEMALE,HISPANIC,Autumn,12,76
2013,FEMALE,HISPANIC,Analia,12,76
2013,FEMALE,HISPANIC,Iris,12,76
2013,FEMALE,HISPANIC,Alice,12,76
2013,FEMALE,HISPANIC,April,12,76
2013,FEMALE,HISPANIC,Yamileth,12,76
2013,FEMALE,HISPANIC,Alani,12,76
2013,FEMALE,HISPANIC,Litzy,12,76
2013,FEMALE,HISPANIC,Jaylee,12,76
2013,FEMALE,HISPANIC,Alanna,12,76
2013,FEMALE,HISPANIC,Alani,12,76
2013,FEMALE,HISPANIC,Mariah,12,76
2013,FEMALE,HISPANIC,Alessandra,12,76
2013,FEMALE,HISPANIC,Keyla,12,76
2013,FEMALE,HISPANIC,Yamileth,12,76
2013,FEMALE,HISPANIC,April,12,76
2013,FEMALE,HISPANIC,Katelynn,12,76
2013,FEMALE,HISPANIC,Alice,12,76
2013,FEMALE,HISPANIC,Anabel,11,77
2013,FEMALE,HISPANIC,Alisson,11,77
2013,FEMALE,HISPANIC,Elisa,11,77
2013,FEMALE,HISPANIC,Lola,11,77
2013,FEMALE,HISPANIC,Miriam,11,77
2013,FEMALE,HISPANIC,Cataleya,11,77
2013,FEMALE,HISPANIC,Paris,11,77
2013,FEMALE,HISPANIC,Kaylin,11,77
2013,FEMALE,HISPANIC,Rebecca,11,77
2013,FEMALE,HISPANIC,Aurora,11,77
2013,FEMALE,HISPANIC,Ruby,11,77
2013,FEMALE,HISPANIC,Kate,11,77
2013,FEMALE,HISPANIC,Shayla,11,77
2013,FEMALE,HISPANIC,Kailyn,11,77
2013,FEMALE,HISPANIC,Stella,11,77
2013,FEMALE,HISPANIC,Summer,11,77
2013,FEMALE,HISPANIC,Tatiana,11,77
2013,FEMALE,HISPANIC,Paris,11,77
2013,FEMALE,HISPANIC,Zara,11,77
2013,FEMALE,HISPANIC,Haley,11,77
2013,FEMALE,HISPANIC,Zara,11,77
2013,FEMALE,HISPANIC,Maia,11,77
2013,FEMALE,HISPANIC,Fatima,11,77
2013,FEMALE,HISPANIC,Ruby,11,77
2013,FEMALE,HISPANIC,Maia,11,77
2013,FEMALE,HISPANIC,Haley,11,77
2013,FEMALE,HISPANIC,Shayla,11,77
2013,FEMALE,HISPANIC,Erika,11,77
2013,FEMALE,HISPANIC,Kate,11,77
2013,FEMALE,HISPANIC,Fatima,11,77
2013,FEMALE,HISPANIC,Erika,11,77
2013,FEMALE,HISPANIC,Alanis,11,77
2013,FEMALE,HISPANIC,Summer,11,77
2013,FEMALE,HISPANIC,Alisson,11,77
2013,FEMALE,HISPANIC,Elisa,11,77
2013,FEMALE,HISPANIC,Rebecca,11,77
2013,FEMALE,HISPANIC,Cataleya,11,77
2013,FEMALE,HISPANIC,Brielle,11,77
2013,FEMALE,HISPANIC,Brenda,11,77
2013,FEMALE,HISPANIC,Aurora,11,77
2013,FEMALE,HISPANIC,Arielle,11,77
2013,FEMALE,HISPANIC,Alanis,11,77
2013,FEMALE,HISPANIC,Lola,11,77
2013,FEMALE,HISPANIC,Anaya,11,77
2013,FEMALE,HISPANIC,Anabel,11,77
2013,FEMALE,HISPANIC,Kaylin,11,77
2013,FEMALE,HISPANIC,Jaliyah,10,78
2013,FEMALE,HISPANIC,Rose,10,78
2013,FEMALE,HISPANIC,Milan,10,78
2013,FEMALE,HISPANIC,Jayda,10,78
2013,FEMALE,HISPANIC,Camilla,10,78
2013,FEMALE,HISPANIC,Selena,10,78
2013,FEMALE,HISPANIC,Trinity,10,78
2013,FEMALE,HISPANIC,Trinity,10,78
2013,FEMALE,HISPANIC,Stacy,10,78
2013,FEMALE,HISPANIC,Carmen,10,78
2013,FEMALE,HISPANIC,Nashley,10,78
2013,FEMALE,HISPANIC,Catherine,10,78
2013,FEMALE,HISPANIC,Milan,10,78
2013,FEMALE,HISPANIC,Rachel,10,78
2013,FEMALE,HISPANIC,Maite,10,78
2013,FEMALE,HISPANIC,Nina,10,78
2013,FEMALE,HISPANIC,Paula,10,78
2013,FEMALE,HISPANIC,Leanna,10,78
2013,FEMALE,HISPANIC,Vivian,10,78
2013,FEMALE,HISPANIC,Skylah,10,78
2013,FEMALE,HISPANIC,Ariella,10,78
2013,FEMALE,HISPANIC,Ariella,10,78
2013,FEMALE,HISPANIC,Paula,10,78
2013,FEMALE,HISPANIC,Camilla,10,78
2013,FEMALE,HISPANIC,Jaliyah,10,78
2013,FEMALE,HISPANIC,Heaven,10,78
2013,FEMALE,HISPANIC,Nyah,10,78
2013,FEMALE,HISPANIC,Nashley,10,78
2013,FEMALE,HISPANIC,Maite,10,78
2013,FEMALE,HISPANIC,Abril,10,78
2013,FEMALE,HISPANIC,Malia,10,78
2013,FEMALE,HISPANIC,Eliza,10,78
2013,FEMALE,HISPANIC,Alma,10,78
2013,FEMALE,HISPANIC,Vivian,10,78
2013,FEMALE,HISPANIC,Catherine,10,78
2013,FEMALE,HISPANIC,Carmen,10,78
2013,FEMALE,HISPANIC,Heaven,10,78
2013,FEMALE,HISPANIC,Alma,10,78
2013,FEMALE,HISPANIC,Eileen,10,78
2013,FEMALE,HISPANIC,Leyla,10,78
2013,FEMALE,HISPANIC,Nina,10,78
2013,FEMALE,HISPANIC,Rachel,10,78
2013,FEMALE,HISPANIC,Leanna,10,78
2013,FEMALE,HISPANIC,Selena,10,78
2013,FEMALE,HISPANIC,Raquel,10,78
2013,FEMALE,HISPANIC,Abril,10,78
2013,FEMALE,HISPANIC,Isabela,10,78
2013,FEMALE,HISPANIC,Nyah,10,78
2013,FEMALE,HISPANIC,Skylah,10,78
2013,FEMALE,HISPANIC,Rose,10,78
2013,FEMALE,HISPANIC,Eliza,10,78
2013,FEMALE,HISPANIC,Malia,10,78
2013,FEMALE,HISPANIC,Raquel,10,78
2013,FEMALE,WHITE NON HISPANIC,Olivia,233,1
2013,FEMALE,WHITE NON HISPANIC,Olivia,233,1
2013,FEMALE,WHITE NON HISPANIC,Emma,228,2
2013,FEMALE,WHITE NON HISPANIC,Esther,214,3
2013,FEMALE,WHITE NON HISPANIC,Esther,214,3
2013,FEMALE,WHITE NON HISPANIC,Sophia,187,4
2013,FEMALE,WHITE NON HISPANIC,Sarah,182,5
2013,FEMALE,WHITE NON HISPANIC,Sarah,182,5
2013,FEMALE,WHITE NON HISPANIC,Leah,179,6
2013,FEMALE,WHITE NON HISPANIC,Leah,179,6
2013,FEMALE,WHITE NON HISPANIC,Rachel,176,7
2013,FEMALE,WHITE NON HISPANIC,Chaya,175,8
2013,FEMALE,WHITE NON HISPANIC,Chaya,175,8
2013,FEMALE,WHITE NON HISPANIC,Miriam,160,9
2013,FEMALE,WHITE NON HISPANIC,Miriam,160,9
2013,FEMALE,WHITE NON HISPANIC,Chana,150,10
2013,FEMALE,WHITE NON HISPANIC,Ava,150,10
2013,FEMALE,WHITE NON HISPANIC,Ava,150,10
2013,FEMALE,WHITE NON HISPANIC,Isabella,143,11
2013,FEMALE,WHITE NON HISPANIC,Isabella,143,11
2013,FEMALE,WHITE NON HISPANIC,Charlotte,137,12
2013,FEMALE,WHITE NON HISPANIC,Mia,134,13
2013,FEMALE,WHITE NON HISPANIC,Sara,131,14
2013,FEMALE,WHITE NON HISPANIC,Ella,127,15
2013,FEMALE,WHITE NON HISPANIC,Ella,127,15
2013,FEMALE,WHITE NON HISPANIC,Maya,122,16
2013,FEMALE,WHITE NON HISPANIC,Maya,122,16
2013,FEMALE,WHITE NON HISPANIC,Sofia,122,16
2013,FEMALE,WHITE NON HISPANIC,Sofia,122,16
2013,FEMALE,WHITE NON HISPANIC,Rivka,120,17
2013,FEMALE,WHITE NON HISPANIC,Rivka,120,17
2013,FEMALE,WHITE NON HISPANIC,Emily,115,18
2013,FEMALE,WHITE NON HISPANIC,Emily,115,18
2013,FEMALE,WHITE NON HISPANIC,Hannah,102,19
2013,FEMALE,WHITE NON HISPANIC,Hannah,102,19
2013,FEMALE,WHITE NON HISPANIC,Victoria,100,20
2013,FEMALE,WHITE NON HISPANIC,Victoria,100,20
2013,FEMALE,WHITE NON HISPANIC,Anna,98,21
2013,FEMALE,WHITE NON HISPANIC,Alexandra,98,21
2013,FEMALE,WHITE NON HISPANIC,Anna,98,21
2013,FEMALE,WHITE NON HISPANIC,Alexandra,98,21
2013,FEMALE,WHITE NON HISPANIC,Abigail,96,22
2013,FEMALE,WHITE NON HISPANIC,Abigail,96,22
2013,FEMALE,WHITE NON HISPANIC,Chloe,95,23
2013,FEMALE,WHITE NON HISPANIC,Chloe,95,23
2013,FEMALE,WHITE NON HISPANIC,Elizabeth,91,24
2013,FEMALE,WHITE NON HISPANIC,Julia,90,25
2013,FEMALE,WHITE NON HISPANIC,Julia,90,25
2013,FEMALE,WHITE NON HISPANIC,Zoe,84,26
2013,FEMALE,WHITE NON HISPANIC,Zoe,84,26
2013,FEMALE,WHITE NON HISPANIC,Lily,83,27
2013,FEMALE,WHITE NON HISPANIC,Madison,78,28
2013,FEMALE,WHITE NON HISPANIC,Madison,78,28
2013,FEMALE,WHITE NON HISPANIC,Gitty,74,29
2013,FEMALE,WHITE NON HISPANIC,Gitty,74,29
2013,FEMALE,WHITE NON HISPANIC,Gabriella,73,30
2013,FEMALE,WHITE NON HISPANIC,Gabriella,73,30
2013,FEMALE,WHITE NON HISPANIC,Malka,72,31
2013,FEMALE,WHITE NON HISPANIC,Malka,72,31
2013,FEMALE,WHITE NON HISPANIC,Faigy,71,32
2013,FEMALE,WHITE NON HISPANIC,Faigy,71,32
2013,FEMALE,WHITE NON HISPANIC,Sophie,71,32
2013,FEMALE,WHITE NON HISPANIC,Sophie,71,32
2013,FEMALE,WHITE NON HISPANIC,Raizy,65,33
2013,FEMALE,WHITE NON HISPANIC,Raizy,65,33
2013,FEMALE,WHITE NON HISPANIC,Grace,65,33
2013,FEMALE,WHITE NON HISPANIC,Malky,65,33
2013,FEMALE,WHITE NON HISPANIC,Malky,65,33
2013,FEMALE,WHITE NON HISPANIC,Grace,65,33
2013,FEMALE,WHITE NON HISPANIC,Stella,64,34
2013,FEMALE,WHITE NON HISPANIC,Stella,64,34
2013,FEMALE,WHITE NON HISPANIC,Amelia,64,34
2013,FEMALE,WHITE NON HISPANIC,Rivky,60,35
2013,FEMALE,WHITE NON HISPANIC,Rivky,60,35
2013,FEMALE,WHITE NON HISPANIC,Penelope,59,36
2013,FEMALE,WHITE NON HISPANIC,Penelope,59,36
2013,FEMALE,WHITE NON HISPANIC,Shaindy,58,37
2013,FEMALE,WHITE NON HISPANIC,Violet,58,37
2013,FEMALE,WHITE NON HISPANIC,Violet,58,37
2013,FEMALE,WHITE NON HISPANIC,Shaindy,58,37
2013,FEMALE,WHITE NON HISPANIC,Mila,57,38
2013,FEMALE,WHITE NON HISPANIC,Mila,57,38
2013,FEMALE,WHITE NON HISPANIC,Sadie,57,38
2013,FEMALE,WHITE NON HISPANIC,Eliana,57,38
2013,FEMALE,WHITE NON HISPANIC,Gianna,57,38
2013,FEMALE,WHITE NON HISPANIC,Gianna,57,38
2013,FEMALE,WHITE NON HISPANIC,Sadie,57,38
2013,FEMALE,WHITE NON HISPANIC,Eliana,57,38
2013,FEMALE,WHITE NON HISPANIC,Eva,57,38
2013,FEMALE,WHITE NON HISPANIC,Evelyn,56,39
2013,FEMALE,WHITE NON HISPANIC,Evelyn,56,39
2013,FEMALE,WHITE NON HISPANIC,Madeline,56,39
2013,FEMALE,WHITE NON HISPANIC,Madeline,56,39
2013,FEMALE,WHITE NON HISPANIC,Avery,55,40
2013,FEMALE,WHITE NON HISPANIC,Alice,55,40
2013,FEMALE,WHITE NON HISPANIC,Alice,55,40
2013,FEMALE,WHITE NON HISPANIC,Avery,55,40
2013,FEMALE,WHITE NON HISPANIC,Samantha,54,41
2013,FEMALE,WHITE NON HISPANIC,Alexa,53,42
2013,FEMALE,WHITE NON HISPANIC,Nora,53,42
2013,FEMALE,WHITE NON HISPANIC,Devorah,53,42
2013,FEMALE,WHITE NON HISPANIC,Baila,53,42
2013,FEMALE,WHITE NON HISPANIC,Alexa,53,42
2013,FEMALE,WHITE NON HISPANIC,Devorah,53,42
2013,FEMALE,WHITE NON HISPANIC,Nora,53,42
2013,FEMALE,WHITE NON HISPANIC,Baila,53,42
2013,FEMALE,WHITE NON HISPANIC,Maria,51,43
2013,FEMALE,WHITE NON HISPANIC,Lucy,51,43
2013,FEMALE,WHITE NON HISPANIC,Fiona,51,43
2013,FEMALE,WHITE NON HISPANIC,Fiona,51,43
2013,FEMALE,WHITE NON HISPANIC,Lucy,51,43
2013,FEMALE,WHITE NON HISPANIC,Maria,51,43
2013,FEMALE,WHITE NON HISPANIC,Toby,51,43
2013,FEMALE,WHITE NON HISPANIC,Catherine,49,44
2013,FEMALE,WHITE NON HISPANIC,Catherine,49,44
2013,FEMALE,WHITE NON HISPANIC,Scarlett,48,45
2013,FEMALE,WHITE NON HISPANIC,Harper,48,45
2013,FEMALE,WHITE NON HISPANIC,Harper,48,45
2013,FEMALE,WHITE NON HISPANIC,Scarlett,48,45
2013,FEMALE,WHITE NON HISPANIC,Sienna,47,46
2013,FEMALE,WHITE NON HISPANIC,Sienna,47,46
2013,FEMALE,WHITE NON HISPANIC,Lillian,46,47
2013,FEMALE,WHITE NON HISPANIC,Vivian,46,47
2013,FEMALE,WHITE NON HISPANIC,Eleanor,46,47
2013,FEMALE,WHITE NON HISPANIC,Eleanor,46,47
2013,FEMALE,WHITE NON HISPANIC,Vivian,46,47
2013,FEMALE,WHITE NON HISPANIC,Lillian,46,47
2013,FEMALE,WHITE NON HISPANIC,Rose,45,48
2013,FEMALE,WHITE NON HISPANIC,Katherine,45,48
2013,FEMALE,WHITE NON HISPANIC,Rose,45,48
2013,FEMALE,WHITE NON HISPANIC,Nicole,45,48
2013,FEMALE,WHITE NON HISPANIC,Nicole,45,48
2013,FEMALE,WHITE NON HISPANIC,Rebecca,44,49
2013,FEMALE,WHITE NON HISPANIC,Rebecca,44,49
2013,FEMALE,WHITE NON HISPANIC,Angelina,43,50
2013,FEMALE,WHITE NON HISPANIC,Angelina,43,50
2013,FEMALE,WHITE NON HISPANIC,Nina,42,51
2013,FEMALE,WHITE NON HISPANIC,Layla,41,52
2013,FEMALE,WHITE NON HISPANIC,Molly,41,52
2013,FEMALE,WHITE NON HISPANIC,Molly,41,52
2013,FEMALE,WHITE NON HISPANIC,Madeleine,41,52
2013,FEMALE,WHITE NON HISPANIC,Hindy,41,52
2013,FEMALE,WHITE NON HISPANIC,Caroline,41,52
2013,FEMALE,WHITE NON HISPANIC,Naomi,41,52
2013,FEMALE,WHITE NON HISPANIC,Talia,41,52
2013,FEMALE,WHITE NON HISPANIC,Layla,41,52
2013,FEMALE,WHITE NON HISPANIC,Natalie,41,52
2013,FEMALE,WHITE NON HISPANIC,Riley,41,52
2013,FEMALE,WHITE NON HISPANIC,Madeleine,41,52
2013,FEMALE,WHITE NON HISPANIC,Naomi,41,52
2013,FEMALE,WHITE NON HISPANIC,Hindy,41,52
2013,FEMALE,WHITE NON HISPANIC,Caroline,41,52
2013,FEMALE,WHITE NON HISPANIC,Talia,41,52
2013,FEMALE,WHITE NON HISPANIC,Natalie,41,52
2013,FEMALE,WHITE NON HISPANIC,Riley,41,52
2013,FEMALE,WHITE NON HISPANIC,Ruby,40,53
2013,FEMALE,WHITE NON HISPANIC,Yitty,40,53
2013,FEMALE,WHITE NON HISPANIC,Yitty,40,53
2013,FEMALE,WHITE NON HISPANIC,Ruby,40,53
2013,FEMALE,WHITE NON HISPANIC,Rochel,39,54
2013,FEMALE,WHITE NON HISPANIC,Rochel,39,54
2013,FEMALE,WHITE NON HISPANIC,Emilia,38,55
2013,FEMALE,WHITE NON HISPANIC,Daniella,38,55
2013,FEMALE,WHITE NON HISPANIC,Daniella,38,55
2013,FEMALE,WHITE NON HISPANIC,Emilia,38,55
2013,FEMALE,WHITE NON HISPANIC,Chava,36,56
2013,FEMALE,WHITE NON HISPANIC,Vivienne,36,56
2013,FEMALE,WHITE NON HISPANIC,Chava,36,56
2013,FEMALE,WHITE NON HISPANIC,Dina,36,56
2013,FEMALE,WHITE NON HISPANIC,Dina,36,56
2013,FEMALE,WHITE NON HISPANIC,Ariella,35,57
2013,FEMALE,WHITE NON HISPANIC,Aria,35,57
2013,FEMALE,WHITE NON HISPANIC,Audrey,35,57
2013,FEMALE,WHITE NON HISPANIC,Leila,35,57
2013,FEMALE,WHITE NON HISPANIC,Giuliana,35,57
2013,FEMALE,WHITE NON HISPANIC,Kayla,35,57
2013,FEMALE,WHITE NON HISPANIC,Ariella,35,57
2013,FEMALE,WHITE NON HISPANIC,Aria,35,57
2013,FEMALE,WHITE NON HISPANIC,Kayla,35,57
2013,FEMALE,WHITE NON HISPANIC,Josephine,35,57
2013,FEMALE,WHITE NON HISPANIC,Audrey,35,57
2013,FEMALE,WHITE NON HISPANIC,Giuliana,35,57
2013,FEMALE,WHITE NON HISPANIC,Leila,35,57
2013,FEMALE,WHITE NON HISPANIC,Josephine,35,57
2013,FEMALE,WHITE NON HISPANIC,Blimy,34,58
2013,FEMALE,WHITE NON HISPANIC,Blimy,34,58
2013,FEMALE,WHITE NON HISPANIC,Sydney,34,58
2013,FEMALE,WHITE NON HISPANIC,Ariana,34,58
2013,FEMALE,WHITE NON HISPANIC,Sydney,34,58
2013,FEMALE,WHITE NON HISPANIC,Ariana,34,58
2013,FEMALE,WHITE NON HISPANIC,Libby,34,58
2013,FEMALE,WHITE NON HISPANIC,Valentina,34,58
2013,FEMALE,WHITE NON HISPANIC,Libby,34,58
2013,FEMALE,WHITE NON HISPANIC,Valentina,34,58
2013,FEMALE,WHITE NON HISPANIC,Arianna,33,59
2013,FEMALE,WHITE NON HISPANIC,Arianna,33,59
2013,FEMALE,WHITE NON HISPANIC,Anastasia,33,59
2013,FEMALE,WHITE NON HISPANIC,Claire,33,59
2013,FEMALE,WHITE NON HISPANIC,Claire,33,59
2013,FEMALE,WHITE NON HISPANIC,Anastasia,33,59
2013,FEMALE,WHITE NON HISPANIC,Goldy,32,60
2013,FEMALE,WHITE NON HISPANIC,Eliza,32,60
2013,FEMALE,WHITE NON HISPANIC,Bella,32,60
2013,FEMALE,WHITE NON HISPANIC,Bella,32,60
2013,FEMALE,WHITE NON HISPANIC,Goldy,32,60
2013,FEMALE,WHITE NON HISPANIC,Fraidy,32,60
2013,FEMALE,WHITE NON HISPANIC,Fraidy,32,60
2013,FEMALE,WHITE NON HISPANIC,Chany,32,60
2013,FEMALE,WHITE NON HISPANIC,Chany,32,60
2013,FEMALE,WHITE NON HISPANIC,Juliet,32,60
2013,FEMALE,WHITE NON HISPANIC,Juliet,32,60
2013,FEMALE,WHITE NON HISPANIC,Eliza,32,60
2013,FEMALE,WHITE NON HISPANIC,Juliette,31,61
2013,FEMALE,WHITE NON HISPANIC,Mariam,31,61
2013,FEMALE,WHITE NON HISPANIC,Juliette,31,61
2013,FEMALE,WHITE NON HISPANIC,Pearl,31,61
2013,FEMALE,WHITE NON HISPANIC,Pearl,31,61
2013,FEMALE,WHITE NON HISPANIC,Mariam,31,61
2013,FEMALE,WHITE NON HISPANIC,Clara,30,62
2013,FEMALE,WHITE NON HISPANIC,Michelle,30,62
2013,FEMALE,WHITE NON HISPANIC,Batsheva,30,62
2013,FEMALE,WHITE NON HISPANIC,Batsheva,30,62
2013,FEMALE,WHITE NON HISPANIC,Clara,30,62
2013,FEMALE,WHITE NON HISPANIC,Michelle,30,62
2013,FEMALE,WHITE NON HISPANIC,Pessy,29,63
2013,FEMALE,WHITE NON HISPANIC,Nechama,29,63
2013,FEMALE,WHITE NON HISPANIC,Elena,29,63
2013,FEMALE,WHITE NON HISPANIC,Elena,29,63
2013,FEMALE,WHITE NON HISPANIC,Pessy,29,63
2013,FEMALE,WHITE NON HISPANIC,Nechama,29,63
2013,FEMALE,WHITE NON HISPANIC,Esty,29,63
2013,FEMALE,WHITE NON HISPANIC,Esty,29,63
2013,FEMALE,WHITE NON HISPANIC,Lia,28,64
2013,FEMALE,WHITE NON HISPANIC,Lia,28,64
2013,FEMALE,WHITE NON HISPANIC,Eloise,28,64
2013,FEMALE,WHITE NON HISPANIC,Natalia,28,64
2013,FEMALE,WHITE NON HISPANIC,Eloise,28,64
2013,FEMALE,WHITE NON HISPANIC,Isla,28,64
2013,FEMALE,WHITE NON HISPANIC,Yocheved,28,64
2013,FEMALE,WHITE NON HISPANIC,Isla,28,64
2013,FEMALE,WHITE NON HISPANIC,Yocheved,28,64
2013,FEMALE,WHITE NON HISPANIC,Natalia,28,64
2013,FEMALE,WHITE NON HISPANIC,Sury,27,65
2013,FEMALE,WHITE NON HISPANIC,Jane,27,65
2013,FEMALE,WHITE NON HISPANIC,Francesca,27,65
2013,FEMALE,WHITE NON HISPANIC,Lila,27,65
2013,FEMALE,WHITE NON HISPANIC,Juliana,27,65
2013,FEMALE,WHITE NON HISPANIC,Lila,27,65
2013,FEMALE,WHITE NON HISPANIC,Isabel,27,65
2013,FEMALE,WHITE NON HISPANIC,Isabel,27,65
2013,FEMALE,WHITE NON HISPANIC,Sury,27,65
2013,FEMALE,WHITE NON HISPANIC,Jane,27,65
2013,FEMALE,WHITE NON HISPANIC,Annabelle,27,65
2013,FEMALE,WHITE NON HISPANIC,Juliana,27,65
2013,FEMALE,WHITE NON HISPANIC,Francesca,27,65
2013,FEMALE,WHITE NON HISPANIC,Annabelle,27,65
2013,FEMALE,WHITE NON HISPANIC,Addison,26,66
2013,FEMALE,WHITE NON HISPANIC,Faiga,26,66
2013,FEMALE,WHITE NON HISPANIC,Henny,26,66
2013,FEMALE,WHITE NON HISPANIC,Faiga,26,66
2013,FEMALE,WHITE NON HISPANIC,Henny,26,66
2013,FEMALE,WHITE NON HISPANIC,Addison,26,66
2013,FEMALE,WHITE NON HISPANIC,Blima,25,67
2013,FEMALE,WHITE NON HISPANIC,Blima,25,67
2013,FEMALE,WHITE NON HISPANIC,Margaret,25,67
2013,FEMALE,WHITE NON HISPANIC,Alexis,25,67
2013,FEMALE,WHITE NON HISPANIC,Margaret,25,67
2013,FEMALE,WHITE NON HISPANIC,Alexis,25,67
2013,FEMALE,WHITE NON HISPANIC,Maeve,24,68
2013,FEMALE,WHITE NON HISPANIC,Lena,24,68
2013,FEMALE,WHITE NON HISPANIC,Maeve,24,68
2013,FEMALE,WHITE NON HISPANIC,Sloane,24,68
2013,FEMALE,WHITE NON HISPANIC,Mindy,24,68
2013,FEMALE,WHITE NON HISPANIC,Sloane,24,68
2013,FEMALE,WHITE NON HISPANIC,Sabrina,24,68
2013,FEMALE,WHITE NON HISPANIC,Sabrina,24,68
2013,FEMALE,WHITE NON HISPANIC,Taylor,24,68
2013,FEMALE,WHITE NON HISPANIC,Taylor,24,68
2013,FEMALE,WHITE NON HISPANIC,Mindy,24,68
2013,FEMALE,WHITE NON HISPANIC,Phoebe,24,68
2013,FEMALE,WHITE NON HISPANIC,Shaina,24,68
2013,FEMALE,WHITE NON HISPANIC,Shaina,24,68
2013,FEMALE,WHITE NON HISPANIC,Zoey,24,68
2013,FEMALE,WHITE NON HISPANIC,Lena,24,68
2013,FEMALE,WHITE NON HISPANIC,Malak,23,69
2013,FEMALE,WHITE NON HISPANIC,Hailey,23,69
2013,FEMALE,WHITE NON HISPANIC,Malak,23,69
2013,FEMALE,WHITE NON HISPANIC,Lea,23,69
2013,FEMALE,WHITE NON HISPANIC,Lea,23,69
2013,FEMALE,WHITE NON HISPANIC,Georgia,23,69
2013,FEMALE,WHITE NON HISPANIC,Hailey,23,69
2013,FEMALE,WHITE NON HISPANIC,Georgia,23,69
2013,FEMALE,WHITE NON HISPANIC,Keira,22,70
2013,FEMALE,WHITE NON HISPANIC,Cecilia,22,70
2013,FEMALE,WHITE NON HISPANIC,Valerie,22,70
2013,FEMALE,WHITE NON HISPANIC,Keira,22,70
2013,FEMALE,WHITE NON HISPANIC,Danielle,22,70
2013,FEMALE,WHITE NON HISPANIC,Danielle,22,70
2013,FEMALE,WHITE NON HISPANIC,Valerie,22,70
2013,FEMALE,WHITE NON HISPANIC,Lauren,22,70
2013,FEMALE,WHITE NON HISPANIC,Cecilia,22,70
2013,FEMALE,WHITE NON HISPANIC,Cora,22,70
2013,FEMALE,WHITE NON HISPANIC,Mary,22,70
2013,FEMALE,WHITE NON HISPANIC,Cora,22,70
2013,FEMALE,WHITE NON HISPANIC,Noa,21,71
2013,FEMALE,WHITE NON HISPANIC,Adele,21,71
2013,FEMALE,WHITE NON HISPANIC,Mackenzie,21,71
2013,FEMALE,WHITE NON HISPANIC,Gia,21,71
2013,FEMALE,WHITE NON HISPANIC,Isabelle,21,71
2013,FEMALE,WHITE NON HISPANIC,Julianna,21,71
2013,FEMALE,WHITE NON HISPANIC,Hanna,21,71
2013,FEMALE,WHITE NON HISPANIC,Liliana,21,71
2013,FEMALE,WHITE NON HISPANIC,Skylar,21,71
2013,FEMALE,WHITE NON HISPANIC,Gia,21,71
2013,FEMALE,WHITE NON HISPANIC,Devora,21,71
2013,FEMALE,WHITE NON HISPANIC,Hanna,21,71
2013,FEMALE,WHITE NON HISPANIC,Devora,21,71
2013,FEMALE,WHITE NON HISPANIC,Liliana,21,71
2013,FEMALE,WHITE NON HISPANIC,Isabelle,21,71
2013,FEMALE,WHITE NON HISPANIC,Skylar,21,71
2013,FEMALE,WHITE NON HISPANIC,Noa,21,71
2013,FEMALE,WHITE NON HISPANIC,Adele,21,71
2013,FEMALE,WHITE NON HISPANIC,Adriana,20,72
2013,FEMALE,WHITE NON HISPANIC,Brooke,20,72
2013,FEMALE,WHITE NON HISPANIC,Simone,20,72
2013,FEMALE,WHITE NON HISPANIC,Quinn,20,72
2013,FEMALE,WHITE NON HISPANIC,Zissy,20,72
2013,FEMALE,WHITE NON HISPANIC,Adriana,20,72
2013,FEMALE,WHITE NON HISPANIC,Yehudis,20,72
2013,FEMALE,WHITE NON HISPANIC,Veronica,20,72
2013,FEMALE,WHITE NON HISPANIC,Yehudis,20,72
2013,FEMALE,WHITE NON HISPANIC,Lola,20,72
2013,FEMALE,WHITE NON HISPANIC,Etty,20,72
2013,FEMALE,WHITE NON HISPANIC,Hazel,20,72
2013,FEMALE,WHITE NON HISPANIC,Lola,20,72
2013,FEMALE,WHITE NON HISPANIC,Shira,20,72
2013,FEMALE,WHITE NON HISPANIC,Eve,20,72
2013,FEMALE,WHITE NON HISPANIC,Ellie,20,72
2013,FEMALE,WHITE NON HISPANIC,Simone,20,72
2013,FEMALE,WHITE NON HISPANIC,Jenna,20,72
2013,FEMALE,WHITE NON HISPANIC,Shira,20,72
2013,FEMALE,WHITE NON HISPANIC,Veronica,20,72
2013,FEMALE,WHITE NON HISPANIC,Hazel,20,72
2013,FEMALE,WHITE NON HISPANIC,Beatrice,20,72
2013,FEMALE,WHITE NON HISPANIC,Zissy,20,72
2013,FEMALE,WHITE NON HISPANIC,Brooke,20,72
2013,FEMALE,WHITE NON HISPANIC,Ellie,20,72
2013,FEMALE,WHITE NON HISPANIC,Quinn,20,72
2013,FEMALE,WHITE NON HISPANIC,Etty,20,72
2013,FEMALE,WHITE NON HISPANIC,Jenna,20,72
2013,FEMALE,WHITE NON HISPANIC,Eve,20,72
2013,FEMALE,WHITE NON HISPANIC,Beatrice,20,72
2013,FEMALE,WHITE NON HISPANIC,Madelyn,20,72
2013,FEMALE,WHITE NON HISPANIC,Alyssa,19,73
2013,FEMALE,WHITE NON HISPANIC,Lucia,19,73
2013,FEMALE,WHITE NON HISPANIC,Liv,19,73
2013,FEMALE,WHITE NON HISPANIC,Diana,19,73
2013,FEMALE,WHITE NON HISPANIC,Milana,19,73
2013,FEMALE,WHITE NON HISPANIC,Hana,19,73
2013,FEMALE,WHITE NON HISPANIC,Alyssa,19,73
2013,FEMALE,WHITE NON HISPANIC,Bracha,19,73
2013,FEMALE,WHITE NON HISPANIC,Olive,19,73
2013,FEMALE,WHITE NON HISPANIC,Olive,19,73
2013,FEMALE,WHITE NON HISPANIC,Bracha,19,73
2013,FEMALE,WHITE NON HISPANIC,Yides,19,73
2013,FEMALE,WHITE NON HISPANIC,Liv,19,73
2013,FEMALE,WHITE NON HISPANIC,Milana,19,73
2013,FEMALE,WHITE NON HISPANIC,Hana,19,73
2013,FEMALE,WHITE NON HISPANIC,Yides,19,73
2013,FEMALE,WHITE NON HISPANIC,Reese,18,74
2013,FEMALE,WHITE NON HISPANIC,Mirel,18,74
2013,FEMALE,WHITE NON HISPANIC,Laila,18,74
2013,FEMALE,WHITE NON HISPANIC,Savannah,18,74
2013,FEMALE,WHITE NON HISPANIC,Gemma,18,74
2013,FEMALE,WHITE NON HISPANIC,Mirel,18,74
2013,FEMALE,WHITE NON HISPANIC,Reese,18,74
2013,FEMALE,WHITE NON HISPANIC,Helena,18,74
2013,FEMALE,WHITE NON HISPANIC,Aliza,18,74
2013,FEMALE,WHITE NON HISPANIC,Kaitlyn,18,74
2013,FEMALE,WHITE NON HISPANIC,Willa,18,74
2013,FEMALE,WHITE NON HISPANIC,Matilda,18,74
2013,FEMALE,WHITE NON HISPANIC,Ahuva,18,74
2013,FEMALE,WHITE NON HISPANIC,Gabrielle,18,74
2013,FEMALE,WHITE NON HISPANIC,Lyla,18,74
2013,FEMALE,WHITE NON HISPANIC,Liana,18,74
2013,FEMALE,WHITE NON HISPANIC,Matilda,18,74
2013,FEMALE,WHITE NON HISPANIC,Savannah,18,74
2013,FEMALE,WHITE NON HISPANIC,Lyla,18,74
2013,FEMALE,WHITE NON HISPANIC,Gemma,18,74
2013,FEMALE,WHITE NON HISPANIC,Helena,18,74
2013,FEMALE,WHITE NON HISPANIC,Ahuva,18,74
2013,FEMALE,WHITE NON HISPANIC,Aliza,18,74
2013,FEMALE,WHITE NON HISPANIC,Willa,18,74
2013,FEMALE,WHITE NON HISPANIC,Piper,17,75
2013,FEMALE,WHITE NON HISPANIC,Daphne,17,75
2013,FEMALE,WHITE NON HISPANIC,Peyton,17,75
2013,FEMALE,WHITE NON HISPANIC,Shifra,17,75
2013,FEMALE,WHITE NON HISPANIC,Kate,17,75
2013,FEMALE,WHITE NON HISPANIC,Joyce,17,75
2013,FEMALE,WHITE NON HISPANIC,Daphne,17,75
2013,FEMALE,WHITE NON HISPANIC,Joyce,17,75
2013,FEMALE,WHITE NON HISPANIC,Paige,17,75
2013,FEMALE,WHITE NON HISPANIC,Elisheva,17,75
2013,FEMALE,WHITE NON HISPANIC,Shifra,17,75
2013,FEMALE,WHITE NON HISPANIC,Peyton,17,75
2013,FEMALE,WHITE NON HISPANIC,Gabriela,17,75
2013,FEMALE,WHITE NON HISPANIC,Paige,17,75
2013,FEMALE,WHITE NON HISPANIC,Elisheva,17,75
2013,FEMALE,WHITE NON HISPANIC,Jessica,17,75
2013,FEMALE,WHITE NON HISPANIC,Amira,17,75
2013,FEMALE,WHITE NON HISPANIC,Amira,17,75
2013,FEMALE,WHITE NON HISPANIC,Gabriela,17,75
2013,FEMALE,WHITE NON HISPANIC,Adina,17,75
2013,FEMALE,WHITE NON HISPANIC,Adina,17,75
2013,FEMALE,WHITE NON HISPANIC,Kate,17,75
2013,FEMALE,WHITE NON HISPANIC,Jessica,17,75
2013,FEMALE,WHITE NON HISPANIC,Jacqueline,16,76
2013,FEMALE,WHITE NON HISPANIC,Margot,16,76
2013,FEMALE,WHITE NON HISPANIC,Kylie,16,76
2013,FEMALE,WHITE NON HISPANIC,Luna,16,76
2013,FEMALE,WHITE NON HISPANIC,Tzipora,16,76
2013,FEMALE,WHITE NON HISPANIC,Ivy,16,76
2013,FEMALE,WHITE NON HISPANIC,Iris,16,76
2013,FEMALE,WHITE NON HISPANIC,Beatrix,16,76
2013,FEMALE,WHITE NON HISPANIC,Claudia,16,76
2013,FEMALE,WHITE NON HISPANIC,Morgan,16,76
2013,FEMALE,WHITE NON HISPANIC,Jacqueline,16,76
2013,FEMALE,WHITE NON HISPANIC,Jana,16,76
2013,FEMALE,WHITE NON HISPANIC,Kylie,16,76
2013,FEMALE,WHITE NON HISPANIC,Jana,16,76
2013,FEMALE,WHITE NON HISPANIC,Claudia,16,76
2013,FEMALE,WHITE NON HISPANIC,Morgan,16,76
2013,FEMALE,WHITE NON HISPANIC,Colette,16,76
2013,FEMALE,WHITE NON HISPANIC,Beatrix,16,76
2013,FEMALE,WHITE NON HISPANIC,Luna,16,76
2013,FEMALE,WHITE NON HISPANIC,Tzipora,16,76
2013,FEMALE,WHITE NON HISPANIC,Margot,16,76
2013,FEMALE,WHITE NON HISPANIC,Yael,15,77
2013,FEMALE,WHITE NON HISPANIC,Breindy,15,77
2013,FEMALE,WHITE NON HISPANIC,Breindy,15,77
2013,FEMALE,WHITE NON HISPANIC,Reagan,15,77
2013,FEMALE,WHITE NON HISPANIC,Amina,15,77
2013,FEMALE,WHITE NON HISPANIC,Reagan,15,77
2013,FEMALE,WHITE NON HISPANIC,Amelie,15,77
2013,FEMALE,WHITE NON HISPANIC,Amelie,15,77
2013,FEMALE,WHITE NON HISPANIC,Emerson,15,77
2013,FEMALE,WHITE NON HISPANIC,Annabel,15,77
2013,FEMALE,WHITE NON HISPANIC,Eden,15,77
2013,FEMALE,WHITE NON HISPANIC,Tova,15,77
2013,FEMALE,WHITE NON HISPANIC,Norah,15,77
2013,FEMALE,WHITE NON HISPANIC,Alina,15,77
2013,FEMALE,WHITE NON HISPANIC,Melanie,15,77
2013,FEMALE,WHITE NON HISPANIC,Vanessa,15,77
2013,FEMALE,WHITE NON HISPANIC,Judy,15,77
2013,FEMALE,WHITE NON HISPANIC,Yael,15,77
2013,FEMALE,WHITE NON HISPANIC,Eden,15,77
2013,FEMALE,WHITE NON HISPANIC,Emerson,15,77
2013,FEMALE,WHITE NON HISPANIC,Tova,15,77
2013,FEMALE,WHITE NON HISPANIC,Raizel,15,77
2013,FEMALE,WHITE NON HISPANIC,Raizel,15,77
2013,FEMALE,WHITE NON HISPANIC,Norah,15,77
2013,FEMALE,WHITE NON HISPANIC,Judy,15,77
2013,FEMALE,WHITE NON HISPANIC,Melanie,15,77
2013,FEMALE,WHITE NON HISPANIC,Genevieve,14,78
2013,FEMALE,WHITE NON HISPANIC,Louisa,14,78
2013,FEMALE,WHITE NON HISPANIC,Ruchy,14,78
2013,FEMALE,WHITE NON HISPANIC,Mikayla,14,78
2013,FEMALE,WHITE NON HISPANIC,Salma,14,78
2013,FEMALE,WHITE NON HISPANIC,Sasha,14,78
2013,FEMALE,WHITE NON HISPANIC,Mikayla,14,78
2013,FEMALE,WHITE NON HISPANIC,Yasmin,14,78
2013,FEMALE,WHITE NON HISPANIC,Livia,14,78
2013,FEMALE,WHITE NON HISPANIC,Amy,14,78
2013,FEMALE,WHITE NON HISPANIC,Lucille,14,78
2013,FEMALE,WHITE NON HISPANIC,Alessandra,14,78
2013,FEMALE,WHITE NON HISPANIC,Louisa,14,78
2013,FEMALE,WHITE NON HISPANIC,Yasmin,14,78
2013,FEMALE,WHITE NON HISPANIC,Livia,14,78
2013,FEMALE,WHITE NON HISPANIC,Amy,14,78
2013,FEMALE,WHITE NON HISPANIC,Aubrey,14,78
2013,FEMALE,WHITE NON HISPANIC,Brielle,14,78
2013,FEMALE,WHITE NON HISPANIC,Lucille,14,78
2013,FEMALE,WHITE NON HISPANIC,Hadley,14,78
2013,FEMALE,WHITE NON HISPANIC,Hadley,14,78
2013,FEMALE,WHITE NON HISPANIC,Aubrey,14,78
2013,FEMALE,WHITE NON HISPANIC,Brielle,14,78
2013,FEMALE,WHITE NON HISPANIC,Genevieve,14,78
2013,FEMALE,WHITE NON HISPANIC,Ruchy,14,78
2013,FEMALE,WHITE NON HISPANIC,Suri,13,79
2013,FEMALE,WHITE NON HISPANIC,Shoshana,13,79
2013,FEMALE,WHITE NON HISPANIC,Liba,13,79
2013,FEMALE,WHITE NON HISPANIC,Dahlia,13,79
2013,FEMALE,WHITE NON HISPANIC,Gittel,13,79
2013,FEMALE,WHITE NON HISPANIC,Amanda,13,79
2013,FEMALE,WHITE NON HISPANIC,Lina,13,79
2013,FEMALE,WHITE NON HISPANIC,Louise,13,79
2013,FEMALE,WHITE NON HISPANIC,Jasmine,13,79
2013,FEMALE,WHITE NON HISPANIC,Idy,13,79
2013,FEMALE,WHITE NON HISPANIC,Frimet,13,79
2013,FEMALE,WHITE NON HISPANIC,Siena,13,79
2013,FEMALE,WHITE NON HISPANIC,Louise,13,79
2013,FEMALE,WHITE NON HISPANIC,Liba,13,79
2013,FEMALE,WHITE NON HISPANIC,Frimet,13,79
2013,FEMALE,WHITE NON HISPANIC,Jasmine,13,79
2013,FEMALE,WHITE NON HISPANIC,Idy,13,79
2013,FEMALE,WHITE NON HISPANIC,June,13,79
2013,FEMALE,WHITE NON HISPANIC,Shaindel,13,79
2013,FEMALE,WHITE NON HISPANIC,Ana,13,79
2013,FEMALE,WHITE NON HISPANIC,Amanda,13,79
2013,FEMALE,WHITE NON HISPANIC,Shaindel,13,79
2013,FEMALE,WHITE NON HISPANIC,June,13,79
2013,FEMALE,WHITE NON HISPANIC,Mira,13,79
2013,FEMALE,WHITE NON HISPANIC,Dahlia,13,79
2013,FEMALE,WHITE NON HISPANIC,Shoshana,13,79
2013,FEMALE,WHITE NON HISPANIC,Ashley,13,79
2013,FEMALE,WHITE NON HISPANIC,Siena,13,79
2013,FEMALE,WHITE NON HISPANIC,Elise,13,79
2013,FEMALE,WHITE NON HISPANIC,Mina,13,79
2013,FEMALE,WHITE NON HISPANIC,Ashley,13,79
2013,FEMALE,WHITE NON HISPANIC,Laura,13,79
2013,FEMALE,WHITE NON HISPANIC,Suri,13,79
2013,FEMALE,WHITE NON HISPANIC,Perl,13,79
2013,FEMALE,WHITE NON HISPANIC,Anisa,13,79
2013,FEMALE,WHITE NON HISPANIC,Mira,13,79
2013,FEMALE,WHITE NON HISPANIC,Hadassah,13,79
2013,FEMALE,WHITE NON HISPANIC,Fradel,13,79
2013,FEMALE,WHITE NON HISPANIC,Gittel,13,79
2013,FEMALE,WHITE NON HISPANIC,Hadassah,13,79
2013,FEMALE,WHITE NON HISPANIC,Mina,13,79
2013,FEMALE,WHITE NON HISPANIC,Anisa,13,79
2013,FEMALE,WHITE NON HISPANIC,Ana,13,79
2013,FEMALE,WHITE NON HISPANIC,Lina,13,79
2013,FEMALE,WHITE NON HISPANIC,Perl,13,79
2013,FEMALE,WHITE NON HISPANIC,Fradel,13,79
2013,FEMALE,WHITE NON HISPANIC,Adelaide,12,80
2013,FEMALE,WHITE NON HISPANIC,Alessia,12,80
2013,FEMALE,WHITE NON HISPANIC,Ilana,12,80
2013,FEMALE,WHITE NON HISPANIC,Lilly,12,80
2013,FEMALE,WHITE NON HISPANIC,Edith,12,80
2013,FEMALE,WHITE NON HISPANIC,Tessa,12,80
2013,FEMALE,WHITE NON HISPANIC,Leona,12,80
2013,FEMALE,WHITE NON HISPANIC,Margaux,12,80
2013,FEMALE,WHITE NON HISPANIC,Camille,12,80
2013,FEMALE,WHITE NON HISPANIC,Adelaide,12,80
2013,FEMALE,WHITE NON HISPANIC,Amalia,12,80
2013,FEMALE,WHITE NON HISPANIC,Adeline,12,80
2013,FEMALE,WHITE NON HISPANIC,Golda,12,80
2013,FEMALE,WHITE NON HISPANIC,Sima,12,80
2013,FEMALE,WHITE NON HISPANIC,Lilly,12,80
2013,FEMALE,WHITE NON HISPANIC,Mushka,12,80
2013,FEMALE,WHITE NON HISPANIC,Ilana,12,80
2013,FEMALE,WHITE NON HISPANIC,Megan,12,80
2013,FEMALE,WHITE NON HISPANIC,Basya,12,80
2013,FEMALE,WHITE NON HISPANIC,Allison,12,80
2013,FEMALE,WHITE NON HISPANIC,Megan,12,80
2013,FEMALE,WHITE NON HISPANIC,Nadia,12,80
2013,FEMALE,WHITE NON HISPANIC,Edith,12,80
2013,FEMALE,WHITE NON HISPANIC,Mushka,12,80
2013,FEMALE,WHITE NON HISPANIC,Adeline,12,80
2013,FEMALE,WHITE NON HISPANIC,Nadia,12,80
2013,FEMALE,WHITE NON HISPANIC,Alessia,12,80
2013,FEMALE,WHITE NON HISPANIC,Sima,12,80
2013,FEMALE,WHITE NON HISPANIC,Serena,12,80
2013,FEMALE,WHITE NON HISPANIC,Aviva,12,80
2013,FEMALE,WHITE NON HISPANIC,Leona,12,80
2013,FEMALE,WHITE NON HISPANIC,Camille,12,80
2013,FEMALE,WHITE NON HISPANIC,Miri,12,80
2013,FEMALE,WHITE NON HISPANIC,Bridget,12,80
2013,FEMALE,WHITE NON HISPANIC,Frances,12,80
2013,FEMALE,WHITE NON HISPANIC,Dylan,12,80
2013,FEMALE,WHITE NON HISPANIC,Tessa,12,80
2013,FEMALE,WHITE NON HISPANIC,Allison,12,80
2013,FEMALE,WHITE NON HISPANIC,Dylan,12,80
2013,FEMALE,WHITE NON HISPANIC,Margaux,12,80
2013,FEMALE,WHITE NON HISPANIC,Rifky,12,80
2013,FEMALE,WHITE NON HISPANIC,Bridget,12,80
2013,FEMALE,WHITE NON HISPANIC,Rifky,12,80
2013,FEMALE,WHITE NON HISPANIC,Serena,12,80
2013,FEMALE,WHITE NON HISPANIC,Kaylee,12,80
2013,FEMALE,WHITE NON HISPANIC,Basya,12,80
2013,FEMALE,WHITE NON HISPANIC,Aviva,12,80
2013,FEMALE,WHITE NON HISPANIC,Kira,12,80
2013,FEMALE,WHITE NON HISPANIC,Amalia,12,80
2013,FEMALE,WHITE NON HISPANIC,Leyla,11,81
2013,FEMALE,WHITE NON HISPANIC,Poppy,11,81
2013,FEMALE,WHITE NON HISPANIC,Giselle,11,81
2013,FEMALE,WHITE NON HISPANIC,Luciana,11,81
2013,FEMALE,WHITE NON HISPANIC,Caitlin,11,81
2013,FEMALE,WHITE NON HISPANIC,Bruchy,11,81
2013,FEMALE,WHITE NON HISPANIC,Caitlin,11,81
2013,FEMALE,WHITE NON HISPANIC,Julie,11,81
2013,FEMALE,WHITE NON HISPANIC,Brianna,11,81
2013,FEMALE,WHITE NON HISPANIC,Aleksandra,11,81
2013,FEMALE,WHITE NON HISPANIC,Athena,11,81
2013,FEMALE,WHITE NON HISPANIC,Layan,11,81
2013,FEMALE,WHITE NON HISPANIC,Adrianna,11,81
2013,FEMALE,WHITE NON HISPANIC,Antonia,11,81
2013,FEMALE,WHITE NON HISPANIC,Anne,11,81
2013,FEMALE,WHITE NON HISPANIC,Leora,11,81
2013,FEMALE,WHITE NON HISPANIC,Ada,11,81
2013,FEMALE,WHITE NON HISPANIC,Sabina,11,81
2013,FEMALE,WHITE NON HISPANIC,Elsa,11,81
2013,FEMALE,WHITE NON HISPANIC,Summer,11,81
2013,FEMALE,WHITE NON HISPANIC,Elsa,11,81
2013,FEMALE,WHITE NON HISPANIC,Aisha,11,81
2013,FEMALE,WHITE NON HISPANIC,Layan,11,81
2013,FEMALE,WHITE NON HISPANIC,Alisa,11,81
2013,FEMALE,WHITE NON HISPANIC,Emmeline,11,81
2013,FEMALE,WHITE NON HISPANIC,Aleksandra,11,81
2013,FEMALE,WHITE NON HISPANIC,Farah,11,81
2013,FEMALE,WHITE NON HISPANIC,Luciana,11,81
2013,FEMALE,WHITE NON HISPANIC,Aisha,11,81
2013,FEMALE,WHITE NON HISPANIC,Adrianna,11,81
2013,FEMALE,WHITE NON HISPANIC,Ada,11,81
2013,FEMALE,WHITE NON HISPANIC,Giselle,11,81
2013,FEMALE,WHITE NON HISPANIC,Maryam,11,81
2013,FEMALE,WHITE NON HISPANIC,Leora,11,81
2013,FEMALE,WHITE NON HISPANIC,Emmeline,11,81
2013,FEMALE,WHITE NON HISPANIC,Bruchy,11,81
2013,FEMALE,WHITE NON HISPANIC,Mae,11,81
2013,FEMALE,WHITE NON HISPANIC,Mae,11,81
2013,FEMALE,WHITE NON HISPANIC,Leyla,11,81
2013,FEMALE,WHITE NON HISPANIC,Zelda,11,81
2013,FEMALE,WHITE NON HISPANIC,Zelda,11,81
2013,FEMALE,WHITE NON HISPANIC,Summer,11,81
2013,FEMALE,WHITE NON HISPANIC,Maryam,11,81
2013,FEMALE,WHITE NON HISPANIC,Brianna,11,81
2013,FEMALE,WHITE NON HISPANIC,Sabina,11,81
2013,FEMALE,WHITE NON HISPANIC,Farah,11,81
2013,FEMALE,WHITE NON HISPANIC,Poppy,11,81
2013,FEMALE,WHITE NON HISPANIC,Chavy,10,82
2013,FEMALE,WHITE NON HISPANIC,Renee,10,82
2013,FEMALE,WHITE NON HISPANIC,Alma,10,82
2013,FEMALE,WHITE NON HISPANIC,Hinda,10,82
2013,FEMALE,WHITE NON HISPANIC,Sylvia,10,82
2013,FEMALE,WHITE NON HISPANIC,Lara,10,82
2013,FEMALE,WHITE NON HISPANIC,Clementine,10,82
2013,FEMALE,WHITE NON HISPANIC,Trany,10,82
2013,FEMALE,WHITE NON HISPANIC,Alexia,10,82
2013,FEMALE,WHITE NON HISPANIC,Aurora,10,82
2013,FEMALE,WHITE NON HISPANIC,Avigail,10,82
2013,FEMALE,WHITE NON HISPANIC,Christina,10,82
2013,FEMALE,WHITE NON HISPANIC,Tamar,10,82
2013,FEMALE,WHITE NON HISPANIC,Katerina,10,82
2013,FEMALE,WHITE NON HISPANIC,Michal,10,82
2013,FEMALE,WHITE NON HISPANIC,Sage,10,82
2013,FEMALE,WHITE NON HISPANIC,Chiara,10,82
2013,FEMALE,WHITE NON HISPANIC,Christina,10,82
2013,FEMALE,WHITE NON HISPANIC,Romy,10,82
2013,FEMALE,WHITE NON HISPANIC,Roiza,10,82
2013,FEMALE,WHITE NON HISPANIC,Lydia,10,82
2013,FEMALE,WHITE NON HISPANIC,Alexia,10,82
2013,FEMALE,WHITE NON HISPANIC,Romy,10,82
2013,FEMALE,WHITE NON HISPANIC,Alma,10,82
2013,FEMALE,WHITE NON HISPANIC,Camilla,10,82
2013,FEMALE,WHITE NON HISPANIC,Ester,10,82
2013,FEMALE,WHITE NON HISPANIC,Freya,10,82
2013,FEMALE,WHITE NON HISPANIC,Avigail,10,82
2013,FEMALE,WHITE NON HISPANIC,Cassidy,10,82
2013,FEMALE,WHITE NON HISPANIC,Jordyn,10,82
2013,FEMALE,WHITE NON HISPANIC,Michal,10,82
2013,FEMALE,WHITE NON HISPANIC,Hinda,10,82
2013,FEMALE,WHITE NON HISPANIC,Renee,10,82
2013,FEMALE,WHITE NON HISPANIC,Jordan,10,82
2013,FEMALE,WHITE NON HISPANIC,Fatima,10,82
2013,FEMALE,WHITE NON HISPANIC,Chavy,10,82
2013,FEMALE,WHITE NON HISPANIC,Aurora,10,82
2013,FEMALE,WHITE NON HISPANIC,Lydia,10,82
2013,FEMALE,WHITE NON HISPANIC,Roiza,10,82
2013,FEMALE,WHITE NON HISPANIC,Camilla,10,82
2013,FEMALE,WHITE NON HISPANIC,Chiara,10,82
2013,FEMALE,WHITE NON HISPANIC,Celine,10,82
2013,FEMALE,WHITE NON HISPANIC,Fatima,10,82
2013,FEMALE,WHITE NON HISPANIC,Jordan,10,82
2013,FEMALE,WHITE NON HISPANIC,Katerina,10,82
2013,FEMALE,WHITE NON HISPANIC,Jasmina,10,82
2013,FEMALE,WHITE NON HISPANIC,Sage,10,82
2013,FEMALE,WHITE NON HISPANIC,Jasmina,10,82
2013,FEMALE,WHITE NON HISPANIC,Cassidy,10,82
2013,FEMALE,WHITE NON HISPANIC,Freya,10,82
2013,FEMALE,WHITE NON HISPANIC,Celine,10,82
2013,FEMALE,WHITE NON HISPANIC,Lara,10,82
2013,FEMALE,WHITE NON HISPANIC,Trany,10,82
2013,FEMALE,WHITE NON HISPANIC,Jordyn,10,82
2013,FEMALE,WHITE NON HISPANIC,Tamar,10,82
2013,FEMALE,WHITE NON HISPANIC,Sylvia,10,82
2013,FEMALE,WHITE NON HISPANIC,Clementine,10,82
2013,FEMALE,WHITE NON HISPANIC,Daisy,10,82
2013,MALE,ASIAN AND PACIFIC ISLANDER,Jayden,220,1
2013,MALE,ASIAN AND PACIFIC ISLANDER,Ethan,165,2
2013,MALE,ASIAN AND PACIFIC ISLANDER,Ryan,162,3
2013,MALE,ASIAN AND PACIFIC ISLANDER,Lucas,148,4
2013,MALE,ASIAN AND PACIFIC ISLANDER,Lucas,148,4
2013,MALE,ASIAN AND PACIFIC ISLANDER,Aiden,113,5
2013,MALE,ASIAN AND PACIFIC ISLANDER,Aiden,113,5
2013,MALE,ASIAN AND PACIFIC ISLANDER,Muhammad,111,6
2013,MALE,ASIAN AND PACIFIC ISLANDER,Muhammad,111,6
2013,MALE,ASIAN AND PACIFIC ISLANDER,Daniel,108,7
2013,MALE,ASIAN AND PACIFIC ISLANDER,Eric,88,8
2013,MALE,ASIAN AND PACIFIC ISLANDER,Eric,88,8
2013,MALE,ASIAN AND PACIFIC ISLANDER,Jason,81,9
2013,MALE,ASIAN AND PACIFIC ISLANDER,Jason,81,9
2013,MALE,ASIAN AND PACIFIC ISLANDER,Liam,72,10
2013,MALE,ASIAN AND PACIFIC ISLANDER,Liam,72,10
2013,MALE,ASIAN AND PACIFIC ISLANDER,Justin,69,11
2013,MALE,ASIAN AND PACIFIC ISLANDER,Justin,69,11
2013,MALE,ASIAN AND PACIFIC ISLANDER,Matthew,68,12
2013,MALE,ASIAN AND PACIFIC ISLANDER,Jacob,66,13
2013,MALE,ASIAN AND PACIFIC ISLANDER,Aaron,66,13
2013,MALE,ASIAN AND PACIFIC ISLANDER,Aaron,66,13
2013,MALE,ASIAN AND PACIFIC ISLANDER,Kevin,66,13
2013,MALE,ASIAN AND PACIFIC ISLANDER,Jacob,66,13
2013,MALE,ASIAN AND PACIFIC ISLANDER,Kevin,66,13
2013,MALE,ASIAN AND PACIFIC ISLANDER,Evan,62,14
2013,MALE,ASIAN AND PACIFIC ISLANDER,Evan,62,14
2013,MALE,ASIAN AND PACIFIC ISLANDER,William,61,15
2013,MALE,ASIAN AND PACIFIC ISLANDER,Alexander,59,16
2013,MALE,ASIAN AND PACIFIC ISLANDER,Mason,55,17
2013,MALE,ASIAN AND PACIFIC ISLANDER,Owen,54,18
2013,MALE,ASIAN AND PACIFIC ISLANDER,Owen,54,18
2013,MALE,ASIAN AND PACIFIC ISLANDER,Austin,53,19
2013,MALE,ASIAN AND PACIFIC ISLANDER,Austin,53,19
2013,MALE,ASIAN AND PACIFIC ISLANDER,Noah,52,20
2013,MALE,ASIAN AND PACIFIC ISLANDER,Brian,49,21
2013,MALE,ASIAN AND PACIFIC ISLANDER,Brian,49,21
2013,MALE,ASIAN AND PACIFIC ISLANDER,James,48,22
2013,MALE,ASIAN AND PACIFIC ISLANDER,Nathan,48,22
2013,MALE,ASIAN AND PACIFIC ISLANDER,Nathan,48,22
2013,MALE,ASIAN AND PACIFIC ISLANDER,James,48,22
2013,MALE,ASIAN AND PACIFIC ISLANDER,Vincent,47,23
2013,MALE,ASIAN AND PACIFIC ISLANDER,Leo,47,23
2013,MALE,ASIAN AND PACIFIC ISLANDER,Vincent,47,23
2013,MALE,ASIAN AND PACIFIC ISLANDER,Leo,47,23
2013,MALE,ASIAN AND PACIFIC ISLANDER,Ivan,45,24
2013,MALE,ASIAN AND PACIFIC ISLANDER,Mohammad,45,24
2013,MALE,ASIAN AND PACIFIC ISLANDER,Ayaan,45,24
2013,MALE,ASIAN AND PACIFIC ISLANDER,Dylan,45,24
2013,MALE,ASIAN AND PACIFIC ISLANDER,Ayaan,45,24
2013,MALE,ASIAN AND PACIFIC ISLANDER,Ivan,45,24
2013,MALE,ASIAN AND PACIFIC ISLANDER,Alex,45,24
2013,MALE,ASIAN AND PACIFIC ISLANDER,Mohammad,45,24
2013,MALE,ASIAN AND PACIFIC ISLANDER,Dylan,45,24
2013,MALE,ASIAN AND PACIFIC ISLANDER,Andrew,44,25
2013,MALE,ASIAN AND PACIFIC ISLANDER,Joshua,43,26
2013,MALE,ASIAN AND PACIFIC ISLANDER,Joshua,43,26
2013,MALE,ASIAN AND PACIFIC ISLANDER,David,42,27
2013,MALE,ASIAN AND PACIFIC ISLANDER,David,42,27
2013,MALE,ASIAN AND PACIFIC ISLANDER,Jonathan,41,28
2013,MALE,ASIAN AND PACIFIC ISLANDER,Jaden,39,29
2013,MALE,ASIAN AND PACIFIC ISLANDER,Jaden,39,29
2013,MALE,ASIAN AND PACIFIC ISLANDER,Alvin,38,30
2013,MALE,ASIAN AND PACIFIC ISLANDER,Alvin,38,30
2013,MALE,ASIAN AND PACIFIC ISLANDER,Kyle,37,31
2013,MALE,ASIAN AND PACIFIC ISLANDER,Oscar,37,31
2013,MALE,ASIAN AND PACIFIC ISLANDER,Tyler,37,31
2013,MALE,ASIAN AND PACIFIC ISLANDER,Oscar,37,31
2013,MALE,ASIAN AND PACIFIC ISLANDER,Kyle,37,31
2013,MALE,ASIAN AND PACIFIC ISLANDER,Tyler,37,31
2013,MALE,ASIAN AND PACIFIC ISLANDER,Andy,36,32
2013,MALE,ASIAN AND PACIFIC ISLANDER,Andy,36,32
2013,MALE,ASIAN AND PACIFIC ISLANDER,Adam,36,32
2013,MALE,ASIAN AND PACIFIC ISLANDER,Anthony,36,32
2013,MALE,ASIAN AND PACIFIC ISLANDER,Anthony,36,32
2013,MALE,ASIAN AND PACIFIC ISLANDER,Brandon,35,33
2013,MALE,ASIAN AND PACIFIC ISLANDER,Brandon,35,33
2013,MALE,ASIAN AND PACIFIC ISLANDER,Steven,33,34
2013,MALE,ASIAN AND PACIFIC ISLANDER,Steven,33,34
2013,MALE,ASIAN AND PACIFIC ISLANDER,Michael,33,34
2013,MALE,ASIAN AND PACIFIC ISLANDER,Henry,33,34
2013,MALE,ASIAN AND PACIFIC ISLANDER,Michael,33,34
2013,MALE,ASIAN AND PACIFIC ISLANDER,Henry,33,34
2013,MALE,ASIAN AND PACIFIC ISLANDER,Samuel,33,34
2013,MALE,ASIAN AND PACIFIC ISLANDER,Samuel,33,34
2013,MALE,ASIAN AND PACIFIC ISLANDER,Eason,32,35
2013,MALE,ASIAN AND PACIFIC ISLANDER,Eason,32,35
2013,MALE,ASIAN AND PACIFIC ISLANDER,Oliver,31,36
2013,MALE,ASIAN AND PACIFIC ISLANDER,Oliver,31,36
2013,MALE,ASIAN AND PACIFIC ISLANDER,Caleb,31,36
2013,MALE,ASIAN AND PACIFIC ISLANDER,Caleb,31,36
2013,MALE,ASIAN AND PACIFIC ISLANDER,Benjamin,30,37
2013,MALE,ASIAN AND PACIFIC ISLANDER,Benjamin,30,37
2013,MALE,ASIAN AND PACIFIC ISLANDER,Nicholas,29,38
2013,MALE,ASIAN AND PACIFIC ISLANDER,Christopher,29,38
2013,MALE,ASIAN AND PACIFIC ISLANDER,Ian,29,38
2013,MALE,ASIAN AND PACIFIC ISLANDER,Ian,29,38
2013,MALE,ASIAN AND PACIFIC ISLANDER,Christopher,29,38
2013,MALE,ASIAN AND PACIFIC ISLANDER,Logan,28,39
2013,MALE,ASIAN AND PACIFIC ISLANDER,Logan,28,39
2013,MALE,ASIAN AND PACIFIC ISLANDER,Darren,27,40
2013,MALE,ASIAN AND PACIFIC ISLANDER,Max,27,40
2013,MALE,ASIAN AND PACIFIC ISLANDER,Darren,27,40
2013,MALE,ASIAN AND PACIFIC ISLANDER,Max,27,40
2013,MALE,ASIAN AND PACIFIC ISLANDER,Luke,26,41
2013,MALE,ASIAN AND PACIFIC ISLANDER,Luke,26,41
2013,MALE,ASIAN AND PACIFIC ISLANDER,Ibrahim,25,42
2013,MALE,ASIAN AND PACIFIC ISLANDER,Aidan,25,42
2013,MALE,ASIAN AND PACIFIC ISLANDER,Isaac,25,42
2013,MALE,ASIAN AND PACIFIC ISLANDER,Aidan,25,42
2013,MALE,ASIAN AND PACIFIC ISLANDER,Tenzin,25,42
2013,MALE,ASIAN AND PACIFIC ISLANDER,Ayan,25,42
2013,MALE,ASIAN AND PACIFIC ISLANDER,John,25,42
2013,MALE,ASIAN AND PACIFIC ISLANDER,Ayan,25,42
2013,MALE,ASIAN AND PACIFIC ISLANDER,John,25,42
2013,MALE,ASIAN AND PACIFIC ISLANDER,Charles,24,43
2013,MALE,ASIAN AND PACIFIC ISLANDER,Gavin,24,43
2013,MALE,ASIAN AND PACIFIC ISLANDER,Marcus,24,43
2013,MALE,ASIAN AND PACIFIC ISLANDER,Derek,24,43
2013,MALE,ASIAN AND PACIFIC ISLANDER,Aryan,24,43
2013,MALE,ASIAN AND PACIFIC ISLANDER,Allen,24,43
2013,MALE,ASIAN AND PACIFIC ISLANDER,Derek,24,43
2013,MALE,ASIAN AND PACIFIC ISLANDER,Alan,24,43
2013,MALE,ASIAN AND PACIFIC ISLANDER,Charles,24,43
2013,MALE,ASIAN AND PACIFIC ISLANDER,Bryan,24,43
2013,MALE,ASIAN AND PACIFIC ISLANDER,Allen,24,43
2013,MALE,ASIAN AND PACIFIC ISLANDER,Gavin,24,43
2013,MALE,ASIAN AND PACIFIC ISLANDER,Alan,24,43
2013,MALE,ASIAN AND PACIFIC ISLANDER,Aryan,24,43
2013,MALE,ASIAN AND PACIFIC ISLANDER,Marcus,24,43
2013,MALE,ASIAN AND PACIFIC ISLANDER,Bryan,24,43
2013,MALE,ASIAN AND PACIFIC ISLANDER,Joseph,23,44
2013,MALE,ASIAN AND PACIFIC ISLANDER,Adrian,23,44
2013,MALE,ASIAN AND PACIFIC ISLANDER,Felix,23,44
2013,MALE,ASIAN AND PACIFIC ISLANDER,Joseph,23,44
2013,MALE,ASIAN AND PACIFIC ISLANDER,Connor,23,44
2013,MALE,ASIAN AND PACIFIC ISLANDER,Syed,23,44
2013,MALE,ASIAN AND PACIFIC ISLANDER,Kingsley,23,44
2013,MALE,ASIAN AND PACIFIC ISLANDER,Connor,23,44
2013,MALE,ASIAN AND PACIFIC ISLANDER,Syed,23,44
2013,MALE,ASIAN AND PACIFIC ISLANDER,Kingsley,23,44
2013,MALE,ASIAN AND PACIFIC ISLANDER,Ali,22,45
2013,MALE,ASIAN AND PACIFIC ISLANDER,Albert,22,45
2013,MALE,ASIAN AND PACIFIC ISLANDER,Anson,22,45
2013,MALE,ASIAN AND PACIFIC ISLANDER,Ali,22,45
2013,MALE,ASIAN AND PACIFIC ISLANDER,Albert,22,45
2013,MALE,ASIAN AND PACIFIC ISLANDER,Anson,22,45
2013,MALE,ASIAN AND PACIFIC ISLANDER,Richard,22,45
2013,MALE,ASIAN AND PACIFIC ISLANDER,Jeremy,22,45
2013,MALE,ASIAN AND PACIFIC ISLANDER,Jeremy,22,45
2013,MALE,ASIAN AND PACIFIC ISLANDER,Richard,22,45
2013,MALE,ASIAN AND PACIFIC ISLANDER,Sean,21,46
2013,MALE,ASIAN AND PACIFIC ISLANDER,Zachary,21,46
2013,MALE,ASIAN AND PACIFIC ISLANDER,Sean,21,46
2013,MALE,ASIAN AND PACIFIC ISLANDER,Jack,21,46
2013,MALE,ASIAN AND PACIFIC ISLANDER,Nathaniel,21,46
2013,MALE,ASIAN AND PACIFIC ISLANDER,Nathaniel,21,46
2013,MALE,ASIAN AND PACIFIC ISLANDER,Jack,21,46
2013,MALE,ASIAN AND PACIFIC ISLANDER,Zachary,21,46
2013,MALE,ASIAN AND PACIFIC ISLANDER,Abdul,20,47
2013,MALE,ASIAN AND PACIFIC ISLANDER,Abdul,20,47
2013,MALE,ASIAN AND PACIFIC ISLANDER,Arjun,20,47
2013,MALE,ASIAN AND PACIFIC ISLANDER,Arjun,20,47
2013,MALE,ASIAN AND PACIFIC ISLANDER,Kai,19,48
2013,MALE,ASIAN AND PACIFIC ISLANDER,Kai,19,48
2013,MALE,ASIAN AND PACIFIC ISLANDER,Julian,19,48
2013,MALE,ASIAN AND PACIFIC ISLANDER,Lawrence,19,48
2013,MALE,ASIAN AND PACIFIC ISLANDER,Jordan,19,48
2013,MALE,ASIAN AND PACIFIC ISLANDER,Julian,19,48
2013,MALE,ASIAN AND PACIFIC ISLANDER,Jordan,19,48
2013,MALE,ASIAN AND PACIFIC ISLANDER,Lawrence,19,48
2013,MALE,ASIAN AND PACIFIC ISLANDER,Wilson,18,49
2013,MALE,ASIAN AND PACIFIC ISLANDER,Jerry,18,49
2013,MALE,ASIAN AND PACIFIC ISLANDER,Wilson,18,49
2013,MALE,ASIAN AND PACIFIC ISLANDER,Harrison,18,49
2013,MALE,ASIAN AND PACIFIC ISLANDER,Harrison,18,49
2013,MALE,ASIAN AND PACIFIC ISLANDER,Abdullah,18,49
2013,MALE,ASIAN AND PACIFIC ISLANDER,Abdullah,18,49
2013,MALE,ASIAN AND PACIFIC ISLANDER,Mohammed,18,49
2013,MALE,ASIAN AND PACIFIC ISLANDER,Ahmed,18,49
2013,MALE,ASIAN AND PACIFIC ISLANDER,Raymond,18,49
2013,MALE,ASIAN AND PACIFIC ISLANDER,Christian,18,49
2013,MALE,ASIAN AND PACIFIC ISLANDER,Christian,18,49
2013,MALE,ASIAN AND PACIFIC ISLANDER,Ahmed,18,49
2013,MALE,ASIAN AND PACIFIC ISLANDER,Jerry,18,49
2013,MALE,ASIAN AND PACIFIC ISLANDER,Mohammed,18,49
2013,MALE,ASIAN AND PACIFIC ISLANDER,Raymond,18,49
2013,MALE,ASIAN AND PACIFIC ISLANDER,Vihaan,17,50
2013,MALE,ASIAN AND PACIFIC ISLANDER,Hayden,17,50
2013,MALE,ASIAN AND PACIFIC ISLANDER,Hayden,17,50
2013,MALE,ASIAN AND PACIFIC ISLANDER,Jackson,17,50
2013,MALE,ASIAN AND PACIFIC ISLANDER,Theodore,17,50
2013,MALE,ASIAN AND PACIFIC ISLANDER,Jackson,17,50
2013,MALE,ASIAN AND PACIFIC ISLANDER,Gabriel,17,50
2013,MALE,ASIAN AND PACIFIC ISLANDER,Theodore,17,50
2013,MALE,ASIAN AND PACIFIC ISLANDER,Aarav,17,50
2013,MALE,ASIAN AND PACIFIC ISLANDER,Gabriel,17,50
2013,MALE,ASIAN AND PACIFIC ISLANDER,Aarav,17,50
2013,MALE,ASIAN AND PACIFIC ISLANDER,Vihaan,17,50
2013,MALE,ASIAN AND PACIFIC ISLANDER,Timothy,17,50
2013,MALE,ASIAN AND PACIFIC ISLANDER,Louis,16,51
2013,MALE,ASIAN AND PACIFIC ISLANDER,Winston,16,51
2013,MALE,ASIAN AND PACIFIC ISLANDER,Ayden,16,51
2013,MALE,ASIAN AND PACIFIC ISLANDER,Stanley,16,51
2013,MALE,ASIAN AND PACIFIC ISLANDER,Ayden,16,51
2013,MALE,ASIAN AND PACIFIC ISLANDER,Jake,16,51
2013,MALE,ASIAN AND PACIFIC ISLANDER,Louis,16,51
2013,MALE,ASIAN AND PACIFIC ISLANDER,Hunter,16,51
2013,MALE,ASIAN AND PACIFIC ISLANDER,Stanley,16,51
2013,MALE,ASIAN AND PACIFIC ISLANDER,Hunter,16,51
2013,MALE,ASIAN AND PACIFIC ISLANDER,Winston,16,51
2013,MALE,ASIAN AND PACIFIC ISLANDER,Jasper,15,52
2013,MALE,ASIAN AND PACIFIC ISLANDER,Jasper,15,52
2013,MALE,ASIAN AND PACIFIC ISLANDER,Roy,15,52
2013,MALE,ASIAN AND PACIFIC ISLANDER,Hudson,15,52
2013,MALE,ASIAN AND PACIFIC ISLANDER,Danny,15,52
2013,MALE,ASIAN AND PACIFIC ISLANDER,Leon,15,52
2013,MALE,ASIAN AND PACIFIC ISLANDER,Tony,15,52
2013,MALE,ASIAN AND PACIFIC ISLANDER,Danny,15,52
2013,MALE,ASIAN AND PACIFIC ISLANDER,Elijah,15,52
2013,MALE,ASIAN AND PACIFIC ISLANDER,Hudson,15,52
2013,MALE,ASIAN AND PACIFIC ISLANDER,Roy,15,52
2013,MALE,ASIAN AND PACIFIC ISLANDER,Leon,15,52
2013,MALE,ASIAN AND PACIFIC ISLANDER,Tony,15,52
2013,MALE,ASIAN AND PACIFIC ISLANDER,Tristan,14,53
2013,MALE,ASIAN AND PACIFIC ISLANDER,Wesley,14,53
2013,MALE,ASIAN AND PACIFIC ISLANDER,Tristan,14,53
2013,MALE,ASIAN AND PACIFIC ISLANDER,Calvin,14,53
2013,MALE,ASIAN AND PACIFIC ISLANDER,Maxwell,14,53
2013,MALE,ASIAN AND PACIFIC ISLANDER,Rohan,14,53
2013,MALE,ASIAN AND PACIFIC ISLANDER,George,14,53
2013,MALE,ASIAN AND PACIFIC ISLANDER,Rohan,14,53
2013,MALE,ASIAN AND PACIFIC ISLANDER,Edward,14,53
2013,MALE,ASIAN AND PACIFIC ISLANDER,Edward,14,53
2013,MALE,ASIAN AND PACIFIC ISLANDER,George,14,53
2013,MALE,ASIAN AND PACIFIC ISLANDER,Edwin,13,54
2013,MALE,ASIAN AND PACIFIC ISLANDER,Aditya,13,54
2013,MALE,ASIAN AND PACIFIC ISLANDER,Aayan,13,54
2013,MALE,ASIAN AND PACIFIC ISLANDER,Shawn,13,54
2013,MALE,ASIAN AND PACIFIC ISLANDER,Ricky,13,54
2013,MALE,ASIAN AND PACIFIC ISLANDER,Victor,13,54
2013,MALE,ASIAN AND PACIFIC ISLANDER,Adyan,13,54
2013,MALE,ASIAN AND PACIFIC ISLANDER,Sebastian,13,54
2013,MALE,ASIAN AND PACIFIC ISLANDER,Aayan,13,54
2013,MALE,ASIAN AND PACIFIC ISLANDER,Gordon,13,54
2013,MALE,ASIAN AND PACIFIC ISLANDER,Ricky,13,54
2013,MALE,ASIAN AND PACIFIC ISLANDER,Shawn,13,54
2013,MALE,ASIAN AND PACIFIC ISLANDER,Aditya,13,54
2013,MALE,ASIAN AND PACIFIC ISLANDER,Adyan,13,54
2013,MALE,ASIAN AND PACIFIC ISLANDER,Victor,13,54
2013,MALE,ASIAN AND PACIFIC ISLANDER,Zain,13,54
2013,MALE,ASIAN AND PACIFIC ISLANDER,Gordon,13,54
2013,MALE,ASIAN AND PACIFIC ISLANDER,Edwin,13,54
2013,MALE,ASIAN AND PACIFIC ISLANDER,Xavier,12,55
2013,MALE,ASIAN AND PACIFIC ISLANDER,Johnny,12,55
2013,MALE,ASIAN AND PACIFIC ISLANDER,Benson,12,55
2013,MALE,ASIAN AND PACIFIC ISLANDER,Brayden,12,55
2013,MALE,ASIAN AND PACIFIC ISLANDER,Benson,12,55
2013,MALE,ASIAN AND PACIFIC ISLANDER,Kimi,12,55
2013,MALE,ASIAN AND PACIFIC ISLANDER,Brayden,12,55
2013,MALE,ASIAN AND PACIFIC ISLANDER,Eddie,12,55
2013,MALE,ASIAN AND PACIFIC ISLANDER,Jimmy,12,55
2013,MALE,ASIAN AND PACIFIC ISLANDER,Kayden,12,55
2013,MALE,ASIAN AND PACIFIC ISLANDER,Xavier,12,55
2013,MALE,ASIAN AND PACIFIC ISLANDER,Thomas,12,55
2013,MALE,ASIAN AND PACIFIC ISLANDER,Jeffrey,12,55
2013,MALE,ASIAN AND PACIFIC ISLANDER,Jimmy,12,55
2013,MALE,ASIAN AND PACIFIC ISLANDER,Johnny,12,55
2013,MALE,ASIAN AND PACIFIC ISLANDER,Kayden,12,55
2013,MALE,ASIAN AND PACIFIC ISLANDER,Kimi,12,55
2013,MALE,ASIAN AND PACIFIC ISLANDER,Thomas,12,55
2013,MALE,ASIAN AND PACIFIC ISLANDER,Jeffrey,12,55
2013,MALE,ASIAN AND PACIFIC ISLANDER,Eddie,12,55
2013,MALE,ASIAN AND PACIFIC ISLANDER,Carter,11,56
2013,MALE,ASIAN AND PACIFIC ISLANDER,Rehan,11,56
2013,MALE,ASIAN AND PACIFIC ISLANDER,Elvis,11,56
2013,MALE,ASIAN AND PACIFIC ISLANDER,Farhan,11,56
2013,MALE,ASIAN AND PACIFIC ISLANDER,Colin,11,56
2013,MALE,ASIAN AND PACIFIC ISLANDER,Harry,11,56
2013,MALE,ASIAN AND PACIFIC ISLANDER,Md,11,56
2013,MALE,ASIAN AND PACIFIC ISLANDER,Chris,11,56
2013,MALE,ASIAN AND PACIFIC ISLANDER,Ahnaf,11,56
2013,MALE,ASIAN AND PACIFIC ISLANDER,Farhan,11,56
2013,MALE,ASIAN AND PACIFIC ISLANDER,Elvis,11,56
2013,MALE,ASIAN AND PACIFIC ISLANDER,Eli,11,56
2013,MALE,ASIAN AND PACIFIC ISLANDER,Eli,11,56
2013,MALE,ASIAN AND PACIFIC ISLANDER,Avery,11,56
2013,MALE,ASIAN AND PACIFIC ISLANDER,Rehan,11,56
2013,MALE,ASIAN AND PACIFIC ISLANDER,Zayan,11,56
2013,MALE,ASIAN AND PACIFIC ISLANDER,Ahnaf,11,56
2013,MALE,ASIAN AND PACIFIC ISLANDER,Md,11,56
2013,MALE,ASIAN AND PACIFIC ISLANDER,Chris,11,56
2013,MALE,ASIAN AND PACIFIC ISLANDER,Carter,11,56
2013,MALE,ASIAN AND PACIFIC ISLANDER,Colin,11,56
2013,MALE,ASIAN AND PACIFIC ISLANDER,Ishaan,11,56
2013,MALE,ASIAN AND PACIFIC ISLANDER,Harry,11,56
2013,MALE,ASIAN AND PACIFIC ISLANDER,Miles,11,56
2013,MALE,ASIAN AND PACIFIC ISLANDER,Avery,11,56
2013,MALE,ASIAN AND PACIFIC ISLANDER,Rayan,10,57
2013,MALE,ASIAN AND PACIFIC ISLANDER,Devin,10,57
2013,MALE,ASIAN AND PACIFIC ISLANDER,Eden,10,57
2013,MALE,ASIAN AND PACIFIC ISLANDER,Martin,10,57
2013,MALE,ASIAN AND PACIFIC ISLANDER,Damon,10,57
2013,MALE,ASIAN AND PACIFIC ISLANDER,Eden,10,57
2013,MALE,ASIAN AND PACIFIC ISLANDER,Brendan,10,57
2013,MALE,ASIAN AND PACIFIC ISLANDER,Damon,10,57
2013,MALE,ASIAN AND PACIFIC ISLANDER,Nolan,10,57
2013,MALE,ASIAN AND PACIFIC ISLANDER,Bowen,10,57
2013,MALE,ASIAN AND PACIFIC ISLANDER,Maximilian,10,57
2013,MALE,ASIAN AND PACIFIC ISLANDER,Carson,10,57
2013,MALE,ASIAN AND PACIFIC ISLANDER,Asher,10,57
2013,MALE,ASIAN AND PACIFIC ISLANDER,Rayan,10,57
2013,MALE,ASIAN AND PACIFIC ISLANDER,Martin,10,57
2013,MALE,ASIAN AND PACIFIC ISLANDER,Carson,10,57
2013,MALE,ASIAN AND PACIFIC ISLANDER,Brendan,10,57
2013,MALE,ASIAN AND PACIFIC ISLANDER,Devin,10,57
2013,MALE,ASIAN AND PACIFIC ISLANDER,Maximilian,10,57
2013,MALE,ASIAN AND PACIFIC ISLANDER,Nolan,10,57
2013,MALE,ASIAN AND PACIFIC ISLANDER,Bowen,10,57
2013,MALE,BLACK NON HISPANIC,Ethan,146,1
2013,MALE,BLACK NON HISPANIC,Jayden,138,2
2013,MALE,BLACK NON HISPANIC,Aiden,133,3
2013,MALE,BLACK NON HISPANIC,Aiden,133,3
2013,MALE,BLACK NON HISPANIC,Noah,133,3
2013,MALE,BLACK NON HISPANIC,Noah,133,3
2013,MALE,BLACK NON HISPANIC,Elijah,132,4
2013,MALE,BLACK NON HISPANIC,Elijah,132,4
2013,MALE,BLACK NON HISPANIC,Joshua,123,5
2013,MALE,BLACK NON HISPANIC,Jeremiah,114,6
2013,MALE,BLACK NON HISPANIC,Jeremiah,114,6
2013,MALE,BLACK NON HISPANIC,Amir,102,7
2013,MALE,BLACK NON HISPANIC,Amir,102,7
2013,MALE,BLACK NON HISPANIC,Mason,101,8
2013,MALE,BLACK NON HISPANIC,Josiah,99,9
2013,MALE,BLACK NON HISPANIC,Josiah,99,9
2013,MALE,BLACK NON HISPANIC,Liam,94,10
2013,MALE,BLACK NON HISPANIC,Tyler,90,11
2013,MALE,BLACK NON HISPANIC,Tyler,90,11
2013,MALE,BLACK NON HISPANIC,Michael,85,12
2013,MALE,BLACK NON HISPANIC,Michael,85,12
2013,MALE,BLACK NON HISPANIC,Christian,79,13
2013,MALE,BLACK NON HISPANIC,Christian,79,13
2013,MALE,BLACK NON HISPANIC,Jacob,74,14
2013,MALE,BLACK NON HISPANIC,Jacob,74,14
2013,MALE,BLACK NON HISPANIC,Justin,72,15
2013,MALE,BLACK NON HISPANIC,Justin,72,15
2013,MALE,BLACK NON HISPANIC,Isaiah,69,16
2013,MALE,BLACK NON HISPANIC,Isaiah,69,16
2013,MALE,BLACK NON HISPANIC,Carter,61,17
2013,MALE,BLACK NON HISPANIC,Carter,61,17
2013,MALE,BLACK NON HISPANIC,Kaiden,60,18
2013,MALE,BLACK NON HISPANIC,Daniel,60,18
2013,MALE,BLACK NON HISPANIC,Kaiden,60,18
2013,MALE,BLACK NON HISPANIC,King,58,19
2013,MALE,BLACK NON HISPANIC,King,58,19
2013,MALE,BLACK NON HISPANIC,Caleb,57,20
2013,MALE,BLACK NON HISPANIC,Caleb,57,20
2013,MALE,BLACK NON HISPANIC,Matthew,56,21
2013,MALE,BLACK NON HISPANIC,Matthew,56,21
2013,MALE,BLACK NON HISPANIC,Christopher,55,22
2013,MALE,BLACK NON HISPANIC,Christopher,55,22
2013,MALE,BLACK NON HISPANIC,Chase,54,23
2013,MALE,BLACK NON HISPANIC,Chase,54,23
2013,MALE,BLACK NON HISPANIC,Tristan,54,23
2013,MALE,BLACK NON HISPANIC,Ryan,54,23
2013,MALE,BLACK NON HISPANIC,Ryan,54,23
2013,MALE,BLACK NON HISPANIC,Zion,53,24
2013,MALE,BLACK NON HISPANIC,Nathan,53,24
2013,MALE,BLACK NON HISPANIC,Xavier,53,24
2013,MALE,BLACK NON HISPANIC,Zion,53,24
2013,MALE,BLACK NON HISPANIC,Xavier,53,24
2013,MALE,BLACK NON HISPANIC,Nathan,53,24
2013,MALE,BLACK NON HISPANIC,Kayden,52,25
2013,MALE,BLACK NON HISPANIC,Logan,52,25
2013,MALE,BLACK NON HISPANIC,Logan,52,25
2013,MALE,BLACK NON HISPANIC,David,51,26
2013,MALE,BLACK NON HISPANIC,David,51,26
2013,MALE,BLACK NON HISPANIC,Ayden,49,27
2013,MALE,BLACK NON HISPANIC,Ayden,49,27
2013,MALE,BLACK NON HISPANIC,Cameron,49,27
2013,MALE,BLACK NON HISPANIC,Cameron,49,27
2013,MALE,BLACK NON HISPANIC,Anthony,48,28
2013,MALE,BLACK NON HISPANIC,Samuel,48,28
2013,MALE,BLACK NON HISPANIC,Anthony,48,28
2013,MALE,BLACK NON HISPANIC,Samuel,48,28
2013,MALE,BLACK NON HISPANIC,Jordan,46,29
2013,MALE,BLACK NON HISPANIC,Dylan,46,29
2013,MALE,BLACK NON HISPANIC,Dylan,46,29
2013,MALE,BLACK NON HISPANIC,Jordan,46,29
2013,MALE,BLACK NON HISPANIC,Nathaniel,45,30
2013,MALE,BLACK NON HISPANIC,Nathaniel,45,30
2013,MALE,BLACK NON HISPANIC,Jaden,44,31
2013,MALE,BLACK NON HISPANIC,Messiah,43,32
2013,MALE,BLACK NON HISPANIC,Gabriel,43,32
2013,MALE,BLACK NON HISPANIC,Prince,43,32
2013,MALE,BLACK NON HISPANIC,Messiah,43,32
2013,MALE,BLACK NON HISPANIC,Gabriel,43,32
2013,MALE,BLACK NON HISPANIC,Prince,43,32
2013,MALE,BLACK NON HISPANIC,Emmanuel,42,33
2013,MALE,BLACK NON HISPANIC,Emmanuel,42,33
2013,MALE,BLACK NON HISPANIC,Brandon,42,33
2013,MALE,BLACK NON HISPANIC,Malachi,41,34
2013,MALE,BLACK NON HISPANIC,Malachi,41,34
2013,MALE,BLACK NON HISPANIC,Joseph,40,35
2013,MALE,BLACK NON HISPANIC,Joseph,40,35
2013,MALE,BLACK NON HISPANIC,Mohamed,39,36
2013,MALE,BLACK NON HISPANIC,Jonathan,39,36
2013,MALE,BLACK NON HISPANIC,Jonathan,39,36
2013,MALE,BLACK NON HISPANIC,Mohamed,39,36
2013,MALE,BLACK NON HISPANIC,William,36,37
2013,MALE,BLACK NON HISPANIC,Aaron,36,37
2013,MALE,BLACK NON HISPANIC,William,36,37
2013,MALE,BLACK NON HISPANIC,Aaron,36,37
2013,MALE,BLACK NON HISPANIC,Kevin,35,38
2013,MALE,BLACK NON HISPANIC,Kevin,35,38
2013,MALE,BLACK NON HISPANIC,Jason,35,38
2013,MALE,BLACK NON HISPANIC,Jace,35,38
2013,MALE,BLACK NON HISPANIC,Jace,35,38
2013,MALE,BLACK NON HISPANIC,Bryce,34,39
2013,MALE,BLACK NON HISPANIC,Alexander,34,39
2013,MALE,BLACK NON HISPANIC,Ibrahim,34,39
2013,MALE,BLACK NON HISPANIC,Ibrahim,34,39
2013,MALE,BLACK NON HISPANIC,Alexander,34,39
2013,MALE,BLACK NON HISPANIC,Micah,33,40
2013,MALE,BLACK NON HISPANIC,Amari,33,40
2013,MALE,BLACK NON HISPANIC,Amari,33,40
2013,MALE,BLACK NON HISPANIC,Micah,33,40
2013,MALE,BLACK NON HISPANIC,James,32,41
2013,MALE,BLACK NON HISPANIC,Mamadou,31,42
2013,MALE,BLACK NON HISPANIC,Benjamin,31,42
2013,MALE,BLACK NON HISPANIC,Aidan,31,42
2013,MALE,BLACK NON HISPANIC,Mamadou,31,42
2013,MALE,BLACK NON HISPANIC,Benjamin,31,42
2013,MALE,BLACK NON HISPANIC,Nicholas,30,43
2013,MALE,BLACK NON HISPANIC,Austin,28,44
2013,MALE,BLACK NON HISPANIC,Kaden,28,44
2013,MALE,BLACK NON HISPANIC,Kaden,28,44
2013,MALE,BLACK NON HISPANIC,Aden,27,45
2013,MALE,BLACK NON HISPANIC,Isaac,27,45
2013,MALE,BLACK NON HISPANIC,Zaire,27,45
2013,MALE,BLACK NON HISPANIC,Aden,27,45
2013,MALE,BLACK NON HISPANIC,Nasir,27,45
2013,MALE,BLACK NON HISPANIC,Zaire,27,45
2013,MALE,BLACK NON HISPANIC,Isaac,27,45
2013,MALE,BLACK NON HISPANIC,Julian,27,45
2013,MALE,BLACK NON HISPANIC,Nasir,27,45
2013,MALE,BLACK NON HISPANIC,Eli,26,46
2013,MALE,BLACK NON HISPANIC,Eli,26,46
2013,MALE,BLACK NON HISPANIC,Blake,25,47
2013,MALE,BLACK NON HISPANIC,Jaylen,25,47
2013,MALE,BLACK NON HISPANIC,Jaylen,25,47
2013,MALE,BLACK NON HISPANIC,Giovanni,24,48
2013,MALE,BLACK NON HISPANIC,Giovanni,24,48
2013,MALE,BLACK NON HISPANIC,Cayden,23,49
2013,MALE,BLACK NON HISPANIC,Chance,23,49
2013,MALE,BLACK NON HISPANIC,Cayden,23,49
2013,MALE,BLACK NON HISPANIC,Lucas,23,49
2013,MALE,BLACK NON HISPANIC,Chance,23,49
2013,MALE,BLACK NON HISPANIC,Zachary,23,49
2013,MALE,BLACK NON HISPANIC,Zachary,23,49
2013,MALE,BLACK NON HISPANIC,Lucas,23,49
2013,MALE,BLACK NON HISPANIC,Andrew,23,49
2013,MALE,BLACK NON HISPANIC,Malik,23,49
2013,MALE,BLACK NON HISPANIC,Ashton,23,49
2013,MALE,BLACK NON HISPANIC,Andrew,23,49
2013,MALE,BLACK NON HISPANIC,Malik,23,49
2013,MALE,BLACK NON HISPANIC,Ashton,23,49
2013,MALE,BLACK NON HISPANIC,Justice,22,50
2013,MALE,BLACK NON HISPANIC,Ian,22,50
2013,MALE,BLACK NON HISPANIC,Justice,22,50
2013,MALE,BLACK NON HISPANIC,Preston,22,50
2013,MALE,BLACK NON HISPANIC,Preston,22,50
2013,MALE,BLACK NON HISPANIC,Ian,22,50
2013,MALE,BLACK NON HISPANIC,Evan,21,51
2013,MALE,BLACK NON HISPANIC,Kyrie,21,51
2013,MALE,BLACK NON HISPANIC,Sebastian,21,51
2013,MALE,BLACK NON HISPANIC,Kyrie,21,51
2013,MALE,BLACK NON HISPANIC,Evan,21,51
2013,MALE,BLACK NON HISPANIC,Sebastian,21,51
2013,MALE,BLACK NON HISPANIC,Kai,20,52
2013,MALE,BLACK NON HISPANIC,Joel,20,52
2013,MALE,BLACK NON HISPANIC,Joel,20,52
2013,MALE,BLACK NON HISPANIC,Hunter,20,52
2013,MALE,BLACK NON HISPANIC,Kyle,20,52
2013,MALE,BLACK NON HISPANIC,Hunter,20,52
2013,MALE,BLACK NON HISPANIC,Charles,20,52
2013,MALE,BLACK NON HISPANIC,Charles,20,52
2013,MALE,BLACK NON HISPANIC,Kai,20,52
2013,MALE,BLACK NON HISPANIC,Kyle,20,52
2013,MALE,BLACK NON HISPANIC,Avery,19,53
2013,MALE,BLACK NON HISPANIC,Moussa,19,53
2013,MALE,BLACK NON HISPANIC,Jaiden,19,53
2013,MALE,BLACK NON HISPANIC,Levi,19,53
2013,MALE,BLACK NON HISPANIC,Avery,19,53
2013,MALE,BLACK NON HISPANIC,Omar,19,53
2013,MALE,BLACK NON HISPANIC,Omar,19,53
2013,MALE,BLACK NON HISPANIC,Jaiden,19,53
2013,MALE,BLACK NON HISPANIC,Richard,19,53
2013,MALE,BLACK NON HISPANIC,Richard,19,53
2013,MALE,BLACK NON HISPANIC,Moussa,19,53
2013,MALE,BLACK NON HISPANIC,Levi,19,53
2013,MALE,BLACK NON HISPANIC,Adam,18,54
2013,MALE,BLACK NON HISPANIC,Oumar,18,54
2013,MALE,BLACK NON HISPANIC,Adam,18,54
2013,MALE,BLACK NON HISPANIC,Abdoulaye,18,54
2013,MALE,BLACK NON HISPANIC,Robert,18,54
2013,MALE,BLACK NON HISPANIC,Dominic,18,54
2013,MALE,BLACK NON HISPANIC,Robert,18,54
2013,MALE,BLACK NON HISPANIC,Dominic,18,54
2013,MALE,BLACK NON HISPANIC,Caiden,18,54
2013,MALE,BLACK NON HISPANIC,Abdoulaye,18,54
2013,MALE,BLACK NON HISPANIC,Marcus,18,54
2013,MALE,BLACK NON HISPANIC,Jayceon,18,54
2013,MALE,BLACK NON HISPANIC,Jayceon,18,54
2013,MALE,BLACK NON HISPANIC,Marcus,18,54
2013,MALE,BLACK NON HISPANIC,Caiden,18,54
2013,MALE,BLACK NON HISPANIC,Karter,17,55
2013,MALE,BLACK NON HISPANIC,Mekhi,17,55
2013,MALE,BLACK NON HISPANIC,Mekhi,17,55
2013,MALE,BLACK NON HISPANIC,Sincere,17,55
2013,MALE,BLACK NON HISPANIC,Israel,17,55
2013,MALE,BLACK NON HISPANIC,Eric,17,55
2013,MALE,BLACK NON HISPANIC,Connor,17,55
2013,MALE,BLACK NON HISPANIC,Adrian,17,55
2013,MALE,BLACK NON HISPANIC,Sincere,17,55
2013,MALE,BLACK NON HISPANIC,Israel,17,55
2013,MALE,BLACK NON HISPANIC,Adrian,17,55
2013,MALE,BLACK NON HISPANIC,Eric,17,55
2013,MALE,BLACK NON HISPANIC,Karter,17,55
2013,MALE,BLACK NON HISPANIC,Alex,16,56
2013,MALE,BLACK NON HISPANIC,Peyton,16,56
2013,MALE,BLACK NON HISPANIC,Noel,16,56
2013,MALE,BLACK NON HISPANIC,Amadou,16,56
2013,MALE,BLACK NON HISPANIC,Shane,16,56
2013,MALE,BLACK NON HISPANIC,Ibrahima,16,56
2013,MALE,BLACK NON HISPANIC,Hayden,16,56
2013,MALE,BLACK NON HISPANIC,Noel,16,56
2013,MALE,BLACK NON HISPANIC,John,16,56
2013,MALE,BLACK NON HISPANIC,Alex,16,56
2013,MALE,BLACK NON HISPANIC,Amadou,16,56
2013,MALE,BLACK NON HISPANIC,Jeremy,16,56
2013,MALE,BLACK NON HISPANIC,Ibrahima,16,56
2013,MALE,BLACK NON HISPANIC,Kaleb,16,56
2013,MALE,BLACK NON HISPANIC,Peyton,16,56
2013,MALE,BLACK NON HISPANIC,John,16,56
2013,MALE,BLACK NON HISPANIC,Shane,16,56
2013,MALE,BLACK NON HISPANIC,Jeremy,16,56
2013,MALE,BLACK NON HISPANIC,Riley,15,57
2013,MALE,BLACK NON HISPANIC,Amare,15,57
2013,MALE,BLACK NON HISPANIC,Andre,15,57
2013,MALE,BLACK NON HISPANIC,Kareem,15,57
2013,MALE,BLACK NON HISPANIC,Jasiah,15,57
2013,MALE,BLACK NON HISPANIC,Amare,15,57
2013,MALE,BLACK NON HISPANIC,Jasiah,15,57
2013,MALE,BLACK NON HISPANIC,Shawn,14,58
2013,MALE,BLACK NON HISPANIC,Luke,14,58
2013,MALE,BLACK NON HISPANIC,Jalen,14,58
2013,MALE,BLACK NON HISPANIC,Muhammad,14,58
2013,MALE,BLACK NON HISPANIC,Shawn,14,58
2013,MALE,BLACK NON HISPANIC,Luke,14,58
2013,MALE,BLACK NON HISPANIC,Muhammad,14,58
2013,MALE,BLACK NON HISPANIC,Paul,14,58
2013,MALE,BLACK NON HISPANIC,Jalen,14,58
2013,MALE,BLACK NON HISPANIC,Jayce,13,59
2013,MALE,BLACK NON HISPANIC,Travis,13,59
2013,MALE,BLACK NON HISPANIC,Nolan,13,59
2013,MALE,BLACK NON HISPANIC,Leon,13,59
2013,MALE,BLACK NON HISPANIC,Bradley,13,59
2013,MALE,BLACK NON HISPANIC,Boubacar,13,59
2013,MALE,BLACK NON HISPANIC,Bradley,13,59
2013,MALE,BLACK NON HISPANIC,Boubacar,13,59
2013,MALE,BLACK NON HISPANIC,Zayden,13,59
2013,MALE,BLACK NON HISPANIC,Leon,13,59
2013,MALE,BLACK NON HISPANIC,Gavin,13,59
2013,MALE,BLACK NON HISPANIC,Travis,13,59
2013,MALE,BLACK NON HISPANIC,Jayce,13,59
2013,MALE,BLACK NON HISPANIC,Gavin,13,59
2013,MALE,BLACK NON HISPANIC,Bryson,13,59
2013,MALE,BLACK NON HISPANIC,Antonio,13,59
2013,MALE,BLACK NON HISPANIC,Ousmane,13,59
2013,MALE,BLACK NON HISPANIC,Zayden,13,59
2013,MALE,BLACK NON HISPANIC,Bryson,13,59
2013,MALE,BLACK NON HISPANIC,Nolan,13,59
2013,MALE,BLACK NON HISPANIC,Malcolm,13,59
2013,MALE,BLACK NON HISPANIC,Ousmane,13,59
2013,MALE,BLACK NON HISPANIC,Malcolm,13,59
2013,MALE,BLACK NON HISPANIC,Darius,12,60
2013,MALE,BLACK NON HISPANIC,Darius,12,60
2013,MALE,BLACK NON HISPANIC,Kamari,12,60
2013,MALE,BLACK NON HISPANIC,Sean,12,60
2013,MALE,BLACK NON HISPANIC,Sean,12,60
2013,MALE,BLACK NON HISPANIC,Corey,12,60
2013,MALE,BLACK NON HISPANIC,Stephen,12,60
2013,MALE,BLACK NON HISPANIC,Cairo,12,60
2013,MALE,BLACK NON HISPANIC,Devin,12,60
2013,MALE,BLACK NON HISPANIC,Amar'e,12,60
2013,MALE,BLACK NON HISPANIC,Devin,12,60
2013,MALE,BLACK NON HISPANIC,Corey,12,60
2013,MALE,BLACK NON HISPANIC,Chris,12,60
2013,MALE,BLACK NON HISPANIC,Amar'e,12,60
2013,MALE,BLACK NON HISPANIC,Kamari,12,60
2013,MALE,BLACK NON HISPANIC,Chris,12,60
2013,MALE,BLACK NON HISPANIC,Stephen,12,60
2013,MALE,BLACK NON HISPANIC,Jamal,12,60
2013,MALE,BLACK NON HISPANIC,Jamal,12,60
2013,MALE,BLACK NON HISPANIC,Cairo,12,60
2013,MALE,BLACK NON HISPANIC,Isiah,11,61
2013,MALE,BLACK NON HISPANIC,Camden,11,61
2013,MALE,BLACK NON HISPANIC,Camden,11,61
2013,MALE,BLACK NON HISPANIC,Adonis,11,61
2013,MALE,BLACK NON HISPANIC,Adonis,11,61
2013,MALE,BLACK NON HISPANIC,Alpha,11,61
2013,MALE,BLACK NON HISPANIC,Camren,11,61
2013,MALE,BLACK NON HISPANIC,Maxwell,11,61
2013,MALE,BLACK NON HISPANIC,Isiah,11,61
2013,MALE,BLACK NON HISPANIC,Myles,11,61
2013,MALE,BLACK NON HISPANIC,Ismael,11,61
2013,MALE,BLACK NON HISPANIC,Ismael,11,61
2013,MALE,BLACK NON HISPANIC,Kenneth,11,61
2013,MALE,BLACK NON HISPANIC,Kenneth,11,61
2013,MALE,BLACK NON HISPANIC,Jamel,11,61
2013,MALE,BLACK NON HISPANIC,Maxwell,11,61
2013,MALE,BLACK NON HISPANIC,Nehemiah,11,61
2013,MALE,BLACK NON HISPANIC,Samir,11,61
2013,MALE,BLACK NON HISPANIC,Alpha,11,61
2013,MALE,BLACK NON HISPANIC,Camren,11,61
2013,MALE,BLACK NON HISPANIC,Taylor,11,61
2013,MALE,BLACK NON HISPANIC,Myles,11,61
2013,MALE,BLACK NON HISPANIC,Samir,11,61
2013,MALE,BLACK NON HISPANIC,Taylor,11,61
2013,MALE,BLACK NON HISPANIC,Dominick,10,62
2013,MALE,BLACK NON HISPANIC,Kameron,10,62
2013,MALE,BLACK NON HISPANIC,Owen,10,62
2013,MALE,BLACK NON HISPANIC,Brian,10,62
2013,MALE,BLACK NON HISPANIC,Jamari,10,62
2013,MALE,BLACK NON HISPANIC,Zachariah,10,62
2013,MALE,BLACK NON HISPANIC,Brian,10,62
2013,MALE,BLACK NON HISPANIC,Skyler,10,62
2013,MALE,BLACK NON HISPANIC,Timothy,10,62
2013,MALE,BLACK NON HISPANIC,Musa,10,62
2013,MALE,BLACK NON HISPANIC,Skyler,10,62
2013,MALE,BLACK NON HISPANIC,Jaylin,10,62
2013,MALE,BLACK NON HISPANIC,Nazir,10,62
2013,MALE,BLACK NON HISPANIC,Patrick,10,62
2013,MALE,BLACK NON HISPANIC,Owen,10,62
2013,MALE,BLACK NON HISPANIC,Jaylin,10,62
2013,MALE,BLACK NON HISPANIC,Major,10,62
2013,MALE,BLACK NON HISPANIC,Jamari,10,62
2013,MALE,BLACK NON HISPANIC,Nazir,10,62
2013,MALE,BLACK NON HISPANIC,Abraham,10,62
2013,MALE,BLACK NON HISPANIC,Zachariah,10,62
2013,MALE,BLACK NON HISPANIC,Patrick,10,62
2013,MALE,BLACK NON HISPANIC,Musa,10,62
2013,MALE,BLACK NON HISPANIC,Mouhamed,10,62
2013,MALE,BLACK NON HISPANIC,Mouhamed,10,62
2013,MALE,BLACK NON HISPANIC,Gregory,10,62
2013,MALE,BLACK NON HISPANIC,Abraham,10,62
2013,MALE,BLACK NON HISPANIC,Derrick,10,62
2013,MALE,BLACK NON HISPANIC,Gregory,10,62
2013,MALE,BLACK NON HISPANIC,Kameron,10,62
2013,MALE,BLACK NON HISPANIC,Major,10,62
2013,MALE,BLACK NON HISPANIC,Timothy,10,62
2013,MALE,BLACK NON HISPANIC,Derrick,10,62
2013,MALE,BLACK NON HISPANIC,Dominick,10,62
2013,MALE,HISPANIC,Jayden,352,1
2013,MALE,HISPANIC,Jacob,297,2
2013,MALE,HISPANIC,Dylan,270,3
2013,MALE,HISPANIC,Dylan,270,3
2013,MALE,HISPANIC,Matthew,253,4
2013,MALE,HISPANIC,Ethan,252,5
2013,MALE,HISPANIC,Ethan,252,5
2013,MALE,HISPANIC,Daniel,226,6
2013,MALE,HISPANIC,Alexander,225,7
2013,MALE,HISPANIC,Angel,218,8
2013,MALE,HISPANIC,Angel,218,8
2013,MALE,HISPANIC,Noah,217,9
2013,MALE,HISPANIC,Mason,199,10
2013,MALE,HISPANIC,Mason,199,10
2013,MALE,HISPANIC,Liam,192,11
2013,MALE,HISPANIC,David,186,12
2013,MALE,HISPANIC,David,186,12
2013,MALE,HISPANIC,Sebastian,185,13
2013,MALE,HISPANIC,Anthony,185,13
2013,MALE,HISPANIC,Sebastian,185,13
2013,MALE,HISPANIC,Anthony,185,13
2013,MALE,HISPANIC,Aiden,182,14
2013,MALE,HISPANIC,Aiden,182,14
2013,MALE,HISPANIC,Justin,171,15
2013,MALE,HISPANIC,Christopher,171,15
2013,MALE,HISPANIC,Lucas,156,16
2013,MALE,HISPANIC,Lucas,156,16
2013,MALE,HISPANIC,Michael,156,16
2013,MALE,HISPANIC,Joshua,145,17
2013,MALE,HISPANIC,Kevin,139,18
2013,MALE,HISPANIC,Kevin,139,18
2013,MALE,HISPANIC,Joseph,138,19
2013,MALE,HISPANIC,Joseph,138,19
2013,MALE,HISPANIC,Adrian,135,20
2013,MALE,HISPANIC,Adrian,135,20
2013,MALE,HISPANIC,Gabriel,133,21
2013,MALE,HISPANIC,Gabriel,133,21
2013,MALE,HISPANIC,Brandon,128,22
2013,MALE,HISPANIC,Jonathan,126,23
2013,MALE,HISPANIC,Jonathan,126,23
2013,MALE,HISPANIC,Jeremy,124,24
2013,MALE,HISPANIC,Jeremy,124,24
2013,MALE,HISPANIC,Jose,124,24
2013,MALE,HISPANIC,Jose,124,24
2013,MALE,HISPANIC,Aaron,122,25
2013,MALE,HISPANIC,Aaron,122,25
2013,MALE,HISPANIC,Ryan,114,26
2013,MALE,HISPANIC,Luis,111,27
2013,MALE,HISPANIC,Christian,106,28
2013,MALE,HISPANIC,Christian,106,28
2013,MALE,HISPANIC,Elijah,105,29
2013,MALE,HISPANIC,Julian,103,30
2013,MALE,HISPANIC,Julian,103,30
2013,MALE,HISPANIC,Nicholas,98,31
2013,MALE,HISPANIC,Nicholas,98,31
2013,MALE,HISPANIC,Jeremiah,94,32
2013,MALE,HISPANIC,Jeremiah,94,32
2013,MALE,HISPANIC,Joel,92,33
2013,MALE,HISPANIC,Joel,92,33
2013,MALE,HISPANIC,Ian,91,34
2013,MALE,HISPANIC,Ian,91,34
2013,MALE,HISPANIC,Isaac,87,35
2013,MALE,HISPANIC,Isaac,87,35
2013,MALE,HISPANIC,Miguel,85,36
2013,MALE,HISPANIC,Miguel,85,36
2013,MALE,HISPANIC,Carlos,83,37
2013,MALE,HISPANIC,Carlos,83,37
2013,MALE,HISPANIC,Logan,80,38
2013,MALE,HISPANIC,Logan,80,38
2013,MALE,HISPANIC,James,79,39
2013,MALE,HISPANIC,James,79,39
2013,MALE,HISPANIC,Bryan,78,40
2013,MALE,HISPANIC,Andrew,78,40
2013,MALE,HISPANIC,Andrew,78,40
2013,MALE,HISPANIC,Bryan,78,40
2013,MALE,HISPANIC,Steven,75,41
2013,MALE,HISPANIC,Steven,75,41
2013,MALE,HISPANIC,Xavier,74,42
2013,MALE,HISPANIC,Xavier,74,42
2013,MALE,HISPANIC,Ayden,73,43
2013,MALE,HISPANIC,Ayden,73,43
2013,MALE,HISPANIC,Elias,72,44
2013,MALE,HISPANIC,Elias,72,44
2013,MALE,HISPANIC,Alejandro,71,45
2013,MALE,HISPANIC,Jason,71,45
2013,MALE,HISPANIC,Jason,71,45
2013,MALE,HISPANIC,Alejandro,71,45
2013,MALE,HISPANIC,Nathan,70,46
2013,MALE,HISPANIC,Juan,68,47
2013,MALE,HISPANIC,Juan,68,47
2013,MALE,HISPANIC,William,66,48
2013,MALE,HISPANIC,William,66,48
2013,MALE,HISPANIC,Samuel,66,48
2013,MALE,HISPANIC,Samuel,66,48
2013,MALE,HISPANIC,Josiah,64,49
2013,MALE,HISPANIC,Jesus,64,49
2013,MALE,HISPANIC,Josiah,64,49
2013,MALE,HISPANIC,Jesus,64,49
2013,MALE,HISPANIC,Nicolas,63,50
2013,MALE,HISPANIC,Alan,63,50
2013,MALE,HISPANIC,Nicolas,63,50
2013,MALE,HISPANIC,Isaiah,63,50
2013,MALE,HISPANIC,Alan,63,50
2013,MALE,HISPANIC,Isaiah,63,50
2013,MALE,HISPANIC,John,62,51
2013,MALE,HISPANIC,John,62,51
2013,MALE,HISPANIC,Gael,61,52
2013,MALE,HISPANIC,Gael,61,52
2013,MALE,HISPANIC,Benjamin,61,52
2013,MALE,HISPANIC,Benjamin,61,52
2013,MALE,HISPANIC,Jaden,61,52
2013,MALE,HISPANIC,Jordan,61,52
2013,MALE,HISPANIC,Evan,61,52
2013,MALE,HISPANIC,Jordan,61,52
2013,MALE,HISPANIC,Jaden,61,52
2013,MALE,HISPANIC,Evan,61,52
2013,MALE,HISPANIC,Erick,60,53
2013,MALE,HISPANIC,Erick,60,53
2013,MALE,HISPANIC,Mateo,59,54
2013,MALE,HISPANIC,Mateo,59,54
2013,MALE,HISPANIC,Axel,55,55
2013,MALE,HISPANIC,Axel,55,55
2013,MALE,HISPANIC,Adam,53,56
2013,MALE,HISPANIC,Adam,53,56
2013,MALE,HISPANIC,Emmanuel,53,56
2013,MALE,HISPANIC,Emmanuel,53,56
2013,MALE,HISPANIC,Alex,52,57
2013,MALE,HISPANIC,Alex,52,57
2013,MALE,HISPANIC,Leonardo,51,58
2013,MALE,HISPANIC,Edward,51,58
2013,MALE,HISPANIC,Diego,51,58
2013,MALE,HISPANIC,Leonardo,51,58
2013,MALE,HISPANIC,Diego,51,58
2013,MALE,HISPANIC,Nathaniel,51,58
2013,MALE,HISPANIC,Edward,51,58
2013,MALE,HISPANIC,Nathaniel,51,58
2013,MALE,HISPANIC,Jace,49,59
2013,MALE,HISPANIC,Jace,49,59
2013,MALE,HISPANIC,Victor,48,60
2013,MALE,HISPANIC,Victor,48,60
2013,MALE,HISPANIC,Cristian,47,61
2013,MALE,HISPANIC,Derek,47,61
2013,MALE,HISPANIC,Derek,47,61
2013,MALE,HISPANIC,Cristian,47,61
2013,MALE,HISPANIC,Damian,47,61
2013,MALE,HISPANIC,Damian,47,61
2013,MALE,HISPANIC,Robert,46,62
2013,MALE,HISPANIC,Robert,46,62
2013,MALE,HISPANIC,Eli,46,62
2013,MALE,HISPANIC,Eli,46,62
2013,MALE,HISPANIC,Caleb,45,63
2013,MALE,HISPANIC,Caleb,45,63
2013,MALE,HISPANIC,Santiago,44,64
2013,MALE,HISPANIC,Kayden,44,64
2013,MALE,HISPANIC,Santiago,44,64
2013,MALE,HISPANIC,Ivan,44,64
2013,MALE,HISPANIC,Kayden,44,64
2013,MALE,HISPANIC,Alexis,42,65
2013,MALE,HISPANIC,Jorge,39,66
2013,MALE,HISPANIC,Eric,39,66
2013,MALE,HISPANIC,Tyler,39,66
2013,MALE,HISPANIC,Eric,39,66
2013,MALE,HISPANIC,Jorge,39,66
2013,MALE,HISPANIC,Tyler,39,66
2013,MALE,HISPANIC,Giovanni,38,67
2013,MALE,HISPANIC,Giovanni,38,67
2013,MALE,HISPANIC,Austin,38,67
2013,MALE,HISPANIC,Jadiel,38,67
2013,MALE,HISPANIC,Jadiel,38,67
2013,MALE,HISPANIC,Thiago,38,67
2013,MALE,HISPANIC,Brian,38,67
2013,MALE,HISPANIC,Thiago,38,67
2013,MALE,HISPANIC,Austin,38,67
2013,MALE,HISPANIC,Brian,38,67
2013,MALE,HISPANIC,Oscar,37,68
2013,MALE,HISPANIC,Oscar,37,68
2013,MALE,HISPANIC,Fernando,37,68
2013,MALE,HISPANIC,Fernando,37,68
2013,MALE,HISPANIC,Iker,36,69
2013,MALE,HISPANIC,Edwin,36,69
2013,MALE,HISPANIC,Edwin,36,69
2013,MALE,HISPANIC,Jake,36,69
2013,MALE,HISPANIC,Randy,36,69
2013,MALE,HISPANIC,Javier,36,69
2013,MALE,HISPANIC,Iker,36,69
2013,MALE,HISPANIC,Anderson,36,69
2013,MALE,HISPANIC,Javier,36,69
2013,MALE,HISPANIC,Anderson,36,69
2013,MALE,HISPANIC,Randy,36,69
2013,MALE,HISPANIC,Jake,36,69
2013,MALE,HISPANIC,Max,35,70
2013,MALE,HISPANIC,Max,35,70
2013,MALE,HISPANIC,Josue,35,70
2013,MALE,HISPANIC,Josue,35,70
2013,MALE,HISPANIC,Henry,34,71
2013,MALE,HISPANIC,Dominic,34,71
2013,MALE,HISPANIC,Henry,34,71
2013,MALE,HISPANIC,Dominic,34,71
2013,MALE,HISPANIC,Rafael,33,72
2013,MALE,HISPANIC,Kaiden,33,72
2013,MALE,HISPANIC,Rafael,33,72
2013,MALE,HISPANIC,Kaiden,33,72
2013,MALE,HISPANIC,Johan,32,73
2013,MALE,HISPANIC,Aidan,32,73
2013,MALE,HISPANIC,Manuel,32,73
2013,MALE,HISPANIC,Johan,32,73
2013,MALE,HISPANIC,Jack,32,73
2013,MALE,HISPANIC,Jack,32,73
2013,MALE,HISPANIC,Aidan,32,73
2013,MALE,HISPANIC,Jeffrey,31,74
2013,MALE,HISPANIC,Jeffrey,31,74
2013,MALE,HISPANIC,Andy,31,74
2013,MALE,HISPANIC,Andy,31,74
2013,MALE,HISPANIC,Francisco,30,75
2013,MALE,HISPANIC,Francisco,30,75
2013,MALE,HISPANIC,Cesar,29,76
2013,MALE,HISPANIC,Dariel,29,76
2013,MALE,HISPANIC,Andres,29,76
2013,MALE,HISPANIC,Cesar,29,76
2013,MALE,HISPANIC,Antonio,29,76
2013,MALE,HISPANIC,Andres,29,76
2013,MALE,HISPANIC,Kenneth,29,76
2013,MALE,HISPANIC,Dariel,29,76
2013,MALE,HISPANIC,Antonio,29,76
2013,MALE,HISPANIC,Omar,28,77
2013,MALE,HISPANIC,Omar,28,77
2013,MALE,HISPANIC,Noel,27,78
2013,MALE,HISPANIC,Gavin,27,78
2013,MALE,HISPANIC,Gavin,27,78
2013,MALE,HISPANIC,Noel,27,78
2013,MALE,HISPANIC,Marco,26,79
2013,MALE,HISPANIC,Abel,26,79
2013,MALE,HISPANIC,Adriel,26,79
2013,MALE,HISPANIC,Abel,26,79
2013,MALE,HISPANIC,Adriel,26,79
2013,MALE,HISPANIC,Marco,26,79
2013,MALE,HISPANIC,Zachary,25,80
2013,MALE,HISPANIC,Hector,25,80
2013,MALE,HISPANIC,Julius,25,80
2013,MALE,HISPANIC,Ismael,25,80
2013,MALE,HISPANIC,Hector,25,80
2013,MALE,HISPANIC,Ismael,25,80
2013,MALE,HISPANIC,Jared,25,80
2013,MALE,HISPANIC,Zachary,25,80
2013,MALE,HISPANIC,Julius,25,80
2013,MALE,HISPANIC,Jared,25,80
2013,MALE,HISPANIC,Jariel,25,80
2013,MALE,HISPANIC,Jariel,25,80
2013,MALE,HISPANIC,Amir,24,81
2013,MALE,HISPANIC,Pedro,24,81
2013,MALE,HISPANIC,Amir,24,81
2013,MALE,HISPANIC,Oliver,24,81
2013,MALE,HISPANIC,Devin,24,81
2013,MALE,HISPANIC,Devin,24,81
2013,MALE,HISPANIC,Pedro,24,81
2013,MALE,HISPANIC,Oliver,24,81
2013,MALE,HISPANIC,Jael,23,82
2013,MALE,HISPANIC,Abraham,23,82
2013,MALE,HISPANIC,Jael,23,82
2013,MALE,HISPANIC,Jayce,23,82
2013,MALE,HISPANIC,Jayce,23,82
2013,MALE,HISPANIC,Julio,23,82
2013,MALE,HISPANIC,Julio,23,82
2013,MALE,HISPANIC,Raul,22,83
2013,MALE,HISPANIC,Vincent,22,83
2013,MALE,HISPANIC,Brayan,22,83
2013,MALE,HISPANIC,Raul,22,83
2013,MALE,HISPANIC,Eduardo,22,83
2013,MALE,HISPANIC,Richard,22,83
2013,MALE,HISPANIC,Brayan,22,83
2013,MALE,HISPANIC,Richard,22,83
2013,MALE,HISPANIC,Eduardo,22,83
2013,MALE,HISPANIC,Vincent,22,83
2013,MALE,HISPANIC,Emilio,22,83
2013,MALE,HISPANIC,Elian,21,84
2013,MALE,HISPANIC,Darwin,21,84
2013,MALE,HISPANIC,Yahir,21,84
2013,MALE,HISPANIC,Bradley,21,84
2013,MALE,HISPANIC,Edgar,21,84
2013,MALE,HISPANIC,Byron,21,84
2013,MALE,HISPANIC,Edgar,21,84
2013,MALE,HISPANIC,Darwin,21,84
2013,MALE,HISPANIC,Byron,21,84
2013,MALE,HISPANIC,Pablo,21,84
2013,MALE,HISPANIC,Tristan,21,84
2013,MALE,HISPANIC,Tristan,21,84
2013,MALE,HISPANIC,Bradley,21,84
2013,MALE,HISPANIC,Pablo,21,84
2013,MALE,HISPANIC,Elian,21,84
2013,MALE,HISPANIC,Yahir,21,84
2013,MALE,HISPANIC,Albert,20,85
2013,MALE,HISPANIC,Jaiden,20,85
2013,MALE,HISPANIC,Felix,20,85
2013,MALE,HISPANIC,Emanuel,20,85
2013,MALE,HISPANIC,Maximus,20,85
2013,MALE,HISPANIC,Kendrick,20,85
2013,MALE,HISPANIC,Felix,20,85
2013,MALE,HISPANIC,Matias,20,85
2013,MALE,HISPANIC,Maximus,20,85
2013,MALE,HISPANIC,Angelo,20,85
2013,MALE,HISPANIC,Chris,20,85
2013,MALE,HISPANIC,Jaiden,20,85
2013,MALE,HISPANIC,Albert,20,85
2013,MALE,HISPANIC,Emanuel,20,85
2013,MALE,HISPANIC,Yadiel,20,85
2013,MALE,HISPANIC,Chris,20,85
2013,MALE,HISPANIC,Lorenzo,20,85
2013,MALE,HISPANIC,Kendrick,20,85
2013,MALE,HISPANIC,Yadiel,20,85
2013,MALE,HISPANIC,Matias,20,85
2013,MALE,HISPANIC,Ricardo,19,86
2013,MALE,HISPANIC,Danny,19,86
2013,MALE,HISPANIC,Cameron,19,86
2013,MALE,HISPANIC,Danny,19,86
2013,MALE,HISPANIC,Cameron,19,86
2013,MALE,HISPANIC,Ricardo,19,86
2013,MALE,HISPANIC,Marcus,18,87
2013,MALE,HISPANIC,Israel,18,87
2013,MALE,HISPANIC,Riley,18,87
2013,MALE,HISPANIC,Tomas,18,87
2013,MALE,HISPANIC,Luca,18,87
2013,MALE,HISPANIC,Uriel,18,87
2013,MALE,HISPANIC,Hunter,18,87
2013,MALE,HISPANIC,Tomas,18,87
2013,MALE,HISPANIC,Moises,18,87
2013,MALE,HISPANIC,Riley,18,87
2013,MALE,HISPANIC,Mike,18,87
2013,MALE,HISPANIC,Luca,18,87
2013,MALE,HISPANIC,Prince,18,87
2013,MALE,HISPANIC,Jayson,18,87
2013,MALE,HISPANIC,Armani,18,87
2013,MALE,HISPANIC,Moises,18,87
2013,MALE,HISPANIC,Israel,18,87
2013,MALE,HISPANIC,Prince,18,87
2013,MALE,HISPANIC,Marcus,18,87
2013,MALE,HISPANIC,Uriel,18,87
2013,MALE,HISPANIC,Hunter,18,87
2013,MALE,HISPANIC,Armani,18,87
2013,MALE,HISPANIC,Jayson,18,87
2013,MALE,HISPANIC,Landon,18,87
2013,MALE,HISPANIC,Dominick,17,88
2013,MALE,HISPANIC,Kelvin,17,88
2013,MALE,HISPANIC,Leo,17,88
2013,MALE,HISPANIC,Chase,17,88
2013,MALE,HISPANIC,Jackson,17,88
2013,MALE,HISPANIC,Leo,17,88
2013,MALE,HISPANIC,Carter,17,88
2013,MALE,HISPANIC,Mathew,17,88
2013,MALE,HISPANIC,Sergio,17,88
2013,MALE,HISPANIC,Blake,17,88
2013,MALE,HISPANIC,Chase,17,88
2013,MALE,HISPANIC,Blake,17,88
2013,MALE,HISPANIC,Sergio,17,88
2013,MALE,HISPANIC,Jackson,17,88
2013,MALE,HISPANIC,Kelvin,17,88
2013,MALE,HISPANIC,Nelson,16,89
2013,MALE,HISPANIC,Charlie,16,89
2013,MALE,HISPANIC,Charlie,16,89
2013,MALE,HISPANIC,Mario,16,89
2013,MALE,HISPANIC,Mario,16,89
2013,MALE,HISPANIC,Nelson,16,89
2013,MALE,HISPANIC,Kenny,16,89
2013,MALE,HISPANIC,Patrick,16,89
2013,MALE,HISPANIC,Maxwell,16,89
2013,MALE,HISPANIC,Kenny,16,89
2013,MALE,HISPANIC,Maxwell,16,89
2013,MALE,HISPANIC,Neymar,16,89
2013,MALE,HISPANIC,Patrick,16,89
2013,MALE,HISPANIC,Rodrigo,16,89
2013,MALE,HISPANIC,Neymar,16,89
2013,MALE,HISPANIC,Peter,16,89
2013,MALE,HISPANIC,King,15,90
2013,MALE,HISPANIC,Jonas,15,90
2013,MALE,HISPANIC,Levi,15,90
2013,MALE,HISPANIC,King,15,90
2013,MALE,HISPANIC,Roberto,15,90
2013,MALE,HISPANIC,Adonis,15,90
2013,MALE,HISPANIC,Roberto,15,90
2013,MALE,HISPANIC,Dilan,15,90
2013,MALE,HISPANIC,Edison,15,90
2013,MALE,HISPANIC,Adonis,15,90
2013,MALE,HISPANIC,Edison,15,90
2013,MALE,HISPANIC,Dilan,15,90
2013,MALE,HISPANIC,Johnny,15,90
2013,MALE,HISPANIC,Louis,15,90
2013,MALE,HISPANIC,Jonas,15,90
2013,MALE,HISPANIC,Levi,15,90
2013,MALE,HISPANIC,Johnny,15,90
2013,MALE,HISPANIC,Jaycob,14,91
2013,MALE,HISPANIC,Marcos,14,91
2013,MALE,HISPANIC,Carmelo,14,91
2013,MALE,HISPANIC,Mathias,14,91
2013,MALE,HISPANIC,Jean,14,91
2013,MALE,HISPANIC,Denzel,14,91
2013,MALE,HISPANIC,Lenny,14,91
2013,MALE,HISPANIC,Milan,14,91
2013,MALE,HISPANIC,Kyle,14,91
2013,MALE,HISPANIC,Marcos,14,91
2013,MALE,HISPANIC,Leandro,14,91
2013,MALE,HISPANIC,Jaxon,14,91
2013,MALE,HISPANIC,Gustavo,14,91
2013,MALE,HISPANIC,Jean,14,91
2013,MALE,HISPANIC,Owen,14,91
2013,MALE,HISPANIC,Leandro,14,91
2013,MALE,HISPANIC,Lenny,14,91
2013,MALE,HISPANIC,Carmelo,14,91
2013,MALE,HISPANIC,Jaycob,14,91
2013,MALE,HISPANIC,Matteo,14,91
2013,MALE,HISPANIC,Mathias,14,91
2013,MALE,HISPANIC,Matteo,14,91
2013,MALE,HISPANIC,Sean,14,91
2013,MALE,HISPANIC,Owen,14,91
2013,MALE,HISPANIC,Milan,14,91
2013,MALE,HISPANIC,Gustavo,14,91
2013,MALE,HISPANIC,Denzel,14,91
2013,MALE,HISPANIC,Jaxon,14,91
2013,MALE,HISPANIC,Alberto,13,92
2013,MALE,HISPANIC,Martin,13,92
2013,MALE,HISPANIC,Frank,13,92
2013,MALE,HISPANIC,Andre,13,92
2013,MALE,HISPANIC,Melvin,13,92
2013,MALE,HISPANIC,Joaquin,13,92
2013,MALE,HISPANIC,Thomas,13,92
2013,MALE,HISPANIC,Leonel,13,92
2013,MALE,HISPANIC,Avery,13,92
2013,MALE,HISPANIC,Isaias,13,92
2013,MALE,HISPANIC,Isaias,13,92
2013,MALE,HISPANIC,Cayden,13,92
2013,MALE,HISPANIC,Martin,13,92
2013,MALE,HISPANIC,Jefferson,13,92
2013,MALE,HISPANIC,Alberto,13,92
2013,MALE,HISPANIC,Frank,13,92
2013,MALE,HISPANIC,Mark,13,92
2013,MALE,HISPANIC,Jefferson,13,92
2013,MALE,HISPANIC,Thomas,13,92
2013,MALE,HISPANIC,Mark,13,92
2013,MALE,HISPANIC,Cayden,13,92
2013,MALE,HISPANIC,Joaquin,13,92
2013,MALE,HISPANIC,Ariel,13,92
2013,MALE,HISPANIC,Dante,13,92
2013,MALE,HISPANIC,Dante,13,92
2013,MALE,HISPANIC,Giovanny,12,93
2013,MALE,HISPANIC,Fabian,12,93
2013,MALE,HISPANIC,Paul,12,93
2013,MALE,HISPANIC,Paul,12,93
2013,MALE,HISPANIC,Xander,12,93
2013,MALE,HISPANIC,Maison,12,93
2013,MALE,HISPANIC,Bruce,12,93
2013,MALE,HISPANIC,Giovanny,12,93
2013,MALE,HISPANIC,Damien,12,93
2013,MALE,HISPANIC,Maximilian,12,93
2013,MALE,HISPANIC,Jeremias,12,93
2013,MALE,HISPANIC,Xander,12,93
2013,MALE,HISPANIC,Bruce,12,93
2013,MALE,HISPANIC,Bryant,12,93
2013,MALE,HISPANIC,Maximiliano,12,93
2013,MALE,HISPANIC,Maximilian,12,93
2013,MALE,HISPANIC,Bryant,12,93
2013,MALE,HISPANIC,George,12,93
2013,MALE,HISPANIC,Felipe,12,93
2013,MALE,HISPANIC,Dean,12,93
2013,MALE,HISPANIC,Maison,12,93
2013,MALE,HISPANIC,Felipe,12,93
2013,MALE,HISPANIC,Ezekiel,12,93
2013,MALE,HISPANIC,Dean,12,93
2013,MALE,HISPANIC,Alfredo,12,93
2013,MALE,HISPANIC,George,12,93
2013,MALE,HISPANIC,Valentino,12,93
2013,MALE,HISPANIC,Damien,12,93
2013,MALE,HISPANIC,Justice,12,93
2013,MALE,HISPANIC,Timothy,12,93
2013,MALE,HISPANIC,Timothy,12,93
2013,MALE,HISPANIC,Ashton,12,93
2013,MALE,HISPANIC,Alfredo,12,93
2013,MALE,HISPANIC,Justice,12,93
2013,MALE,HISPANIC,Ashton,12,93
2013,MALE,HISPANIC,Valentino,12,93
2013,MALE,HISPANIC,Jeremias,12,93
2013,MALE,HISPANIC,Jimmy,11,94
2013,MALE,HISPANIC,Giovani,11,94
2013,MALE,HISPANIC,Camilo,11,94
2013,MALE,HISPANIC,Cristopher,11,94
2013,MALE,HISPANIC,Luke,11,94
2013,MALE,HISPANIC,Arian,11,94
2013,MALE,HISPANIC,Ezra,11,94
2013,MALE,HISPANIC,Ezra,11,94
2013,MALE,HISPANIC,Dereck,11,94
2013,MALE,HISPANIC,Luke,11,94
2013,MALE,HISPANIC,Wesley,11,94
2013,MALE,HISPANIC,Mayson,11,94
2013,MALE,HISPANIC,Arian,11,94
2013,MALE,HISPANIC,Gregory,11,94
2013,MALE,HISPANIC,Gregory,11,94
2013,MALE,HISPANIC,Aden,11,94
2013,MALE,HISPANIC,Wesley,11,94
2013,MALE,HISPANIC,Allan,11,94
2013,MALE,HISPANIC,Mayson,11,94
2013,MALE,HISPANIC,Jimmy,11,94
2013,MALE,HISPANIC,Aden,11,94
2013,MALE,HISPANIC,Dereck,11,94
2013,MALE,HISPANIC,Cristopher,11,94
2013,MALE,HISPANIC,Ezequiel,11,94
2013,MALE,HISPANIC,Ezequiel,11,94
2013,MALE,HISPANIC,Camilo,11,94
2013,MALE,HISPANIC,Alonso,10,95
2013,MALE,HISPANIC,Jay,10,95
2013,MALE,HISPANIC,Romeo,10,95
2013,MALE,HISPANIC,Preston,10,95
2013,MALE,HISPANIC,Januel,10,95
2013,MALE,HISPANIC,Jair,10,95
2013,MALE,HISPANIC,Lian,10,95
2013,MALE,HISPANIC,Wilson,10,95
2013,MALE,HISPANIC,Jahir,10,95
2013,MALE,HISPANIC,Marlon,10,95
2013,MALE,HISPANIC,Grayson,10,95
2013,MALE,HISPANIC,Gerard,10,95
2013,MALE,HISPANIC,Wilson,10,95
2013,MALE,HISPANIC,Adan,10,95
2013,MALE,HISPANIC,Brayden,10,95
2013,MALE,HISPANIC,Yariel,10,95
2013,MALE,HISPANIC,Mauricio,10,95
2013,MALE,HISPANIC,Zion,10,95
2013,MALE,HISPANIC,Yariel,10,95
2013,MALE,HISPANIC,Maximo,10,95
2013,MALE,HISPANIC,Mauricio,10,95
2013,MALE,HISPANIC,Januel,10,95
2013,MALE,HISPANIC,Maximo,10,95
2013,MALE,HISPANIC,Alonso,10,95
2013,MALE,HISPANIC,Marvin,10,95
2013,MALE,HISPANIC,Jair,10,95
2013,MALE,HISPANIC,Junior,10,95
2013,MALE,HISPANIC,Hanley,10,95
2013,MALE,HISPANIC,Marvin,10,95
2013,MALE,HISPANIC,Grayson,10,95
2013,MALE,HISPANIC,Marlon,10,95
2013,MALE,HISPANIC,Eliam,10,95
2013,MALE,HISPANIC,Gerard,10,95
2013,MALE,HISPANIC,Hanley,10,95
2013,MALE,HISPANIC,Raymond,10,95
2013,MALE,HISPANIC,Jahir,10,95
2013,MALE,HISPANIC,Preston,10,95
2013,MALE,HISPANIC,Julien,10,95
2013,MALE,HISPANIC,Lian,10,95
2013,MALE,HISPANIC,Zion,10,95
2013,MALE,HISPANIC,Eliam,10,95
2013,MALE,HISPANIC,Junior,10,95
2013,MALE,HISPANIC,Adan,10,95
2013,MALE,HISPANIC,Raymond,10,95
2013,MALE,WHITE NON HISPANIC,David,304,1
2013,MALE,WHITE NON HISPANIC,David,304,1
2013,MALE,WHITE NON HISPANIC,Joseph,283,2
2013,MALE,WHITE NON HISPANIC,Michael,266,3
2013,MALE,WHITE NON HISPANIC,Moshe,262,4
2013,MALE,WHITE NON HISPANIC,Moshe,262,4
2013,MALE,WHITE NON HISPANIC,Daniel,233,5
2013,MALE,WHITE NON HISPANIC,Daniel,233,5
2013,MALE,WHITE NON HISPANIC,Benjamin,232,6
2013,MALE,WHITE NON HISPANIC,Benjamin,232,6
2013,MALE,WHITE NON HISPANIC,James,223,7
2013,MALE,WHITE NON HISPANIC,James,223,7
2013,MALE,WHITE NON HISPANIC,Jacob,217,8
2013,MALE,WHITE NON HISPANIC,Jacob,217,8
2013,MALE,WHITE NON HISPANIC,Jack,212,9
2013,MALE,WHITE NON HISPANIC,Jack,212,9
2013,MALE,WHITE NON HISPANIC,Alexander,206,10
2013,MALE,WHITE NON HISPANIC,Alexander,206,10
2013,MALE,WHITE NON HISPANIC,William,177,11
2013,MALE,WHITE NON HISPANIC,John,173,12
2013,MALE,WHITE NON HISPANIC,John,173,12
2013,MALE,WHITE NON HISPANIC,Henry,161,13
2013,MALE,WHITE NON HISPANIC,Henry,161,13
2013,MALE,WHITE NON HISPANIC,Noah,159,14
2013,MALE,WHITE NON HISPANIC,Noah,159,14
2013,MALE,WHITE NON HISPANIC,Samuel,158,15
2013,MALE,WHITE NON HISPANIC,Samuel,158,15
2013,MALE,WHITE NON HISPANIC,Nicholas,156,16
2013,MALE,WHITE NON HISPANIC,Nicholas,156,16
2013,MALE,WHITE NON HISPANIC,Matthew,155,17
2013,MALE,WHITE NON HISPANIC,Matthew,155,17
2013,MALE,WHITE NON HISPANIC,Adam,151,18
2013,MALE,WHITE NON HISPANIC,Adam,151,18
2013,MALE,WHITE NON HISPANIC,Chaim,150,19
2013,MALE,WHITE NON HISPANIC,Chaim,150,19
2013,MALE,WHITE NON HISPANIC,Abraham,141,20
2013,MALE,WHITE NON HISPANIC,Liam,140,21
2013,MALE,WHITE NON HISPANIC,Liam,140,21
2013,MALE,WHITE NON HISPANIC,Dylan,136,22
2013,MALE,WHITE NON HISPANIC,Charles,136,22
2013,MALE,WHITE NON HISPANIC,Ryan,136,22
2013,MALE,WHITE NON HISPANIC,Ryan,136,22
2013,MALE,WHITE NON HISPANIC,Charles,136,22
2013,MALE,WHITE NON HISPANIC,Dylan,136,22
2013,MALE,WHITE NON HISPANIC,Lucas,125,23
2013,MALE,WHITE NON HISPANIC,Ethan,125,23
2013,MALE,WHITE NON HISPANIC,Ethan,125,23
2013,MALE,WHITE NON HISPANIC,Anthony,124,24
2013,MALE,WHITE NON HISPANIC,Anthony,124,24
2013,MALE,WHITE NON HISPANIC,Isaac,123,25
2013,MALE,WHITE NON HISPANIC,Oliver,121,26
2013,MALE,WHITE NON HISPANIC,Andrew,120,27
2013,MALE,WHITE NON HISPANIC,Andrew,120,27
2013,MALE,WHITE NON HISPANIC,Gabriel,116,28
2013,MALE,WHITE NON HISPANIC,Gabriel,116,28
2013,MALE,WHITE NON HISPANIC,Yosef,110,29
2013,MALE,WHITE NON HISPANIC,Yosef,110,29
2013,MALE,WHITE NON HISPANIC,Leo,109,30
2013,MALE,WHITE NON HISPANIC,Thomas,107,31
2013,MALE,WHITE NON HISPANIC,Max,107,31
2013,MALE,WHITE NON HISPANIC,Thomas,107,31
2013,MALE,WHITE NON HISPANIC,Max,107,31
2013,MALE,WHITE NON HISPANIC,Luke,100,32
2013,MALE,WHITE NON HISPANIC,Luke,100,32
2013,MALE,WHITE NON HISPANIC,Jackson,98,33
2013,MALE,WHITE NON HISPANIC,Jackson,98,33
2013,MALE,WHITE NON HISPANIC,Shimon,95,34
2013,MALE,WHITE NON HISPANIC,Shimon,95,34
2013,MALE,WHITE NON HISPANIC,Theodore,94,35
2013,MALE,WHITE NON HISPANIC,Joshua,91,36
2013,MALE,WHITE NON HISPANIC,Joshua,91,36
2013,MALE,WHITE NON HISPANIC,Christopher,87,37
2013,MALE,WHITE NON HISPANIC,Christopher,87,37
2013,MALE,WHITE NON HISPANIC,Robert,86,38
2013,MALE,WHITE NON HISPANIC,Sebastian,86,38
2013,MALE,WHITE NON HISPANIC,Robert,86,38
2013,MALE,WHITE NON HISPANIC,Sebastian,86,38
2013,MALE,WHITE NON HISPANIC,Mason,84,39
2013,MALE,WHITE NON HISPANIC,Mason,84,39
2013,MALE,WHITE NON HISPANIC,Jonathan,84,39
2013,MALE,WHITE NON HISPANIC,Jonathan,84,39
2013,MALE,WHITE NON HISPANIC,Eli,83,40
2013,MALE,WHITE NON HISPANIC,Eli,83,40
2013,MALE,WHITE NON HISPANIC,Nathan,82,41
2013,MALE,WHITE NON HISPANIC,Nathan,82,41
2013,MALE,WHITE NON HISPANIC,Aaron,81,42
2013,MALE,WHITE NON HISPANIC,Aaron,81,42
2013,MALE,WHITE NON HISPANIC,Mordechai,79,43
2013,MALE,WHITE NON HISPANIC,Zachary,79,43
2013,MALE,WHITE NON HISPANIC,Zachary,79,43
2013,MALE,WHITE NON HISPANIC,Aron,78,44
2013,MALE,WHITE NON HISPANIC,Aron,78,44
2013,MALE,WHITE NON HISPANIC,Luca,77,45
2013,MALE,WHITE NON HISPANIC,Luca,77,45
2013,MALE,WHITE NON HISPANIC,Yehuda,75,46
2013,MALE,WHITE NON HISPANIC,Yehuda,75,46
2013,MALE,WHITE NON HISPANIC,Yitzchok,74,47
2013,MALE,WHITE NON HISPANIC,Owen,73,48
2013,MALE,WHITE NON HISPANIC,Owen,73,48
2013,MALE,WHITE NON HISPANIC,Menachem,72,49
2013,MALE,WHITE NON HISPANIC,Menachem,72,49
2013,MALE,WHITE NON HISPANIC,Logan,71,50
2013,MALE,WHITE NON HISPANIC,Julian,71,50
2013,MALE,WHITE NON HISPANIC,Logan,71,50
2013,MALE,WHITE NON HISPANIC,Aiden,67,51
2013,MALE,WHITE NON HISPANIC,Aiden,67,51
2013,MALE,WHITE NON HISPANIC,Shlomo,66,52
2013,MALE,WHITE NON HISPANIC,Yisroel,66,52
2013,MALE,WHITE NON HISPANIC,Shlomo,66,52
2013,MALE,WHITE NON HISPANIC,Yisroel,66,52
2013,MALE,WHITE NON HISPANIC,Peter,65,53
2013,MALE,WHITE NON HISPANIC,Peter,65,53
2013,MALE,WHITE NON HISPANIC,Yaakov,62,54
2013,MALE,WHITE NON HISPANIC,Yaakov,62,54
2013,MALE,WHITE NON HISPANIC,Yakov,61,55
2013,MALE,WHITE NON HISPANIC,Yakov,61,55
2013,MALE,WHITE NON HISPANIC,Omar,58,56
2013,MALE,WHITE NON HISPANIC,Omar,58,56
2013,MALE,WHITE NON HISPANIC,Levi,57,57
2013,MALE,WHITE NON HISPANIC,Levi,57,57
2013,MALE,WHITE NON HISPANIC,Simon,56,58
2013,MALE,WHITE NON HISPANIC,Simon,56,58
2013,MALE,WHITE NON HISPANIC,Shmuel,55,59
2013,MALE,WHITE NON HISPANIC,George,55,59
2013,MALE,WHITE NON HISPANIC,Maxwell,55,59
2013,MALE,WHITE NON HISPANIC,Shmuel,55,59
2013,MALE,WHITE NON HISPANIC,Maxwell,55,59
2013,MALE,WHITE NON HISPANIC,George,55,59
2013,MALE,WHITE NON HISPANIC,Jake,55,59
2013,MALE,WHITE NON HISPANIC,Hudson,55,59
2013,MALE,WHITE NON HISPANIC,Jake,55,59
2013,MALE,WHITE NON HISPANIC,Miles,54,60
2013,MALE,WHITE NON HISPANIC,Patrick,54,60
2013,MALE,WHITE NON HISPANIC,Miles,54,60
2013,MALE,WHITE NON HISPANIC,Gavin,54,60
2013,MALE,WHITE NON HISPANIC,Gavin,54,60
2013,MALE,WHITE NON HISPANIC,Asher,51,61
2013,MALE,WHITE NON HISPANIC,Asher,51,61
2013,MALE,WHITE NON HISPANIC,Connor,51,61
2013,MALE,WHITE NON HISPANIC,Christian,50,62
2013,MALE,WHITE NON HISPANIC,Jonah,50,62
2013,MALE,WHITE NON HISPANIC,Jonah,50,62
2013,MALE,WHITE NON HISPANIC,Christian,50,62
2013,MALE,WHITE NON HISPANIC,Zev,49,63
2013,MALE,WHITE NON HISPANIC,Vincent,49,63
2013,MALE,WHITE NON HISPANIC,Zev,49,63
2013,MALE,WHITE NON HISPANIC,Ezra,49,63
2013,MALE,WHITE NON HISPANIC,Ezra,49,63
2013,MALE,WHITE NON HISPANIC,Vincent,49,63
2013,MALE,WHITE NON HISPANIC,Avraham,48,64
2013,MALE,WHITE NON HISPANIC,Avraham,48,64
2013,MALE,WHITE NON HISPANIC,Tzvi,48,64
2013,MALE,WHITE NON HISPANIC,Tzvi,48,64
2013,MALE,WHITE NON HISPANIC,Nathaniel,47,65
2013,MALE,WHITE NON HISPANIC,Nathaniel,47,65
2013,MALE,WHITE NON HISPANIC,Harrison,45,66
2013,MALE,WHITE NON HISPANIC,Harrison,45,66
2013,MALE,WHITE NON HISPANIC,Tyler,44,67
2013,MALE,WHITE NON HISPANIC,Tyler,44,67
2013,MALE,WHITE NON HISPANIC,Evan,42,68
2013,MALE,WHITE NON HISPANIC,Mark,42,68
2013,MALE,WHITE NON HISPANIC,Mark,42,68
2013,MALE,WHITE NON HISPANIC,Evan,42,68
2013,MALE,WHITE NON HISPANIC,Eliezer,41,69
2013,MALE,WHITE NON HISPANIC,Hunter,41,69
2013,MALE,WHITE NON HISPANIC,Hunter,41,69
2013,MALE,WHITE NON HISPANIC,Meir,40,70
2013,MALE,WHITE NON HISPANIC,Declan,40,70
2013,MALE,WHITE NON HISPANIC,Adrian,40,70
2013,MALE,WHITE NON HISPANIC,Adrian,40,70
2013,MALE,WHITE NON HISPANIC,Declan,40,70
2013,MALE,WHITE NON HISPANIC,Meir,40,70
2013,MALE,WHITE NON HISPANIC,Mohamed,40,70
2013,MALE,WHITE NON HISPANIC,Mohamed,40,70
2013,MALE,WHITE NON HISPANIC,Lipa,39,71
2013,MALE,WHITE NON HISPANIC,Kevin,39,71
2013,MALE,WHITE NON HISPANIC,Lipa,39,71
2013,MALE,WHITE NON HISPANIC,Kevin,39,71
2013,MALE,WHITE NON HISPANIC,Mendel,38,72
2013,MALE,WHITE NON HISPANIC,Mendel,38,72
2013,MALE,WHITE NON HISPANIC,Colin,37,73
2013,MALE,WHITE NON HISPANIC,Ali,37,73
2013,MALE,WHITE NON HISPANIC,Jason,37,73
2013,MALE,WHITE NON HISPANIC,Ali,37,73
2013,MALE,WHITE NON HISPANIC,Colin,37,73
2013,MALE,WHITE NON HISPANIC,Sean,37,73
2013,MALE,WHITE NON HISPANIC,Sean,37,73
2013,MALE,WHITE NON HISPANIC,Jason,37,73
2013,MALE,WHITE NON HISPANIC,Brandon,36,74
2013,MALE,WHITE NON HISPANIC,Sam,36,74
2013,MALE,WHITE NON HISPANIC,Sam,36,74
2013,MALE,WHITE NON HISPANIC,Brandon,36,74
2013,MALE,WHITE NON HISPANIC,Alex,35,75
2013,MALE,WHITE NON HISPANIC,Solomon,35,75
2013,MALE,WHITE NON HISPANIC,Elijah,35,75
2013,MALE,WHITE NON HISPANIC,Dominic,35,75
2013,MALE,WHITE NON HISPANIC,Solomon,35,75
2013,MALE,WHITE NON HISPANIC,Alex,35,75
2013,MALE,WHITE NON HISPANIC,Shulem,35,75
2013,MALE,WHITE NON HISPANIC,Dominic,35,75
2013,MALE,WHITE NON HISPANIC,Shulem,35,75
2013,MALE,WHITE NON HISPANIC,Martin,34,76
2013,MALE,WHITE NON HISPANIC,Dovid,34,76
2013,MALE,WHITE NON HISPANIC,Martin,34,76
2013,MALE,WHITE NON HISPANIC,Dovid,34,76
2013,MALE,WHITE NON HISPANIC,Israel,34,76
2013,MALE,WHITE NON HISPANIC,Israel,34,76
2013,MALE,WHITE NON HISPANIC,Aidan,33,77
2013,MALE,WHITE NON HISPANIC,Edward,33,77
2013,MALE,WHITE NON HISPANIC,Arthur,33,77
2013,MALE,WHITE NON HISPANIC,Aidan,33,77
2013,MALE,WHITE NON HISPANIC,Edward,33,77
2013,MALE,WHITE NON HISPANIC,Arthur,33,77
2013,MALE,WHITE NON HISPANIC,Jayden,32,78
2013,MALE,WHITE NON HISPANIC,Wyatt,32,78
2013,MALE,WHITE NON HISPANIC,Shia,32,78
2013,MALE,WHITE NON HISPANIC,Giovanni,32,78
2013,MALE,WHITE NON HISPANIC,Wyatt,32,78
2013,MALE,WHITE NON HISPANIC,Giovanni,32,78
2013,MALE,WHITE NON HISPANIC,Jayden,32,78
2013,MALE,WHITE NON HISPANIC,Shia,32,78
2013,MALE,WHITE NON HISPANIC,Moses,31,79
2013,MALE,WHITE NON HISPANIC,Caleb,31,79
2013,MALE,WHITE NON HISPANIC,Parker,31,79
2013,MALE,WHITE NON HISPANIC,Avrohom,31,79
2013,MALE,WHITE NON HISPANIC,Amir,31,79
2013,MALE,WHITE NON HISPANIC,Avrohom,31,79
2013,MALE,WHITE NON HISPANIC,Ari,31,79
2013,MALE,WHITE NON HISPANIC,Parker,31,79
2013,MALE,WHITE NON HISPANIC,Ari,31,79
2013,MALE,WHITE NON HISPANIC,Moses,31,79
2013,MALE,WHITE NON HISPANIC,Caleb,31,79
2013,MALE,WHITE NON HISPANIC,Matteo,30,80
2013,MALE,WHITE NON HISPANIC,Mohammed,30,80
2013,MALE,WHITE NON HISPANIC,Oscar,30,80
2013,MALE,WHITE NON HISPANIC,Oscar,30,80
2013,MALE,WHITE NON HISPANIC,Mohammed,30,80
2013,MALE,WHITE NON HISPANIC,Hershy,30,80
2013,MALE,WHITE NON HISPANIC,Akiva,30,80
2013,MALE,WHITE NON HISPANIC,Paul,30,80
2013,MALE,WHITE NON HISPANIC,Ian,30,80
2013,MALE,WHITE NON HISPANIC,Paul,30,80
2013,MALE,WHITE NON HISPANIC,Akiva,30,80
2013,MALE,WHITE NON HISPANIC,Hershy,30,80
2013,MALE,WHITE NON HISPANIC,Steven,30,80
2013,MALE,WHITE NON HISPANIC,Matteo,30,80
2013,MALE,WHITE NON HISPANIC,Justin,30,80
2013,MALE,WHITE NON HISPANIC,Simcha,30,80
2013,MALE,WHITE NON HISPANIC,Simcha,30,80
2013,MALE,WHITE NON HISPANIC,Ian,30,80
2013,MALE,WHITE NON HISPANIC,Justin,30,80
2013,MALE,WHITE NON HISPANIC,Steven,30,80
2013,MALE,WHITE NON HISPANIC,Antonio,29,81
2013,MALE,WHITE NON HISPANIC,Elliot,29,81
2013,MALE,WHITE NON HISPANIC,Elliot,29,81
2013,MALE,WHITE NON HISPANIC,Carter,29,81
2013,MALE,WHITE NON HISPANIC,Austin,29,81
2013,MALE,WHITE NON HISPANIC,Ahmed,29,81
2013,MALE,WHITE NON HISPANIC,Leonardo,29,81
2013,MALE,WHITE NON HISPANIC,Yechiel,29,81
2013,MALE,WHITE NON HISPANIC,Carter,29,81
2013,MALE,WHITE NON HISPANIC,Leonardo,29,81
2013,MALE,WHITE NON HISPANIC,Richard,29,81
2013,MALE,WHITE NON HISPANIC,Yechiel,29,81
2013,MALE,WHITE NON HISPANIC,Antonio,29,81
2013,MALE,WHITE NON HISPANIC,Finn,28,82
2013,MALE,WHITE NON HISPANIC,Naftali,28,82
2013,MALE,WHITE NON HISPANIC,Naftali,28,82
2013,MALE,WHITE NON HISPANIC,Nicolas,28,82
2013,MALE,WHITE NON HISPANIC,Mayer,28,82
2013,MALE,WHITE NON HISPANIC,Maximilian,28,82
2013,MALE,WHITE NON HISPANIC,Nicolas,28,82
2013,MALE,WHITE NON HISPANIC,Mayer,28,82
2013,MALE,WHITE NON HISPANIC,Finn,28,82
2013,MALE,WHITE NON HISPANIC,Maximilian,28,82
2013,MALE,WHITE NON HISPANIC,August,27,83
2013,MALE,WHITE NON HISPANIC,Salvatore,27,83
2013,MALE,WHITE NON HISPANIC,Cameron,27,83
2013,MALE,WHITE NON HISPANIC,Blake,27,83
2013,MALE,WHITE NON HISPANIC,Eliyahu,27,83
2013,MALE,WHITE NON HISPANIC,Timothy,27,83
2013,MALE,WHITE NON HISPANIC,Louis,27,83
2013,MALE,WHITE NON HISPANIC,Louis,27,83
2013,MALE,WHITE NON HISPANIC,Salvatore,27,83
2013,MALE,WHITE NON HISPANIC,Eliyahu,27,83
2013,MALE,WHITE NON HISPANIC,Dov,27,83
2013,MALE,WHITE NON HISPANIC,Blake,27,83
2013,MALE,WHITE NON HISPANIC,August,27,83
2013,MALE,WHITE NON HISPANIC,Dov,27,83
2013,MALE,WHITE NON HISPANIC,Eric,26,84
2013,MALE,WHITE NON HISPANIC,Roman,26,84
2013,MALE,WHITE NON HISPANIC,Ben,26,84
2013,MALE,WHITE NON HISPANIC,Spencer,26,84
2013,MALE,WHITE NON HISPANIC,Roman,26,84
2013,MALE,WHITE NON HISPANIC,Eric,26,84
2013,MALE,WHITE NON HISPANIC,Ben,26,84
2013,MALE,WHITE NON HISPANIC,Chase,26,84
2013,MALE,WHITE NON HISPANIC,Spencer,26,84
2013,MALE,WHITE NON HISPANIC,Maxim,26,84
2013,MALE,WHITE NON HISPANIC,Maxim,26,84
2013,MALE,WHITE NON HISPANIC,Chase,26,84
2013,MALE,WHITE NON HISPANIC,Cooper,25,85
2013,MALE,WHITE NON HISPANIC,Alan,25,85
2013,MALE,WHITE NON HISPANIC,Jordan,25,85
2013,MALE,WHITE NON HISPANIC,Leon,25,85
2013,MALE,WHITE NON HISPANIC,Aryeh,25,85
2013,MALE,WHITE NON HISPANIC,Lorenzo,25,85
2013,MALE,WHITE NON HISPANIC,Leon,25,85
2013,MALE,WHITE NON HISPANIC,Cooper,25,85
2013,MALE,WHITE NON HISPANIC,Jordan,25,85
2013,MALE,WHITE NON HISPANIC,Usher,25,85
2013,MALE,WHITE NON HISPANIC,Aryeh,25,85
2013,MALE,WHITE NON HISPANIC,Alan,25,85
2013,MALE,WHITE NON HISPANIC,Usher,25,85
2013,MALE,WHITE NON HISPANIC,Rafael,24,86
2013,MALE,WHITE NON HISPANIC,Jesse,24,86
2013,MALE,WHITE NON HISPANIC,Rafael,24,86
2013,MALE,WHITE NON HISPANIC,Judah,24,86
2013,MALE,WHITE NON HISPANIC,Jesse,24,86
2013,MALE,WHITE NON HISPANIC,Charlie,24,86
2013,MALE,WHITE NON HISPANIC,Judah,24,86
2013,MALE,WHITE NON HISPANIC,Charlie,24,86
2013,MALE,WHITE NON HISPANIC,Dean,23,87
2013,MALE,WHITE NON HISPANIC,Jude,23,87
2013,MALE,WHITE NON HISPANIC,Jude,23,87
2013,MALE,WHITE NON HISPANIC,Yusuf,23,87
2013,MALE,WHITE NON HISPANIC,Grayson,23,87
2013,MALE,WHITE NON HISPANIC,Youssef,23,87
2013,MALE,WHITE NON HISPANIC,Yusuf,23,87
2013,MALE,WHITE NON HISPANIC,Philip,23,87
2013,MALE,WHITE NON HISPANIC,Elias,23,87
2013,MALE,WHITE NON HISPANIC,Philip,23,87
2013,MALE,WHITE NON HISPANIC,Dean,23,87
2013,MALE,WHITE NON HISPANIC,Elias,23,87
2013,MALE,WHITE NON HISPANIC,Hershel,23,87
2013,MALE,WHITE NON HISPANIC,Youssef,23,87
2013,MALE,WHITE NON HISPANIC,Grayson,23,87
2013,MALE,WHITE NON HISPANIC,Hershel,23,87
2013,MALE,WHITE NON HISPANIC,Jaxon,22,88
2013,MALE,WHITE NON HISPANIC,Cole,22,88
2013,MALE,WHITE NON HISPANIC,Brody,22,88
2013,MALE,WHITE NON HISPANIC,Brian,22,88
2013,MALE,WHITE NON HISPANIC,Raphael,22,88
2013,MALE,WHITE NON HISPANIC,Felix,22,88
2013,MALE,WHITE NON HISPANIC,Cole,22,88
2013,MALE,WHITE NON HISPANIC,Victor,22,88
2013,MALE,WHITE NON HISPANIC,Brian,22,88
2013,MALE,WHITE NON HISPANIC,Felix,22,88
2013,MALE,WHITE NON HISPANIC,Yehoshua,22,88
2013,MALE,WHITE NON HISPANIC,Raphael,22,88
2013,MALE,WHITE NON HISPANIC,Victor,22,88
2013,MALE,WHITE NON HISPANIC,Yehoshua,22,88
2013,MALE,WHITE NON HISPANIC,Jaxon,22,88
2013,MALE,WHITE NON HISPANIC,Muhammad,21,89
2013,MALE,WHITE NON HISPANIC,Kieran,21,89
2013,MALE,WHITE NON HISPANIC,Mohammad,21,89
2013,MALE,WHITE NON HISPANIC,Noam,21,89
2013,MALE,WHITE NON HISPANIC,Hugo,21,89
2013,MALE,WHITE NON HISPANIC,Muhammad,21,89
2013,MALE,WHITE NON HISPANIC,Luka,21,89
2013,MALE,WHITE NON HISPANIC,Shaya,21,89
2013,MALE,WHITE NON HISPANIC,Luka,21,89
2013,MALE,WHITE NON HISPANIC,Shaya,21,89
2013,MALE,WHITE NON HISPANIC,Mohammad,21,89
2013,MALE,WHITE NON HISPANIC,Noam,21,89
2013,MALE,WHITE NON HISPANIC,Milo,20,90
2013,MALE,WHITE NON HISPANIC,Angelo,20,90
2013,MALE,WHITE NON HISPANIC,Kai,20,90
2013,MALE,WHITE NON HISPANIC,Rayan,20,90
2013,MALE,WHITE NON HISPANIC,Everett,20,90
2013,MALE,WHITE NON HISPANIC,Benzion,20,90
2013,MALE,WHITE NON HISPANIC,Kai,20,90
2013,MALE,WHITE NON HISPANIC,Ibrahim,20,90
2013,MALE,WHITE NON HISPANIC,Rayan,20,90
2013,MALE,WHITE NON HISPANIC,Angelo,20,90
2013,MALE,WHITE NON HISPANIC,Graham,20,90
2013,MALE,WHITE NON HISPANIC,Milo,20,90
2013,MALE,WHITE NON HISPANIC,Everett,20,90
2013,MALE,WHITE NON HISPANIC,Graham,20,90
2013,MALE,WHITE NON HISPANIC,Ibrahim,20,90
2013,MALE,WHITE NON HISPANIC,Benzion,20,90
2013,MALE,WHITE NON HISPANIC,Nolan,19,91
2013,MALE,WHITE NON HISPANIC,Shlome,19,91
2013,MALE,WHITE NON HISPANIC,Mateo,19,91
2013,MALE,WHITE NON HISPANIC,Sholom,19,91
2013,MALE,WHITE NON HISPANIC,Jasper,19,91
2013,MALE,WHITE NON HISPANIC,Brendan,19,91
2013,MALE,WHITE NON HISPANIC,Tristan,19,91
2013,MALE,WHITE NON HISPANIC,Sholom,19,91
2013,MALE,WHITE NON HISPANIC,Brendan,19,91
2013,MALE,WHITE NON HISPANIC,Aharon,19,91
2013,MALE,WHITE NON HISPANIC,Desmond,19,91
2013,MALE,WHITE NON HISPANIC,Nolan,19,91
2013,MALE,WHITE NON HISPANIC,Mateo,19,91
2013,MALE,WHITE NON HISPANIC,Shlome,19,91
2013,MALE,WHITE NON HISPANIC,Aharon,19,91
2013,MALE,WHITE NON HISPANIC,Hamza,19,91
2013,MALE,WHITE NON HISPANIC,Jasper,19,91
2013,MALE,WHITE NON HISPANIC,Tristan,19,91
2013,MALE,WHITE NON HISPANIC,Hamza,19,91
2013,MALE,WHITE NON HISPANIC,Desmond,19,91
2013,MALE,WHITE NON HISPANIC,Shea,19,91
2013,MALE,WHITE NON HISPANIC,Lazer,18,92
2013,MALE,WHITE NON HISPANIC,Brayden,18,92
2013,MALE,WHITE NON HISPANIC,Shmiel,18,92
2013,MALE,WHITE NON HISPANIC,Lucien,18,92
2013,MALE,WHITE NON HISPANIC,Joel,18,92
2013,MALE,WHITE NON HISPANIC,Joel,18,92
2013,MALE,WHITE NON HISPANIC,Xavier,18,92
2013,MALE,WHITE NON HISPANIC,Gregory,18,92
2013,MALE,WHITE NON HISPANIC,Lazer,18,92
2013,MALE,WHITE NON HISPANIC,Preston,18,92
2013,MALE,WHITE NON HISPANIC,Efraim,18,92
2013,MALE,WHITE NON HISPANIC,Elimelech,18,92
2013,MALE,WHITE NON HISPANIC,Xavier,18,92
2013,MALE,WHITE NON HISPANIC,Micah,18,92
2013,MALE,WHITE NON HISPANIC,Preston,18,92
2013,MALE,WHITE NON HISPANIC,Efraim,18,92
2013,MALE,WHITE NON HISPANIC,Yossi,18,92
2013,MALE,WHITE NON HISPANIC,Shmiel,18,92
2013,MALE,WHITE NON HISPANIC,Lucien,18,92
2013,MALE,WHITE NON HISPANIC,Marco,18,92
2013,MALE,WHITE NON HISPANIC,Marco,18,92
2013,MALE,WHITE NON HISPANIC,Elimelech,18,92
2013,MALE,WHITE NON HISPANIC,Yossi,18,92
2013,MALE,WHITE NON HISPANIC,Micah,18,92
2013,MALE,WHITE NON HISPANIC,Gregory,18,92
2013,MALE,WHITE NON HISPANIC,Wesley,17,93
2013,MALE,WHITE NON HISPANIC,Harry,17,93
2013,MALE,WHITE NON HISPANIC,Raymond,17,93
2013,MALE,WHITE NON HISPANIC,Avery,17,93
2013,MALE,WHITE NON HISPANIC,Harry,17,93
2013,MALE,WHITE NON HISPANIC,Conor,17,93
2013,MALE,WHITE NON HISPANIC,Avrum,17,93
2013,MALE,WHITE NON HISPANIC,Avery,17,93
2013,MALE,WHITE NON HISPANIC,Raymond,17,93
2013,MALE,WHITE NON HISPANIC,Conor,17,93
2013,MALE,WHITE NON HISPANIC,Avrum,17,93
2013,MALE,WHITE NON HISPANIC,Wesley,17,93
2013,MALE,WHITE NON HISPANIC,Gavriel,16,94
2013,MALE,WHITE NON HISPANIC,Otto,16,94
2013,MALE,WHITE NON HISPANIC,Reid,16,94
2013,MALE,WHITE NON HISPANIC,Eitan,16,94
2013,MALE,WHITE NON HISPANIC,Griffin,16,94
2013,MALE,WHITE NON HISPANIC,Marc,16,94
2013,MALE,WHITE NON HISPANIC,Griffin,16,94
2013,MALE,WHITE NON HISPANIC,Yoel,16,94
2013,MALE,WHITE NON HISPANIC,Gavriel,16,94
2013,MALE,WHITE NON HISPANIC,Eitan,16,94
2013,MALE,WHITE NON HISPANIC,Brady,16,94
2013,MALE,WHITE NON HISPANIC,Marc,16,94
2013,MALE,WHITE NON HISPANIC,Emmett,16,94
2013,MALE,WHITE NON HISPANIC,Emmett,16,94
2013,MALE,WHITE NON HISPANIC,Yoel,16,94
2013,MALE,WHITE NON HISPANIC,Otto,16,94
2013,MALE,WHITE NON HISPANIC,Ivan,16,94
2013,MALE,WHITE NON HISPANIC,Meyer,15,95
2013,MALE,WHITE NON HISPANIC,Kyle,15,95
2013,MALE,WHITE NON HISPANIC,Mendy,15,95
2013,MALE,WHITE NON HISPANIC,Baruch,15,95
2013,MALE,WHITE NON HISPANIC,Marcus,15,95
2013,MALE,WHITE NON HISPANIC,Ariel,15,95
2013,MALE,WHITE NON HISPANIC,Meyer,15,95
2013,MALE,WHITE NON HISPANIC,Grant,15,95
2013,MALE,WHITE NON HISPANIC,Grant,15,95
2013,MALE,WHITE NON HISPANIC,Moishe,15,95
2013,MALE,WHITE NON HISPANIC,Hersh,15,95
2013,MALE,WHITE NON HISPANIC,Lukas,15,95
2013,MALE,WHITE NON HISPANIC,Frank,15,95
2013,MALE,WHITE NON HISPANIC,Hersh,15,95
2013,MALE,WHITE NON HISPANIC,Sawyer,15,95
2013,MALE,WHITE NON HISPANIC,Baruch,15,95
2013,MALE,WHITE NON HISPANIC,Ariel,15,95
2013,MALE,WHITE NON HISPANIC,Moishe,15,95
2013,MALE,WHITE NON HISPANIC,Frank,15,95
2013,MALE,WHITE NON HISPANIC,Marcus,15,95
2013,MALE,WHITE NON HISPANIC,Lukas,15,95
2013,MALE,WHITE NON HISPANIC,Mendy,15,95
2013,MALE,WHITE NON HISPANIC,Sawyer,15,95
2013,MALE,WHITE NON HISPANIC,Kyle,15,95
2013,MALE,WHITE NON HISPANIC,Shloime,14,96
2013,MALE,WHITE NON HISPANIC,Dante,14,96
2013,MALE,WHITE NON HISPANIC,Yousef,14,96
2013,MALE,WHITE NON HISPANIC,Lev,14,96
2013,MALE,WHITE NON HISPANIC,Lev,14,96
2013,MALE,WHITE NON HISPANIC,Lincoln,14,96
2013,MALE,WHITE NON HISPANIC,Abdullah,14,96
2013,MALE,WHITE NON HISPANIC,Lincoln,14,96
2013,MALE,WHITE NON HISPANIC,Yousef,14,96
2013,MALE,WHITE NON HISPANIC,Shloime,14,96
2013,MALE,WHITE NON HISPANIC,Yassin,14,96
2013,MALE,WHITE NON HISPANIC,Yassin,14,96
2013,MALE,WHITE NON HISPANIC,Bennett,14,96
2013,MALE,WHITE NON HISPANIC,Abdullah,14,96
2013,MALE,WHITE NON HISPANIC,Rowan,14,96
2013,MALE,WHITE NON HISPANIC,Ryder,14,96
2013,MALE,WHITE NON HISPANIC,Ryder,14,96
2013,MALE,WHITE NON HISPANIC,Rowan,14,96
2013,MALE,WHITE NON HISPANIC,Santino,14,96
2013,MALE,WHITE NON HISPANIC,Dominick,14,96
2013,MALE,WHITE NON HISPANIC,Dominick,14,96
2013,MALE,WHITE NON HISPANIC,Colton,14,96
2013,MALE,WHITE NON HISPANIC,Dante,14,96
2013,MALE,WHITE NON HISPANIC,Bennett,14,96
2013,MALE,WHITE NON HISPANIC,Colton,14,96
2013,MALE,WHITE NON HISPANIC,Theo,14,96
2013,MALE,WHITE NON HISPANIC,Theo,14,96
2013,MALE,WHITE NON HISPANIC,Walter,13,97
2013,MALE,WHITE NON HISPANIC,Archer,13,97
2013,MALE,WHITE NON HISPANIC,Gianluca,13,97
2013,MALE,WHITE NON HISPANIC,Nico,13,97
2013,MALE,WHITE NON HISPANIC,Meilech,13,97
2013,MALE,WHITE NON HISPANIC,Boruch,13,97
2013,MALE,WHITE NON HISPANIC,Boruch,13,97
2013,MALE,WHITE NON HISPANIC,Beckett,13,97
2013,MALE,WHITE NON HISPANIC,Meilech,13,97
2013,MALE,WHITE NON HISPANIC,Archer,13,97
2013,MALE,WHITE NON HISPANIC,Riley,13,97
2013,MALE,WHITE NON HISPANIC,Beckett,13,97
2013,MALE,WHITE NON HISPANIC,Francis,13,97
2013,MALE,WHITE NON HISPANIC,Jax,13,97
2013,MALE,WHITE NON HISPANIC,Chesky,13,97
2013,MALE,WHITE NON HISPANIC,Chesky,13,97
2013,MALE,WHITE NON HISPANIC,Walter,13,97
2013,MALE,WHITE NON HISPANIC,Francis,13,97
2013,MALE,WHITE NON HISPANIC,Gianluca,13,97
2013,MALE,WHITE NON HISPANIC,Jax,13,97
2013,MALE,WHITE NON HISPANIC,Samir,13,97
2013,MALE,WHITE NON HISPANIC,Nico,13,97
2013,MALE,WHITE NON HISPANIC,Stephen,13,97
2013,MALE,WHITE NON HISPANIC,Damian,12,98
2013,MALE,WHITE NON HISPANIC,Francesco,12,98
2013,MALE,WHITE NON HISPANIC,Elan,12,98
2013,MALE,WHITE NON HISPANIC,Frederick,12,98
2013,MALE,WHITE NON HISPANIC,Arye,12,98
2013,MALE,WHITE NON HISPANIC,Massimo,12,98
2013,MALE,WHITE NON HISPANIC,Zalmen,12,98
2013,MALE,WHITE NON HISPANIC,Wolf,12,98
2013,MALE,WHITE NON HISPANIC,Ilan,12,98
2013,MALE,WHITE NON HISPANIC,Naftuli,12,98
2013,MALE,WHITE NON HISPANIC,Shane,12,98
2013,MALE,WHITE NON HISPANIC,Frederick,12,98
2013,MALE,WHITE NON HISPANIC,Damian,12,98
2013,MALE,WHITE NON HISPANIC,Yanky,12,98
2013,MALE,WHITE NON HISPANIC,Ilan,12,98
2013,MALE,WHITE NON HISPANIC,Francesco,12,98
2013,MALE,WHITE NON HISPANIC,Arye,12,98
2013,MALE,WHITE NON HISPANIC,Zalmen,12,98
2013,MALE,WHITE NON HISPANIC,Emmanuel,12,98
2013,MALE,WHITE NON HISPANIC,Yanky,12,98
2013,MALE,WHITE NON HISPANIC,Elliott,12,98
2013,MALE,WHITE NON HISPANIC,Dennis,12,98
2013,MALE,WHITE NON HISPANIC,Elliott,12,98
2013,MALE,WHITE NON HISPANIC,Dennis,12,98
2013,MALE,WHITE NON HISPANIC,Cheskel,12,98
2013,MALE,WHITE NON HISPANIC,Wolf,12,98
2013,MALE,WHITE NON HISPANIC,Elan,12,98
2013,MALE,WHITE NON HISPANIC,Massimo,12,98
2013,MALE,WHITE NON HISPANIC,Emmanuel,12,98
2013,MALE,WHITE NON HISPANIC,Cheskel,12,98
2013,MALE,WHITE NON HISPANIC,Naftuli,12,98
2013,MALE,WHITE NON HISPANIC,Shane,12,98
2013,MALE,WHITE NON HISPANIC,Silas,11,99
2013,MALE,WHITE NON HISPANIC,Alec,11,99
2013,MALE,WHITE NON HISPANIC,Julien,11,99
2013,MALE,WHITE NON HISPANIC,Rocco,11,99
2013,MALE,WHITE NON HISPANIC,Rocco,11,99
2013,MALE,WHITE NON HISPANIC,Morris,11,99
2013,MALE,WHITE NON HISPANIC,Landon,11,99
2013,MALE,WHITE NON HISPANIC,Jeremy,11,99
2013,MALE,WHITE NON HISPANIC,Joaquin,11,99
2013,MALE,WHITE NON HISPANIC,Ori,11,99
2013,MALE,WHITE NON HISPANIC,Greyson,11,99
2013,MALE,WHITE NON HISPANIC,Devin,11,99
2013,MALE,WHITE NON HISPANIC,Isaiah,11,99
2013,MALE,WHITE NON HISPANIC,Avi,11,99
2013,MALE,WHITE NON HISPANIC,Morris,11,99
2013,MALE,WHITE NON HISPANIC,Nachman,11,99
2013,MALE,WHITE NON HISPANIC,Yeshaya,11,99
2013,MALE,WHITE NON HISPANIC,Silas,11,99
2013,MALE,WHITE NON HISPANIC,Isaiah,11,99
2013,MALE,WHITE NON HISPANIC,Filip,11,99
2013,MALE,WHITE NON HISPANIC,Alec,11,99
2013,MALE,WHITE NON HISPANIC,Anton,11,99
2013,MALE,WHITE NON HISPANIC,Ori,11,99
2013,MALE,WHITE NON HISPANIC,Nachman,11,99
2013,MALE,WHITE NON HISPANIC,Shneur,11,99
2013,MALE,WHITE NON HISPANIC,Joaquin,11,99
2013,MALE,WHITE NON HISPANIC,Anton,11,99
2013,MALE,WHITE NON HISPANIC,Filip,11,99
2013,MALE,WHITE NON HISPANIC,Leonard,11,99
2013,MALE,WHITE NON HISPANIC,Hillel,11,99
2013,MALE,WHITE NON HISPANIC,Yeshaya,11,99
2013,MALE,WHITE NON HISPANIC,Landon,11,99
2013,MALE,WHITE NON HISPANIC,Greyson,11,99
2013,MALE,WHITE NON HISPANIC,Hillel,11,99
2013,MALE,WHITE NON HISPANIC,Julien,11,99
2013,MALE,WHITE NON HISPANIC,Jeremy,11,99
2013,MALE,WHITE NON HISPANIC,Avi,11,99
2013,MALE,WHITE NON HISPANIC,Shneur,11,99
2013,MALE,WHITE NON HISPANIC,Devin,11,99
2013,MALE,WHITE NON HISPANIC,Leonard,11,99
2013,MALE,WHITE NON HISPANIC,Bryce,11,99
2013,MALE,WHITE NON HISPANIC,Jace,10,100
2013,MALE,WHITE NON HISPANIC,Rory,10,100
2013,MALE,WHITE NON HISPANIC,Binyomin,10,100
2013,MALE,WHITE NON HISPANIC,Ronan,10,100
2013,MALE,WHITE NON HISPANIC,Quinn,10,100
2013,MALE,WHITE NON HISPANIC,Shraga,10,100
2013,MALE,WHITE NON HISPANIC,Jace,10,100
2013,MALE,WHITE NON HISPANIC,Ahmad,10,100
2013,MALE,WHITE NON HISPANIC,Orion,10,100
2013,MALE,WHITE NON HISPANIC,Shalom,10,100
2013,MALE,WHITE NON HISPANIC,Stanley,10,100
2013,MALE,WHITE NON HISPANIC,Giancarlo,10,100
2013,MALE,WHITE NON HISPANIC,Shloimy,10,100
2013,MALE,WHITE NON HISPANIC,Pinchas,10,100
2013,MALE,WHITE NON HISPANIC,Quinn,10,100
2013,MALE,WHITE NON HISPANIC,Axel,10,100
2013,MALE,WHITE NON HISPANIC,Bradley,10,100
2013,MALE,WHITE NON HISPANIC,Shalom,10,100
2013,MALE,WHITE NON HISPANIC,Laith,10,100
2013,MALE,WHITE NON HISPANIC,Rhys,10,100
2013,MALE,WHITE NON HISPANIC,Stanley,10,100
2013,MALE,WHITE NON HISPANIC,Binyomin,10,100
2013,MALE,WHITE NON HISPANIC,Bradley,10,100
2013,MALE,WHITE NON HISPANIC,Duvid,10,100
2013,MALE,WHITE NON HISPANIC,Rhys,10,100
2013,MALE,WHITE NON HISPANIC,Ronan,10,100
2013,MALE,WHITE NON HISPANIC,Rory,10,100
2013,MALE,WHITE NON HISPANIC,Axel,10,100
2013,MALE,WHITE NON HISPANIC,Laith,10,100
2013,MALE,WHITE NON HISPANIC,Shraga,10,100
2013,MALE,WHITE NON HISPANIC,Myles,10,100
2013,MALE,WHITE NON HISPANIC,Shloimy,10,100
2013,MALE,WHITE NON HISPANIC,Pinchas,10,100
2013,MALE,WHITE NON HISPANIC,Orion,10,100
2013,MALE,WHITE NON HISPANIC,Yitzchak,10,100
2013,MALE,WHITE NON HISPANIC,Duvid,10,100
2013,MALE,WHITE NON HISPANIC,Giancarlo,10,100
2013,MALE,WHITE NON HISPANIC,Ahmad,10,100
2013,MALE,WHITE NON HISPANIC,Yitzchak,10,100
2013,MALE,WHITE NON HISPANIC,Myles,10,100
2012,FEMALE,ASIAN AND PACI,CHLOE,172,1
2012,FEMALE,ASIAN AND PACI,CHLOE,172,1
2012,FEMALE,ASIAN AND PACI,SOPHIA,144,2
2012,FEMALE,ASIAN AND PACI,SOPHIA,144,2
2012,FEMALE,ASIAN AND PACI,OLIVIA,132,3
2012,FEMALE,ASIAN AND PACI,OLIVIA,132,3
2012,FEMALE,ASIAN AND PACI,EMILY,110,4
2012,FEMALE,ASIAN AND PACI,EMILY,110,4
2012,FEMALE,ASIAN AND PACI,EMMA,97,5
2012,FEMALE,ASIAN AND PACI,ISABELLA,64,6
2012,FEMALE,ASIAN AND PACI,ANGELA,52,7
2012,FEMALE,ASIAN AND PACI,ELLA,52,7
2012,FEMALE,ASIAN AND PACI,ANGELA,52,7
2012,FEMALE,ASIAN AND PACI,ELLA,52,7
2012,FEMALE,ASIAN AND PACI,GRACE,51,8
2012,FEMALE,ASIAN AND PACI,GRACE,51,8
2012,FEMALE,ASIAN AND PACI,HAILEY,50,9
2012,FEMALE,ASIAN AND PACI,HAILEY,50,9
2012,FEMALE,ASIAN AND PACI,MIA,49,10
2012,FEMALE,ASIAN AND PACI,MIA,49,10
2012,FEMALE,ASIAN AND PACI,FIONA,49,10
2012,FEMALE,ASIAN AND PACI,FIONA,49,10
2012,FEMALE,ASIAN AND PACI,MICHELLE,48,11
2012,FEMALE,ASIAN AND PACI,MICHELLE,48,11
2012,FEMALE,ASIAN AND PACI,SARAH,47,12
2012,FEMALE,ASIAN AND PACI,AVA,47,12
2012,FEMALE,ASIAN AND PACI,SARAH,47,12
2012,FEMALE,ASIAN AND PACI,AVA,47,12
2012,FEMALE,ASIAN AND PACI,HANNAH,46,13
2012,FEMALE,ASIAN AND PACI,HANNAH,46,13
2012,FEMALE,ASIAN AND PACI,ASHLEY,45,14
2012,FEMALE,ASIAN AND PACI,ASHLEY,45,14
2012,FEMALE,ASIAN AND PACI,TIFFANY,42,15
2012,FEMALE,ASIAN AND PACI,TIFFANY,42,15
2012,FEMALE,ASIAN AND PACI,SELINA,41,16
2012,FEMALE,ASIAN AND PACI,SELINA,41,16
2012,FEMALE,ASIAN AND PACI,JESSICA,40,17
2012,FEMALE,ASIAN AND PACI,JESSICA,40,17
2012,FEMALE,ASIAN AND PACI,VIVIAN,40,17
2012,FEMALE,ASIAN AND PACI,SOPHIE,40,17
2012,FEMALE,ASIAN AND PACI,VIVIAN,40,17
2012,FEMALE,ASIAN AND PACI,SOPHIE,40,17
2012,FEMALE,ASIAN AND PACI,ANNA,39,18
2012,FEMALE,ASIAN AND PACI,ANNA,39,18
2012,FEMALE,ASIAN AND PACI,KATHERINE,37,19
2012,FEMALE,ASIAN AND PACI,JOANNA,37,19
2012,FEMALE,ASIAN AND PACI,KATHERINE,37,19
2012,FEMALE,ASIAN AND PACI,ALICE,37,19
2012,FEMALE,ASIAN AND PACI,EVELYN,37,19
2012,FEMALE,ASIAN AND PACI,JOANNA,37,19
2012,FEMALE,ASIAN AND PACI,EVELYN,37,19
2012,FEMALE,ASIAN AND PACI,ALICE,37,19
2012,FEMALE,ASIAN AND PACI,IVY,35,20
2012,FEMALE,ASIAN AND PACI,AUDREY,35,20
2012,FEMALE,ASIAN AND PACI,AUDREY,35,20
2012,FEMALE,ASIAN AND PACI,IVY,35,20
2012,FEMALE,ASIAN AND PACI,SAMANTHA,34,21
2012,FEMALE,ASIAN AND PACI,SAMANTHA,34,21
2012,FEMALE,ASIAN AND PACI,FATIMA,33,22
2012,FEMALE,ASIAN AND PACI,STELLA,33,22
2012,FEMALE,ASIAN AND PACI,STELLA,33,22
2012,FEMALE,ASIAN AND PACI,FATIMA,33,22
2012,FEMALE,ASIAN AND PACI,NICOLE,32,23
2012,FEMALE,ASIAN AND PACI,ZOE,32,23
2012,FEMALE,ASIAN AND PACI,NICOLE,32,23
2012,FEMALE,ASIAN AND PACI,TENZIN,31,24
2012,FEMALE,ASIAN AND PACI,ELIZABETH,31,24
2012,FEMALE,ASIAN AND PACI,ELIZABETH,31,24
2012,FEMALE,ASIAN AND PACI,TENZIN,31,24
2012,FEMALE,ASIAN AND PACI,ALINA,30,25
2012,FEMALE,ASIAN AND PACI,ALINA,30,25
2012,FEMALE,ASIAN AND PACI,ABIGAIL,29,26
2012,FEMALE,ASIAN AND PACI,WINNIE,29,26
2012,FEMALE,ASIAN AND PACI,WINNIE,29,26
2012,FEMALE,ASIAN AND PACI,NATALIE,29,26
2012,FEMALE,ASIAN AND PACI,ABIGAIL,29,26
2012,FEMALE,ASIAN AND PACI,NATALIE,29,26
2012,FEMALE,ASIAN AND PACI,EVA,28,27
2012,FEMALE,ASIAN AND PACI,JOYCE,28,27
2012,FEMALE,ASIAN AND PACI,MAYA,28,27
2012,FEMALE,ASIAN AND PACI,JOYCE,28,27
2012,FEMALE,ASIAN AND PACI,MAYA,28,27
2012,FEMALE,ASIAN AND PACI,EVA,28,27
2012,FEMALE,ASIAN AND PACI,CLAIRE,27,28
2012,FEMALE,ASIAN AND PACI,CLAIRE,27,28
2012,FEMALE,ASIAN AND PACI,MELODY,26,29
2012,FEMALE,ASIAN AND PACI,JASMINE,26,29
2012,FEMALE,ASIAN AND PACI,CATHERINE,26,29
2012,FEMALE,ASIAN AND PACI,JENNY,26,29
2012,FEMALE,ASIAN AND PACI,JASMINE,26,29
2012,FEMALE,ASIAN AND PACI,CATHERINE,26,29
2012,FEMALE,ASIAN AND PACI,JENNY,26,29
2012,FEMALE,ASIAN AND PACI,MELODY,26,29
2012,FEMALE,ASIAN AND PACI,ANNIE,25,30
2012,FEMALE,ASIAN AND PACI,VICTORIA,25,30
2012,FEMALE,ASIAN AND PACI,ANNIE,25,30
2012,FEMALE,ASIAN AND PACI,VICKY,25,30
2012,FEMALE,ASIAN AND PACI,VICTORIA,25,30
2012,FEMALE,ASIAN AND PACI,VICKY,25,30
2012,FEMALE,ASIAN AND PACI,RACHEL,24,31
2012,FEMALE,ASIAN AND PACI,RACHEL,24,31
2012,FEMALE,ASIAN AND PACI,SARA,24,31
2012,FEMALE,ASIAN AND PACI,KAYLEE,24,31
2012,FEMALE,ASIAN AND PACI,SOFIA,24,31
2012,FEMALE,ASIAN AND PACI,SOFIA,24,31
2012,FEMALE,ASIAN AND PACI,SARA,24,31
2012,FEMALE,ASIAN AND PACI,KAYLEE,24,31
2012,FEMALE,ASIAN AND PACI,ERICA,23,32
2012,FEMALE,ASIAN AND PACI,AMY,23,32
2012,FEMALE,ASIAN AND PACI,ERICA,23,32
2012,FEMALE,ASIAN AND PACI,JENNIFER,23,32
2012,FEMALE,ASIAN AND PACI,JENNIFER,23,32
2012,FEMALE,ASIAN AND PACI,IRENE,23,32
2012,FEMALE,ASIAN AND PACI,AMY,23,32
2012,FEMALE,ASIAN AND PACI,IRENE,23,32
2012,FEMALE,ASIAN AND PACI,SELENA,22,33
2012,FEMALE,ASIAN AND PACI,AMANDA,22,33
2012,FEMALE,ASIAN AND PACI,SERENA,22,33
2012,FEMALE,ASIAN AND PACI,CHARLOTTE,22,33
2012,FEMALE,ASIAN AND PACI,SERENA,22,33
2012,FEMALE,ASIAN AND PACI,SABRINA,22,33
2012,FEMALE,ASIAN AND PACI,SELENA,22,33
2012,FEMALE,ASIAN AND PACI,SABRINA,22,33
2012,FEMALE,ASIAN AND PACI,PHOEBE,22,33
2012,FEMALE,ASIAN AND PACI,AMANDA,22,33
2012,FEMALE,ASIAN AND PACI,ARIA,22,33
2012,FEMALE,ASIAN AND PACI,PHOEBE,22,33
2012,FEMALE,ASIAN AND PACI,CHARLOTTE,22,33
2012,FEMALE,ASIAN AND PACI,LILY,22,33
2012,FEMALE,ASIAN AND PACI,ARIA,22,33
2012,FEMALE,ASIAN AND PACI,AVERY,21,34
2012,FEMALE,ASIAN AND PACI,IRIS,21,34
2012,FEMALE,ASIAN AND PACI,IRIS,21,34
2012,FEMALE,ASIAN AND PACI,ELAINE,21,34
2012,FEMALE,ASIAN AND PACI,ARIANNA,21,34
2012,FEMALE,ASIAN AND PACI,ELAINE,21,34
2012,FEMALE,ASIAN AND PACI,ARIANNA,21,34
2012,FEMALE,ASIAN AND PACI,AVERY,21,34
2012,FEMALE,ASIAN AND PACI,AMELIA,20,35
2012,FEMALE,ASIAN AND PACI,MADISON,20,35
2012,FEMALE,ASIAN AND PACI,MADISON,20,35
2012,FEMALE,ASIAN AND PACI,QUEENIE,20,35
2012,FEMALE,ASIAN AND PACI,QUEENIE,20,35
2012,FEMALE,ASIAN AND PACI,ZOEY,20,35
2012,FEMALE,ASIAN AND PACI,SHIRLEY,20,35
2012,FEMALE,ASIAN AND PACI,AMELIA,20,35
2012,FEMALE,ASIAN AND PACI,KAITLYN,20,35
2012,FEMALE,ASIAN AND PACI,KAITLYN,20,35
2012,FEMALE,ASIAN AND PACI,ZOEY,20,35
2012,FEMALE,ASIAN AND PACI,SHIRLEY,20,35
2012,FEMALE,ASIAN AND PACI,AYESHA,19,36
2012,FEMALE,ASIAN AND PACI,AMBER,19,36
2012,FEMALE,ASIAN AND PACI,STEPHANIE,19,36
2012,FEMALE,ASIAN AND PACI,BELLA,19,36
2012,FEMALE,ASIAN AND PACI,ANYA,19,36
2012,FEMALE,ASIAN AND PACI,AYESHA,19,36
2012,FEMALE,ASIAN AND PACI,JOCELYN,19,36
2012,FEMALE,ASIAN AND PACI,CYNTHIA,19,36
2012,FEMALE,ASIAN AND PACI,MEGAN,19,36
2012,FEMALE,ASIAN AND PACI,JOCELYN,19,36
2012,FEMALE,ASIAN AND PACI,BELLA,19,36
2012,FEMALE,ASIAN AND PACI,MEGAN,19,36
2012,FEMALE,ASIAN AND PACI,ANYA,19,36
2012,FEMALE,ASIAN AND PACI,CYNTHIA,19,36
2012,FEMALE,ASIAN AND PACI,STEPHANIE,19,36
2012,FEMALE,ASIAN AND PACI,AMBER,19,36
2012,FEMALE,ASIAN AND PACI,ARIANA,18,37
2012,FEMALE,ASIAN AND PACI,ZAINAB,18,37
2012,FEMALE,ASIAN AND PACI,CHRISTINA,18,37
2012,FEMALE,ASIAN AND PACI,CHRISTINA,18,37
2012,FEMALE,ASIAN AND PACI,CHELSEA,18,37
2012,FEMALE,ASIAN AND PACI,CHELSEA,18,37
2012,FEMALE,ASIAN AND PACI,JANNAT,18,37
2012,FEMALE,ASIAN AND PACI,ARIANA,18,37
2012,FEMALE,ASIAN AND PACI,ALYSSA,18,37
2012,FEMALE,ASIAN AND PACI,ZAINAB,18,37
2012,FEMALE,ASIAN AND PACI,ALYSSA,18,37
2012,FEMALE,ASIAN AND PACI,ALEXIS,18,37
2012,FEMALE,ASIAN AND PACI,ALEXIS,18,37
2012,FEMALE,ASIAN AND PACI,JANNAT,18,37
2012,FEMALE,ASIAN AND PACI,AMINA,18,37
2012,FEMALE,ASIAN AND PACI,AMINA,18,37
2012,FEMALE,ASIAN AND PACI,KAYLA,17,38
2012,FEMALE,ASIAN AND PACI,LINDA,17,38
2012,FEMALE,ASIAN AND PACI,ANGELINA,17,38
2012,FEMALE,ASIAN AND PACI,XIN,17,38
2012,FEMALE,ASIAN AND PACI,ANGELINA,17,38
2012,FEMALE,ASIAN AND PACI,NINA,17,38
2012,FEMALE,ASIAN AND PACI,ZARA,17,38
2012,FEMALE,ASIAN AND PACI,ZARA,17,38
2012,FEMALE,ASIAN AND PACI,XIN,17,38
2012,FEMALE,ASIAN AND PACI,KATE,17,38
2012,FEMALE,ASIAN AND PACI,ISABELLE,17,38
2012,FEMALE,ASIAN AND PACI,CRYSTAL,17,38
2012,FEMALE,ASIAN AND PACI,NINA,17,38
2012,FEMALE,ASIAN AND PACI,KAYLA,17,38
2012,FEMALE,ASIAN AND PACI,CRYSTAL,17,38
2012,FEMALE,ASIAN AND PACI,LINDA,17,38
2012,FEMALE,ASIAN AND PACI,ELLIE,17,38
2012,FEMALE,ASIAN AND PACI,ELLIE,17,38
2012,FEMALE,ASIAN AND PACI,ISABELLE,17,38
2012,FEMALE,ASIAN AND PACI,LILLIAN,16,39
2012,FEMALE,ASIAN AND PACI,ERIN,16,39
2012,FEMALE,ASIAN AND PACI,ALLISON,16,39
2012,FEMALE,ASIAN AND PACI,MAGGIE,16,39
2012,FEMALE,ASIAN AND PACI,MAGGIE,16,39
2012,FEMALE,ASIAN AND PACI,ESTHER,16,39
2012,FEMALE,ASIAN AND PACI,LILLIAN,16,39
2012,FEMALE,ASIAN AND PACI,ERIN,16,39
2012,FEMALE,ASIAN AND PACI,ESTHER,16,39
2012,FEMALE,ASIAN AND PACI,LEAH,16,39
2012,FEMALE,ASIAN AND PACI,ALLISON,16,39
2012,FEMALE,ASIAN AND PACI,LEAH,16,39
2012,FEMALE,ASIAN AND PACI,TINA,15,40
2012,FEMALE,ASIAN AND PACI,VANESSA,15,40
2012,FEMALE,ASIAN AND PACI,MANHA,15,40
2012,FEMALE,ASIAN AND PACI,KYLIE,15,40
2012,FEMALE,ASIAN AND PACI,ELEANOR,15,40
2012,FEMALE,ASIAN AND PACI,EILEEN,15,40
2012,FEMALE,ASIAN AND PACI,VANESSA,15,40
2012,FEMALE,ASIAN AND PACI,EILEEN,15,40
2012,FEMALE,ASIAN AND PACI,KYLIE,15,40
2012,FEMALE,ASIAN AND PACI,CINDY,15,40
2012,FEMALE,ASIAN AND PACI,ELEANOR,15,40
2012,FEMALE,ASIAN AND PACI,CINDY,15,40
2012,FEMALE,ASIAN AND PACI,MANDY,15,40
2012,FEMALE,ASIAN AND PACI,GABRIELLA,15,40
2012,FEMALE,ASIAN AND PACI,CONNIE,15,40
2012,FEMALE,ASIAN AND PACI,GABRIELLA,15,40
2012,FEMALE,ASIAN AND PACI,TINA,15,40
2012,FEMALE,ASIAN AND PACI,CONNIE,15,40
2012,FEMALE,ASIAN AND PACI,MANHA,15,40
2012,FEMALE,ASIAN AND PACI,MANDY,15,40
2012,FEMALE,ASIAN AND PACI,ANISHA,14,41
2012,FEMALE,ASIAN AND PACI,ANGEL,14,41
2012,FEMALE,ASIAN AND PACI,JANICE,14,41
2012,FEMALE,ASIAN AND PACI,CHRISTINE,14,41
2012,FEMALE,ASIAN AND PACI,ELINA,14,41
2012,FEMALE,ASIAN AND PACI,ZAHRA,14,41
2012,FEMALE,ASIAN AND PACI,REBECCA,14,41
2012,FEMALE,ASIAN AND PACI,ANISHA,14,41
2012,FEMALE,ASIAN AND PACI,REBECCA,14,41
2012,FEMALE,ASIAN AND PACI,MILA,14,41
2012,FEMALE,ASIAN AND PACI,JOY,14,41
2012,FEMALE,ASIAN AND PACI,ANGEL,14,41
2012,FEMALE,ASIAN AND PACI,CHRISTINE,14,41
2012,FEMALE,ASIAN AND PACI,MILA,14,41
2012,FEMALE,ASIAN AND PACI,JANICE,14,41
2012,FEMALE,ASIAN AND PACI,JOY,14,41
2012,FEMALE,ASIAN AND PACI,ELINA,14,41
2012,FEMALE,ASIAN AND PACI,SHARON,14,41
2012,FEMALE,ASIAN AND PACI,SHARON,14,41
2012,FEMALE,ASIAN AND PACI,ZAHRA,14,41
2012,FEMALE,ASIAN AND PACI,DORIS,13,42
2012,FEMALE,ASIAN AND PACI,ARYA,13,42
2012,FEMALE,ASIAN AND PACI,DORIS,13,42
2012,FEMALE,ASIAN AND PACI,KAREN,13,42
2012,FEMALE,ASIAN AND PACI,LYDIA,13,42
2012,FEMALE,ASIAN AND PACI,SHERRY,13,42
2012,FEMALE,ASIAN AND PACI,SYDNEY,13,42
2012,FEMALE,ASIAN AND PACI,SHERRY,13,42
2012,FEMALE,ASIAN AND PACI,KIMBERLY,13,42
2012,FEMALE,ASIAN AND PACI,KELLY,13,42
2012,FEMALE,ASIAN AND PACI,KIMBERLY,13,42
2012,FEMALE,ASIAN AND PACI,SYDNEY,13,42
2012,FEMALE,ASIAN AND PACI,ARYA,13,42
2012,FEMALE,ASIAN AND PACI,LYDIA,13,42
2012,FEMALE,ASIAN AND PACI,MARYAM,13,42
2012,FEMALE,ASIAN AND PACI,KELLY,13,42
2012,FEMALE,ASIAN AND PACI,MARYAM,13,42
2012,FEMALE,ASIAN AND PACI,ALISHA,13,42
2012,FEMALE,ASIAN AND PACI,LAYLA,13,42
2012,FEMALE,ASIAN AND PACI,ALISHA,13,42
2012,FEMALE,ASIAN AND PACI,KAREN,13,42
2012,FEMALE,ASIAN AND PACI,LAYLA,13,42
2012,FEMALE,ASIAN AND PACI,ALEXANDRA,12,43
2012,FEMALE,ASIAN AND PACI,KATIE,12,43
2012,FEMALE,ASIAN AND PACI,ANAYA,12,43
2012,FEMALE,ASIAN AND PACI,ADA,12,43
2012,FEMALE,ASIAN AND PACI,ADA,12,43
2012,FEMALE,ASIAN AND PACI,LAUREN,12,43
2012,FEMALE,ASIAN AND PACI,CECILIA,12,43
2012,FEMALE,ASIAN AND PACI,BONNIE,12,43
2012,FEMALE,ASIAN AND PACI,HELEN,12,43
2012,FEMALE,ASIAN AND PACI,ANNABELLE,12,43
2012,FEMALE,ASIAN AND PACI,KHLOE,12,43
2012,FEMALE,ASIAN AND PACI,KATELYN,12,43
2012,FEMALE,ASIAN AND PACI,HELEN,12,43
2012,FEMALE,ASIAN AND PACI,KATELYN,12,43
2012,FEMALE,ASIAN AND PACI,BONNIE,12,43
2012,FEMALE,ASIAN AND PACI,ARIEL,12,43
2012,FEMALE,ASIAN AND PACI,CECILIA,12,43
2012,FEMALE,ASIAN AND PACI,ANNABELLE,12,43
2012,FEMALE,ASIAN AND PACI,KHLOE,12,43
2012,FEMALE,ASIAN AND PACI,KATIE,12,43
2012,FEMALE,ASIAN AND PACI,ARIEL,12,43
2012,FEMALE,ASIAN AND PACI,LAUREN,12,43
2012,FEMALE,ASIAN AND PACI,MIRANDA,11,44
2012,FEMALE,ASIAN AND PACI,AISHA,11,44
2012,FEMALE,ASIAN AND PACI,HAFSA,11,44
2012,FEMALE,ASIAN AND PACI,AMAYA,11,44
2012,FEMALE,ASIAN AND PACI,DAPHNE,11,44
2012,FEMALE,ASIAN AND PACI,CAROLINE,11,44
2012,FEMALE,ASIAN AND PACI,ARISHA,11,44
2012,FEMALE,ASIAN AND PACI,CAROLINE,11,44
2012,FEMALE,ASIAN AND PACI,AISHA,11,44
2012,FEMALE,ASIAN AND PACI,ARISHA,11,44
2012,FEMALE,ASIAN AND PACI,HAREEM,11,44
2012,FEMALE,ASIAN AND PACI,DAPHNE,11,44
2012,FEMALE,ASIAN AND PACI,DIYA,11,44
2012,FEMALE,ASIAN AND PACI,AMAYA,11,44
2012,FEMALE,ASIAN AND PACI,ELENA,11,44
2012,FEMALE,ASIAN AND PACI,MELANIE,11,44
2012,FEMALE,ASIAN AND PACI,HAFSA,11,44
2012,FEMALE,ASIAN AND PACI,ELENA,11,44
2012,FEMALE,ASIAN AND PACI,HAREEM,11,44
2012,FEMALE,ASIAN AND PACI,SAVANNAH,11,44
2012,FEMALE,ASIAN AND PACI,SAVANNAH,11,44
2012,FEMALE,ASIAN AND PACI,DIYA,11,44
2012,FEMALE,ASIAN AND PACI,ABBY,11,44
2012,FEMALE,ASIAN AND PACI,MIRANDA,11,44
2012,FEMALE,ASIAN AND PACI,ABBY,11,44
2012,FEMALE,ASIAN AND PACI,MELANIE,11,44
2012,FEMALE,ASIAN AND PACI,SUMMER,10,45
2012,FEMALE,ASIAN AND PACI,ATHENA,10,45
2012,FEMALE,ASIAN AND PACI,SYEDA,10,45
2012,FEMALE,ASIAN AND PACI,RILEY,10,45
2012,FEMALE,ASIAN AND PACI,HAZEL,10,45
2012,FEMALE,ASIAN AND PACI,JUDY,10,45
2012,FEMALE,ASIAN AND PACI,JOLIN,10,45
2012,FEMALE,ASIAN AND PACI,BRIANNA,10,45
2012,FEMALE,ASIAN AND PACI,JOLIN,10,45
2012,FEMALE,ASIAN AND PACI,PENELOPE,10,45
2012,FEMALE,ASIAN AND PACI,TASNIM,10,45
2012,FEMALE,ASIAN AND PACI,JUDY,10,45
2012,FEMALE,ASIAN AND PACI,VIOLET,10,45
2012,FEMALE,ASIAN AND PACI,JULIA,10,45
2012,FEMALE,ASIAN AND PACI,SYEDA,10,45
2012,FEMALE,ASIAN AND PACI,MADELEINE,10,45
2012,FEMALE,ASIAN AND PACI,BRIANNA,10,45
2012,FEMALE,ASIAN AND PACI,ATHENA,10,45
2012,FEMALE,ASIAN AND PACI,TASNIM,10,45
2012,FEMALE,ASIAN AND PACI,PENELOPE,10,45
2012,FEMALE,ASIAN AND PACI,SUMMER,10,45
2012,FEMALE,ASIAN AND PACI,FAITH,10,45
2012,FEMALE,ASIAN AND PACI,MADELEINE,10,45
2012,FEMALE,ASIAN AND PACI,VIOLET,10,45
2012,FEMALE,ASIAN AND PACI,RILEY,10,45
2012,FEMALE,ASIAN AND PACI,HAZEL,10,45
2012,FEMALE,ASIAN AND PACI,FAITH,10,45
2012,FEMALE,BLACK NON HISP,MADISON,159,1
2012,FEMALE,BLACK NON HISP,LONDON,87,2
2012,FEMALE,BLACK NON HISP,TAYLOR,71,3
2012,FEMALE,BLACK NON HISP,TAYLOR,71,3
2012,FEMALE,BLACK NON HISP,CHLOE,70,4
2012,FEMALE,BLACK NON HISP,ABIGAIL,66,5
2012,FEMALE,BLACK NON HISP,ABIGAIL,66,5
2012,FEMALE,BLACK NON HISP,KAYLA,62,6
2012,FEMALE,BLACK NON HISP,KAYLA,62,6
2012,FEMALE,BLACK NON HISP,SERENITY,59,7
2012,FEMALE,BLACK NON HISP,SERENITY,59,7
2012,FEMALE,BLACK NON HISP,OLIVIA,58,8
2012,FEMALE,BLACK NON HISP,OLIVIA,58,8
2012,FEMALE,BLACK NON HISP,NEVAEH,57,9
2012,FEMALE,BLACK NON HISP,NEVAEH,57,9
2012,FEMALE,BLACK NON HISP,AALIYAH,55,10
2012,FEMALE,BLACK NON HISP,AALIYAH,55,10
2012,FEMALE,BLACK NON HISP,MAKAYLA,53,11
2012,FEMALE,BLACK NON HISP,MAKAYLA,53,11
2012,FEMALE,BLACK NON HISP,KHLOE,49,12
2012,FEMALE,BLACK NON HISP,KHLOE,49,12
2012,FEMALE,BLACK NON HISP,AVA,48,13
2012,FEMALE,BLACK NON HISP,AVA,48,13
2012,FEMALE,BLACK NON HISP,NYLA,47,14
2012,FEMALE,BLACK NON HISP,NYLA,47,14
2012,FEMALE,BLACK NON HISP,FATOUMATA,46,15
2012,FEMALE,BLACK NON HISP,FATOUMATA,46,15
2012,FEMALE,BLACK NON HISP,ISABELLA,43,16
2012,FEMALE,BLACK NON HISP,ISABELLA,43,16
2012,FEMALE,BLACK NON HISP,SKYLAR,43,16
2012,FEMALE,BLACK NON HISP,SKYLAR,43,16
2012,FEMALE,BLACK NON HISP,GABRIELLE,42,17
2012,FEMALE,BLACK NON HISP,FAITH,42,17
2012,FEMALE,BLACK NON HISP,BRIELLE,42,17
2012,FEMALE,BLACK NON HISP,FAITH,42,17
2012,FEMALE,BLACK NON HISP,BRIELLE,42,17
2012,FEMALE,BLACK NON HISP,GABRIELLE,42,17
2012,FEMALE,BLACK NON HISP,MIA,41,18
2012,FEMALE,BLACK NON HISP,MIA,41,18
2012,FEMALE,BLACK NON HISP,VICTORIA,39,19
2012,FEMALE,BLACK NON HISP,LAILA,38,20
2012,FEMALE,BLACK NON HISP,ARIANNA,38,20
2012,FEMALE,BLACK NON HISP,DESTINY,38,20
2012,FEMALE,BLACK NON HISP,LAILA,38,20
2012,FEMALE,BLACK NON HISP,ARIANNA,38,20
2012,FEMALE,BLACK NON HISP,SAVANNAH,37,21
2012,FEMALE,BLACK NON HISP,AMAYA,37,21
2012,FEMALE,BLACK NON HISP,AMAYA,37,21
2012,FEMALE,BLACK NON HISP,SAVANNAH,37,21
2012,FEMALE,BLACK NON HISP,ARIEL,36,22
2012,FEMALE,BLACK NON HISP,ARIEL,36,22
2012,FEMALE,BLACK NON HISP,PEYTON,36,22
2012,FEMALE,BLACK NON HISP,ZOE,36,22
2012,FEMALE,BLACK NON HISP,PEYTON,36,22
2012,FEMALE,BLACK NON HISP,ZOE,36,22
2012,FEMALE,BLACK NON HISP,EMILY,35,23
2012,FEMALE,BLACK NON HISP,LEAH,35,23
2012,FEMALE,BLACK NON HISP,LEAH,35,23
2012,FEMALE,BLACK NON HISP,EMILY,35,23
2012,FEMALE,BLACK NON HISP,IMANI,34,24
2012,FEMALE,BLACK NON HISP,MARIAM,34,24
2012,FEMALE,BLACK NON HISP,IMANI,34,24
2012,FEMALE,BLACK NON HISP,MARIAM,34,24
2012,FEMALE,BLACK NON HISP,NAOMI,33,25
2012,FEMALE,BLACK NON HISP,NAOMI,33,25
2012,FEMALE,BLACK NON HISP,NIA,32,26
2012,FEMALE,BLACK NON HISP,BRIANNA,32,26
2012,FEMALE,BLACK NON HISP,NIA,32,26
2012,FEMALE,BLACK NON HISP,JADE,32,26
2012,FEMALE,BLACK NON HISP,BRIANNA,32,26
2012,FEMALE,BLACK NON HISP,LAUREN,32,26
2012,FEMALE,BLACK NON HISP,JADE,32,26
2012,FEMALE,BLACK NON HISP,LAUREN,32,26
2012,FEMALE,BLACK NON HISP,KYLIE,31,27
2012,FEMALE,BLACK NON HISP,NYLAH,31,27
2012,FEMALE,BLACK NON HISP,ELIZABETH,31,27
2012,FEMALE,BLACK NON HISP,ELIZABETH,31,27
2012,FEMALE,BLACK NON HISP,KYLIE,31,27
2012,FEMALE,BLACK NON HISP,NYLAH,31,27
2012,FEMALE,BLACK NON HISP,ALYSSA,30,28
2012,FEMALE,BLACK NON HISP,ANIYAH,30,28
2012,FEMALE,BLACK NON HISP,ANIYAH,30,28
2012,FEMALE,BLACK NON HISP,ALYSSA,30,28
2012,FEMALE,BLACK NON HISP,KAYLEE,30,28
2012,FEMALE,BLACK NON HISP,PARIS,29,29
2012,FEMALE,BLACK NON HISP,MAYA,29,29
2012,FEMALE,BLACK NON HISP,FATIMA,29,29
2012,FEMALE,BLACK NON HISP,CHELSEA,29,29
2012,FEMALE,BLACK NON HISP,PARIS,29,29
2012,FEMALE,BLACK NON HISP,SARAH,29,29
2012,FEMALE,BLACK NON HISP,SKYLA,29,29
2012,FEMALE,BLACK NON HISP,FATIMA,29,29
2012,FEMALE,BLACK NON HISP,SKYLA,29,29
2012,FEMALE,BLACK NON HISP,SARAH,29,29
2012,FEMALE,BLACK NON HISP,CHELSEA,29,29
2012,FEMALE,BLACK NON HISP,AUTUMN,29,29
2012,FEMALE,BLACK NON HISP,MAYA,29,29
2012,FEMALE,BLACK NON HISP,JADA,28,30
2012,FEMALE,BLACK NON HISP,HAILEY,28,30
2012,FEMALE,BLACK NON HISP,JADA,28,30
2012,FEMALE,BLACK NON HISP,HAILEY,28,30
2012,FEMALE,BLACK NON HISP,JASMINE,27,31
2012,FEMALE,BLACK NON HISP,AMIRAH,27,31
2012,FEMALE,BLACK NON HISP,SUMMER,27,31
2012,FEMALE,BLACK NON HISP,AMIRAH,27,31
2012,FEMALE,BLACK NON HISP,AUBREY,27,31
2012,FEMALE,BLACK NON HISP,EMMA,27,31
2012,FEMALE,BLACK NON HISP,EMMA,27,31
2012,FEMALE,BLACK NON HISP,AUBREY,27,31
2012,FEMALE,BLACK NON HISP,SUMMER,27,31
2012,FEMALE,BLACK NON HISP,JASMINE,27,31
2012,FEMALE,BLACK NON HISP,JAYLA,25,32
2012,FEMALE,BLACK NON HISP,PAIGE,25,32
2012,FEMALE,BLACK NON HISP,HEAVEN,25,32
2012,FEMALE,BLACK NON HISP,PAIGE,25,32
2012,FEMALE,BLACK NON HISP,KENNEDY,25,32
2012,FEMALE,BLACK NON HISP,JAYLA,25,32
2012,FEMALE,BLACK NON HISP,ALANA,25,32
2012,FEMALE,BLACK NON HISP,ALANA,25,32
2012,FEMALE,BLACK NON HISP,KENNEDY,25,32
2012,FEMALE,BLACK NON HISP,GABRIELLA,25,32
2012,FEMALE,BLACK NON HISP,HEAVEN,25,32
2012,FEMALE,BLACK NON HISP,GABRIELLA,25,32
2012,FEMALE,BLACK NON HISP,MORGAN,24,33
2012,FEMALE,BLACK NON HISP,MORGAN,24,33
2012,FEMALE,BLACK NON HISP,MARIAMA,24,33
2012,FEMALE,BLACK NON HISP,MELANIE,23,34
2012,FEMALE,BLACK NON HISP,ARIELLE,23,34
2012,FEMALE,BLACK NON HISP,RILEY,23,34
2012,FEMALE,BLACK NON HISP,KIMORA,23,34
2012,FEMALE,BLACK NON HISP,KIMORA,23,34
2012,FEMALE,BLACK NON HISP,ARIELLE,23,34
2012,FEMALE,BLACK NON HISP,MILAN,23,34
2012,FEMALE,BLACK NON HISP,SOPHIA,23,34
2012,FEMALE,BLACK NON HISP,MELANIE,23,34
2012,FEMALE,BLACK NON HISP,SOPHIA,23,34
2012,FEMALE,BLACK NON HISP,MILAN,23,34
2012,FEMALE,BLACK NON HISP,RILEY,23,34
2012,FEMALE,BLACK NON HISP,SANAA,22,35
2012,FEMALE,BLACK NON HISP,ZOEY,22,35
2012,FEMALE,BLACK NON HISP,SANAA,22,35
2012,FEMALE,BLACK NON HISP,MARIAH,22,35
2012,FEMALE,BLACK NON HISP,HANNAH,22,35
2012,FEMALE,BLACK NON HISP,MCKENZIE,22,35
2012,FEMALE,BLACK NON HISP,MARIAH,22,35
2012,FEMALE,BLACK NON HISP,MCKENZIE,22,35
2012,FEMALE,BLACK NON HISP,HANNAH,22,35
2012,FEMALE,BLACK NON HISP,HARMONY,22,35
2012,FEMALE,BLACK NON HISP,MALIA,21,36
2012,FEMALE,BLACK NON HISP,GENESIS,21,36
2012,FEMALE,BLACK NON HISP,MYA,21,36
2012,FEMALE,BLACK NON HISP,MYA,21,36
2012,FEMALE,BLACK NON HISP,GENESIS,21,36
2012,FEMALE,BLACK NON HISP,MALIA,21,36
2012,FEMALE,BLACK NON HISP,LONDYN,20,37
2012,FEMALE,BLACK NON HISP,ALIYAH,20,37
2012,FEMALE,BLACK NON HISP,AMINATA,20,37
2012,FEMALE,BLACK NON HISP,LAYLA,20,37
2012,FEMALE,BLACK NON HISP,TAMIA,20,37
2012,FEMALE,BLACK NON HISP,LAYLA,20,37
2012,FEMALE,BLACK NON HISP,MACKENZIE,20,37
2012,FEMALE,BLACK NON HISP,MACKENZIE,20,37
2012,FEMALE,BLACK NON HISP,GRACE,20,37
2012,FEMALE,BLACK NON HISP,TAMIA,20,37
2012,FEMALE,BLACK NON HISP,AMINATA,20,37
2012,FEMALE,BLACK NON HISP,LONDYN,20,37
2012,FEMALE,BLACK NON HISP,GRACE,20,37
2012,FEMALE,BLACK NON HISP,ALIYAH,20,37
2012,FEMALE,BLACK NON HISP,AISHA,19,38
2012,FEMALE,BLACK NON HISP,AISHA,19,38
2012,FEMALE,BLACK NON HISP,ARIANA,19,38
2012,FEMALE,BLACK NON HISP,ARIA,19,38
2012,FEMALE,BLACK NON HISP,JORDYN,19,38
2012,FEMALE,BLACK NON HISP,SANAI,19,38
2012,FEMALE,BLACK NON HISP,TRINITY,19,38
2012,FEMALE,BLACK NON HISP,SANAI,19,38
2012,FEMALE,BLACK NON HISP,ARIA,19,38
2012,FEMALE,BLACK NON HISP,TRINITY,19,38
2012,FEMALE,BLACK NON HISP,ARIANA,19,38
2012,FEMALE,BLACK NON HISP,JORDYN,19,38
2012,FEMALE,BLACK NON HISP,MIRACLE,18,39
2012,FEMALE,BLACK NON HISP,SAMANTHA,18,39
2012,FEMALE,BLACK NON HISP,SAMANTHA,18,39
2012,FEMALE,BLACK NON HISP,MIRACLE,18,39
2012,FEMALE,BLACK NON HISP,GIANNA,17,40
2012,FEMALE,BLACK NON HISP,MIKAYLA,17,40
2012,FEMALE,BLACK NON HISP,SYDNEY,17,40
2012,FEMALE,BLACK NON HISP,ASHLEY,17,40
2012,FEMALE,BLACK NON HISP,MIKAYLA,17,40
2012,FEMALE,BLACK NON HISP,VANESSA,17,40
2012,FEMALE,BLACK NON HISP,LEILANI,17,40
2012,FEMALE,BLACK NON HISP,GIANNA,17,40
2012,FEMALE,BLACK NON HISP,TIANA,17,40
2012,FEMALE,BLACK NON HISP,SYDNEY,17,40
2012,FEMALE,BLACK NON HISP,JANELLE,17,40
2012,FEMALE,BLACK NON HISP,JANELLE,17,40
2012,FEMALE,BLACK NON HISP,LEILANI,17,40
2012,FEMALE,BLACK NON HISP,ASHLEY,17,40
2012,FEMALE,BLACK NON HISP,TIANA,17,40
2012,FEMALE,BLACK NON HISP,SANIYAH,16,41
2012,FEMALE,BLACK NON HISP,SARAI,16,41
2012,FEMALE,BLACK NON HISP,KELSEY,16,41
2012,FEMALE,BLACK NON HISP,LYRIC,16,41
2012,FEMALE,BLACK NON HISP,JALIYAH,16,41
2012,FEMALE,BLACK NON HISP,FANTA,16,41
2012,FEMALE,BLACK NON HISP,KELSEY,16,41
2012,FEMALE,BLACK NON HISP,SANIYAH,16,41
2012,FEMALE,BLACK NON HISP,AMELIA,16,41
2012,FEMALE,BLACK NON HISP,LYRIC,16,41
2012,FEMALE,BLACK NON HISP,AMIRA,16,41
2012,FEMALE,BLACK NON HISP,AMIRA,16,41
2012,FEMALE,BLACK NON HISP,FANTA,16,41
2012,FEMALE,BLACK NON HISP,SARAI,16,41
2012,FEMALE,BLACK NON HISP,AMELIA,16,41
2012,FEMALE,BLACK NON HISP,JALIYAH,16,41
2012,FEMALE,BLACK NON HISP,KYLA,15,42
2012,FEMALE,BLACK NON HISP,SAMARA,15,42
2012,FEMALE,BLACK NON HISP,ALICIA,15,42
2012,FEMALE,BLACK NON HISP,JANIYAH,15,42
2012,FEMALE,BLACK NON HISP,JANIYAH,15,42
2012,FEMALE,BLACK NON HISP,KYLEE,15,42
2012,FEMALE,BLACK NON HISP,KYLEE,15,42
2012,FEMALE,BLACK NON HISP,SAMARA,15,42
2012,FEMALE,BLACK NON HISP,ALICIA,15,42
2012,FEMALE,BLACK NON HISP,SARIAH,15,42
2012,FEMALE,BLACK NON HISP,KYLA,15,42
2012,FEMALE,BLACK NON HISP,SARIAH,15,42
2012,FEMALE,BLACK NON HISP,AICHA,14,43
2012,FEMALE,BLACK NON HISP,MALIYAH,14,43
2012,FEMALE,BLACK NON HISP,AMIYAH,14,43
2012,FEMALE,BLACK NON HISP,AUBREE,14,43
2012,FEMALE,BLACK NON HISP,AICHA,14,43
2012,FEMALE,BLACK NON HISP,CHRISTINA,14,43
2012,FEMALE,BLACK NON HISP,KAITLYN,14,43
2012,FEMALE,BLACK NON HISP,SKYLAH,14,43
2012,FEMALE,BLACK NON HISP,MELODY,14,43
2012,FEMALE,BLACK NON HISP,MICHELLE,14,43
2012,FEMALE,BLACK NON HISP,AMIYAH,14,43
2012,FEMALE,BLACK NON HISP,ANGEL,14,43
2012,FEMALE,BLACK NON HISP,SKYLAH,14,43
2012,FEMALE,BLACK NON HISP,BELLA,14,43
2012,FEMALE,BLACK NON HISP,MELODY,14,43
2012,FEMALE,BLACK NON HISP,CHRISTINA,14,43
2012,FEMALE,BLACK NON HISP,AUBREE,14,43
2012,FEMALE,BLACK NON HISP,BELLA,14,43
2012,FEMALE,BLACK NON HISP,KAITLYN,14,43
2012,FEMALE,BLACK NON HISP,MALIYAH,14,43
2012,FEMALE,BLACK NON HISP,ANGEL,14,43
2012,FEMALE,BLACK NON HISP,MICHELLE,14,43
2012,FEMALE,BLACK NON HISP,SKYE,13,44
2012,FEMALE,BLACK NON HISP,AYANNA,13,44
2012,FEMALE,BLACK NON HISP,AYANNA,13,44
2012,FEMALE,BLACK NON HISP,OUMOU,13,44
2012,FEMALE,BLACK NON HISP,ALANI,13,44
2012,FEMALE,BLACK NON HISP,AISSATOU,13,44
2012,FEMALE,BLACK NON HISP,KIARA,13,44
2012,FEMALE,BLACK NON HISP,SKYE,13,44
2012,FEMALE,BLACK NON HISP,HAWA,13,44
2012,FEMALE,BLACK NON HISP,TORI,13,44
2012,FEMALE,BLACK NON HISP,SASHA,13,44
2012,FEMALE,BLACK NON HISP,SASHA,13,44
2012,FEMALE,BLACK NON HISP,ANGELINA,13,44
2012,FEMALE,BLACK NON HISP,TORI,13,44
2012,FEMALE,BLACK NON HISP,AISSATOU,13,44
2012,FEMALE,BLACK NON HISP,HAWA,13,44
2012,FEMALE,BLACK NON HISP,ALANI,13,44
2012,FEMALE,BLACK NON HISP,OUMOU,13,44
2012,FEMALE,BLACK NON HISP,KIARA,13,44
2012,FEMALE,BLACK NON HISP,LILY,12,45
2012,FEMALE,BLACK NON HISP,ALEXIS,12,45
2012,FEMALE,BLACK NON HISP,ALEXA,12,45
2012,FEMALE,BLACK NON HISP,SAMIYAH,12,45
2012,FEMALE,BLACK NON HISP,LILY,12,45
2012,FEMALE,BLACK NON HISP,JAYDA,12,45
2012,FEMALE,BLACK NON HISP,JAYDA,12,45
2012,FEMALE,BLACK NON HISP,ALEXIS,12,45
2012,FEMALE,BLACK NON HISP,SAMIYAH,12,45
2012,FEMALE,BLACK NON HISP,ALEXA,12,45
2012,FEMALE,BLACK NON HISP,ADRIANNA,11,46
2012,FEMALE,BLACK NON HISP,VIOLET,11,46
2012,FEMALE,BLACK NON HISP,MEGAN,11,46
2012,FEMALE,BLACK NON HISP,ERIN,11,46
2012,FEMALE,BLACK NON HISP,BINTOU,11,46
2012,FEMALE,BLACK NON HISP,TALIA,11,46
2012,FEMALE,BLACK NON HISP,PRINCESS,11,46
2012,FEMALE,BLACK NON HISP,JESSICA,11,46
2012,FEMALE,BLACK NON HISP,AMINA,11,46
2012,FEMALE,BLACK NON HISP,ADRIANNA,11,46
2012,FEMALE,BLACK NON HISP,AMANDA,11,46
2012,FEMALE,BLACK NON HISP,AMINA,11,46
2012,FEMALE,BLACK NON HISP,ANIYA,11,46
2012,FEMALE,BLACK NON HISP,MAKENZIE,11,46
2012,FEMALE,BLACK NON HISP,BINTOU,11,46
2012,FEMALE,BLACK NON HISP,ERIN,11,46
2012,FEMALE,BLACK NON HISP,JESSICA,11,46
2012,FEMALE,BLACK NON HISP,MAKENZIE,11,46
2012,FEMALE,BLACK NON HISP,MEGAN,11,46
2012,FEMALE,BLACK NON HISP,PHOENIX,11,46
2012,FEMALE,BLACK NON HISP,PHOENIX,11,46
2012,FEMALE,BLACK NON HISP,PRINCESS,11,46
2012,FEMALE,BLACK NON HISP,TALIA,11,46
2012,FEMALE,BLACK NON HISP,VIOLET,11,46
2012,FEMALE,BLACK NON HISP,AMANDA,11,46
2012,FEMALE,BLACK NON HISP,ANIYA,11,46
2012,FEMALE,BLACK NON HISP,ZURI,10,47
2012,FEMALE,BLACK NON HISP,ZURI,10,47
2012,FEMALE,BLACK NON HISP,WYNTER,10,47
2012,FEMALE,BLACK NON HISP,CHEYENNE,10,47
2012,FEMALE,BLACK NON HISP,DEBORAH,10,47
2012,FEMALE,BLACK NON HISP,JORDAN,10,47
2012,FEMALE,BLACK NON HISP,CAMILLE,10,47
2012,FEMALE,BLACK NON HISP,AMBER,10,47
2012,FEMALE,BLACK NON HISP,AMBER,10,47
2012,FEMALE,BLACK NON HISP,KALIYAH,10,47
2012,FEMALE,BLACK NON HISP,SHAYLA,10,47
2012,FEMALE,BLACK NON HISP,CHEYENNE,10,47
2012,FEMALE,BLACK NON HISP,ELISE,10,47
2012,FEMALE,BLACK NON HISP,ELISE,10,47
2012,FEMALE,BLACK NON HISP,JORDAN,10,47
2012,FEMALE,BLACK NON HISP,AWA,10,47
2012,FEMALE,BLACK NON HISP,KALIYAH,10,47
2012,FEMALE,BLACK NON HISP,SHAYLA,10,47
2012,FEMALE,BLACK NON HISP,DANIELLE,10,47
2012,FEMALE,BLACK NON HISP,DANIELLE,10,47
2012,FEMALE,BLACK NON HISP,CAMILLE,10,47
2012,FEMALE,BLACK NON HISP,STEPHANIE,10,47
2012,FEMALE,BLACK NON HISP,AWA,10,47
2012,FEMALE,BLACK NON HISP,DEBORAH,10,47
2012,FEMALE,BLACK NON HISP,STEPHANIE,10,47
2012,FEMALE,BLACK NON HISP,WYNTER,10,47
2012,FEMALE,HISPANIC,ISABELLA,327,1
2012,FEMALE,HISPANIC,SOPHIA,236,2
2012,FEMALE,HISPANIC,MIA,207,3
2012,FEMALE,HISPANIC,MIA,207,3
2012,FEMALE,HISPANIC,EMILY,186,4
2012,FEMALE,HISPANIC,SOFIA,165,5
2012,FEMALE,HISPANIC,SOFIA,165,5
2012,FEMALE,HISPANIC,CAMILA,161,6
2012,FEMALE,HISPANIC,CAMILA,161,6
2012,FEMALE,HISPANIC,ASHLEY,159,7
2012,FEMALE,HISPANIC,ASHLEY,159,7
2012,FEMALE,HISPANIC,MADISON,140,8
2012,FEMALE,HISPANIC,MADISON,140,8
2012,FEMALE,HISPANIC,EMMA,125,9
2012,FEMALE,HISPANIC,EMMA,125,9
2012,FEMALE,HISPANIC,GENESIS,117,10
2012,FEMALE,HISPANIC,GENESIS,117,10
2012,FEMALE,HISPANIC,SAMANTHA,109,11
2012,FEMALE,HISPANIC,SAMANTHA,109,11
2012,FEMALE,HISPANIC,MELANIE,107,12
2012,FEMALE,HISPANIC,BRIANNA,105,13
2012,FEMALE,HISPANIC,BRIANNA,105,13
2012,FEMALE,HISPANIC,LEAH,103,14
2012,FEMALE,HISPANIC,LEAH,103,14
2012,FEMALE,HISPANIC,ABIGAIL,99,15
2012,FEMALE,HISPANIC,ABIGAIL,99,15
2012,FEMALE,HISPANIC,HAILEY,95,16
2012,FEMALE,HISPANIC,HAILEY,95,16
2012,FEMALE,HISPANIC,KAYLEE,92,17
2012,FEMALE,HISPANIC,KAYLEE,92,17
2012,FEMALE,HISPANIC,VICTORIA,91,18
2012,FEMALE,HISPANIC,VICTORIA,91,18
2012,FEMALE,HISPANIC,ALLISON,86,19
2012,FEMALE,HISPANIC,ALLISON,86,19
2012,FEMALE,HISPANIC,KIMBERLY,85,20
2012,FEMALE,HISPANIC,KIMBERLY,85,20
2012,FEMALE,HISPANIC,GABRIELLA,79,21
2012,FEMALE,HISPANIC,GABRIELLA,79,21
2012,FEMALE,HISPANIC,OLIVIA,77,22
2012,FEMALE,HISPANIC,OLIVIA,77,22
2012,FEMALE,HISPANIC,ARIANNA,77,22
2012,FEMALE,HISPANIC,ARIANNA,77,22
2012,FEMALE,HISPANIC,AVA,76,23
2012,FEMALE,HISPANIC,AVA,76,23
2012,FEMALE,HISPANIC,EMELY,71,24
2012,FEMALE,HISPANIC,EMELY,71,24
2012,FEMALE,HISPANIC,ELIZABETH,69,25
2012,FEMALE,HISPANIC,ELIZABETH,69,25
2012,FEMALE,HISPANIC,AALIYAH,68,26
2012,FEMALE,HISPANIC,AMY,68,26
2012,FEMALE,HISPANIC,AALIYAH,68,26
2012,FEMALE,HISPANIC,AMY,68,26
2012,FEMALE,HISPANIC,VALENTINA,68,26
2012,FEMALE,HISPANIC,VALENTINA,68,26
2012,FEMALE,HISPANIC,ZOE,67,27
2012,FEMALE,HISPANIC,ZOE,67,27
2012,FEMALE,HISPANIC,ALEXA,66,28
2012,FEMALE,HISPANIC,ALEXA,66,28
2012,FEMALE,HISPANIC,GABRIELA,64,29
2012,FEMALE,HISPANIC,GABRIELA,64,29
2012,FEMALE,HISPANIC,SCARLETT,64,29
2012,FEMALE,HISPANIC,SCARLETT,64,29
2012,FEMALE,HISPANIC,ARIANA,63,30
2012,FEMALE,HISPANIC,ARIANA,63,30
2012,FEMALE,HISPANIC,DANIELA,60,31
2012,FEMALE,HISPANIC,JENNIFER,60,31
2012,FEMALE,HISPANIC,JENNIFER,60,31
2012,FEMALE,HISPANIC,DANIELA,60,31
2012,FEMALE,HISPANIC,ANGELINA,59,32
2012,FEMALE,HISPANIC,ADRIANA,59,32
2012,FEMALE,HISPANIC,ADRIANA,59,32
2012,FEMALE,HISPANIC,ANGELINA,59,32
2012,FEMALE,HISPANIC,NICOLE,58,33
2012,FEMALE,HISPANIC,KAYLA,58,33
2012,FEMALE,HISPANIC,NICOLE,58,33
2012,FEMALE,HISPANIC,KAYLA,58,33
2012,FEMALE,HISPANIC,JADE,57,34
2012,FEMALE,HISPANIC,CHLOE,57,34
2012,FEMALE,HISPANIC,CHLOE,57,34
2012,FEMALE,HISPANIC,JADE,57,34
2012,FEMALE,HISPANIC,MARIA,55,35
2012,FEMALE,HISPANIC,MARIA,55,35
2012,FEMALE,HISPANIC,SERENITY,54,36
2012,FEMALE,HISPANIC,SERENITY,54,36
2012,FEMALE,HISPANIC,VALERIE,53,37
2012,FEMALE,HISPANIC,VALERIE,53,37
2012,FEMALE,HISPANIC,MELISSA,51,38
2012,FEMALE,HISPANIC,MELISSA,51,38
2012,FEMALE,HISPANIC,KHLOE,50,39
2012,FEMALE,HISPANIC,KHLOE,50,39
2012,FEMALE,HISPANIC,ANDREA,49,40
2012,FEMALE,HISPANIC,ANDREA,49,40
2012,FEMALE,HISPANIC,ALYSSA,48,41
2012,FEMALE,HISPANIC,ALYSSA,48,41
2012,FEMALE,HISPANIC,YARETZI,48,41
2012,FEMALE,HISPANIC,STEPHANIE,48,41
2012,FEMALE,HISPANIC,GIANNA,48,41
2012,FEMALE,HISPANIC,YARETZI,48,41
2012,FEMALE,HISPANIC,GIANNA,48,41
2012,FEMALE,HISPANIC,EVELYN,47,42
2012,FEMALE,HISPANIC,LAYLA,47,42
2012,FEMALE,HISPANIC,EVELYN,47,42
2012,FEMALE,HISPANIC,BELLA,46,43
2012,FEMALE,HISPANIC,CHELSEA,45,44
2012,FEMALE,HISPANIC,CHELSEA,45,44
2012,FEMALE,HISPANIC,VANESSA,44,45
2012,FEMALE,HISPANIC,VANESSA,44,45
2012,FEMALE,HISPANIC,SARAH,43,46
2012,FEMALE,HISPANIC,SARAH,43,46
2012,FEMALE,HISPANIC,AMELIA,42,47
2012,FEMALE,HISPANIC,EVA,42,47
2012,FEMALE,HISPANIC,AMELIA,42,47
2012,FEMALE,HISPANIC,AMANDA,42,47
2012,FEMALE,HISPANIC,MICHELLE,42,47
2012,FEMALE,HISPANIC,AMANDA,42,47
2012,FEMALE,HISPANIC,DIANA,42,47
2012,FEMALE,HISPANIC,MICHELLE,42,47
2012,FEMALE,HISPANIC,EVA,42,47
2012,FEMALE,HISPANIC,DIANA,42,47
2012,FEMALE,HISPANIC,ALEXANDRA,41,48
2012,FEMALE,HISPANIC,SAVANNAH,41,48
2012,FEMALE,HISPANIC,ALEXANDRA,41,48
2012,FEMALE,HISPANIC,SAVANNAH,41,48
2012,FEMALE,HISPANIC,DESTINY,40,49
2012,FEMALE,HISPANIC,ISABEL,40,49
2012,FEMALE,HISPANIC,GISELLE,40,49
2012,FEMALE,HISPANIC,ISABEL,40,49
2012,FEMALE,HISPANIC,GISELLE,40,49
2012,FEMALE,HISPANIC,DESTINY,40,49
2012,FEMALE,HISPANIC,MAYA,39,50
2012,FEMALE,HISPANIC,NATALIE,39,50
2012,FEMALE,HISPANIC,MAYA,39,50
2012,FEMALE,HISPANIC,NATALIE,39,50
2012,FEMALE,HISPANIC,JOCELYN,39,50
2012,FEMALE,HISPANIC,JOCELYN,39,50
2012,FEMALE,HISPANIC,ANA,38,51
2012,FEMALE,HISPANIC,ANA,38,51
2012,FEMALE,HISPANIC,KATHERINE,37,52
2012,FEMALE,HISPANIC,LONDON,37,52
2012,FEMALE,HISPANIC,LONDON,37,52
2012,FEMALE,HISPANIC,KATHERINE,37,52
2012,FEMALE,HISPANIC,VALERIA,37,52
2012,FEMALE,HISPANIC,VALERIA,37,52
2012,FEMALE,HISPANIC,JAYLEEN,36,53
2012,FEMALE,HISPANIC,JAYLEEN,36,53
2012,FEMALE,HISPANIC,NATALIA,36,53
2012,FEMALE,HISPANIC,NATALIA,36,53
2012,FEMALE,HISPANIC,AMAYA,36,53
2012,FEMALE,HISPANIC,AMAYA,36,53
2012,FEMALE,HISPANIC,NAOMI,35,54
2012,FEMALE,HISPANIC,NAOMI,35,54
2012,FEMALE,HISPANIC,LEILANI,35,54
2012,FEMALE,HISPANIC,KYLIE,35,54
2012,FEMALE,HISPANIC,LEILANI,35,54
2012,FEMALE,HISPANIC,KYLIE,35,54
2012,FEMALE,HISPANIC,BRIANA,34,55
2012,FEMALE,HISPANIC,GUADALUPE,34,55
2012,FEMALE,HISPANIC,GUADALUPE,34,55
2012,FEMALE,HISPANIC,LESLIE,34,55
2012,FEMALE,HISPANIC,BRIANA,34,55
2012,FEMALE,HISPANIC,ELIANA,34,55
2012,FEMALE,HISPANIC,LESLIE,34,55
2012,FEMALE,HISPANIC,MYA,33,56
2012,FEMALE,HISPANIC,MYA,33,56
2012,FEMALE,HISPANIC,DANNA,32,57
2012,FEMALE,HISPANIC,SHERLYN,32,57
2012,FEMALE,HISPANIC,DANNA,32,57
2012,FEMALE,HISPANIC,SHERLYN,32,57
2012,FEMALE,HISPANIC,ALISON,32,57
2012,FEMALE,HISPANIC,ALISON,32,57
2012,FEMALE,HISPANIC,ZOEY,31,58
2012,FEMALE,HISPANIC,LUNA,31,58
2012,FEMALE,HISPANIC,KAITLYN,31,58
2012,FEMALE,HISPANIC,LUNA,31,58
2012,FEMALE,HISPANIC,KAITLYN,31,58
2012,FEMALE,HISPANIC,ZOEY,31,58
2012,FEMALE,HISPANIC,JACQUELINE,30,59
2012,FEMALE,HISPANIC,JASMINE,30,59
2012,FEMALE,HISPANIC,LIA,30,59
2012,FEMALE,HISPANIC,GRACE,30,59
2012,FEMALE,HISPANIC,MELANY,30,59
2012,FEMALE,HISPANIC,MELODY,30,59
2012,FEMALE,HISPANIC,JASMINE,30,59
2012,FEMALE,HISPANIC,MELANY,30,59
2012,FEMALE,HISPANIC,JACQUELINE,30,59
2012,FEMALE,HISPANIC,HANNAH,30,59
2012,FEMALE,HISPANIC,LAILA,30,59
2012,FEMALE,HISPANIC,LIA,30,59
2012,FEMALE,HISPANIC,MELODY,30,59
2012,FEMALE,HISPANIC,HANNAH,30,59
2012,FEMALE,HISPANIC,GRACE,30,59
2012,FEMALE,HISPANIC,KAMILA,29,60
2012,FEMALE,HISPANIC,KAMILA,29,60
2012,FEMALE,HISPANIC,DAYANA,29,60
2012,FEMALE,HISPANIC,LITZY,29,60
2012,FEMALE,HISPANIC,LITZY,29,60
2012,FEMALE,HISPANIC,DAYANA,29,60
2012,FEMALE,HISPANIC,ELENA,28,61
2012,FEMALE,HISPANIC,ELENA,28,61
2012,FEMALE,HISPANIC,KAREN,28,61
2012,FEMALE,HISPANIC,KAREN,28,61
2012,FEMALE,HISPANIC,JESSICA,27,62
2012,FEMALE,HISPANIC,LEILA,27,62
2012,FEMALE,HISPANIC,JESSICA,27,62
2012,FEMALE,HISPANIC,LEILA,27,62
2012,FEMALE,HISPANIC,AILEEN,27,62
2012,FEMALE,HISPANIC,AILEEN,27,62
2012,FEMALE,HISPANIC,MILA,26,63
2012,FEMALE,HISPANIC,ANGELIQUE,26,63
2012,FEMALE,HISPANIC,AUBREY,26,63
2012,FEMALE,HISPANIC,ANGELA,26,63
2012,FEMALE,HISPANIC,ANGELIQUE,26,63
2012,FEMALE,HISPANIC,ANGELA,26,63
2012,FEMALE,HISPANIC,MILA,26,63
2012,FEMALE,HISPANIC,DELILAH,25,64
2012,FEMALE,HISPANIC,LIZBETH,25,64
2012,FEMALE,HISPANIC,MARIAH,25,64
2012,FEMALE,HISPANIC,KIARA,25,64
2012,FEMALE,HISPANIC,DELILAH,25,64
2012,FEMALE,HISPANIC,DAISY,25,64
2012,FEMALE,HISPANIC,KIARA,25,64
2012,FEMALE,HISPANIC,LIZBETH,25,64
2012,FEMALE,HISPANIC,CATALINA,25,64
2012,FEMALE,HISPANIC,AMBER,25,64
2012,FEMALE,HISPANIC,AMBER,25,64
2012,FEMALE,HISPANIC,DAISY,25,64
2012,FEMALE,HISPANIC,CATALINA,25,64
2012,FEMALE,HISPANIC,MARIAH,25,64
2012,FEMALE,HISPANIC,JAYLENE,24,65
2012,FEMALE,HISPANIC,JAYLA,24,65
2012,FEMALE,HISPANIC,ESMERALDA,24,65
2012,FEMALE,HISPANIC,JAYLENE,24,65
2012,FEMALE,HISPANIC,ESMERALDA,24,65
2012,FEMALE,HISPANIC,JAYLA,24,65
2012,FEMALE,HISPANIC,NATASHA,24,65
2012,FEMALE,HISPANIC,NATASHA,24,65
2012,FEMALE,HISPANIC,IZABELLA,23,66
2012,FEMALE,HISPANIC,IZABELLA,23,66
2012,FEMALE,HISPANIC,JOSELYN,23,66
2012,FEMALE,HISPANIC,JOSELYN,23,66
2012,FEMALE,HISPANIC,TIFFANY,22,67
2012,FEMALE,HISPANIC,TIFFANY,22,67
2012,FEMALE,HISPANIC,JULIET,22,67
2012,FEMALE,HISPANIC,ALICE,22,67
2012,FEMALE,HISPANIC,ALICE,22,67
2012,FEMALE,HISPANIC,JULIET,22,67
2012,FEMALE,HISPANIC,NAYELI,22,67
2012,FEMALE,HISPANIC,PERLA,22,67
2012,FEMALE,HISPANIC,NAYELI,22,67
2012,FEMALE,HISPANIC,ITZEL,22,67
2012,FEMALE,HISPANIC,ITZEL,22,67
2012,FEMALE,HISPANIC,BIANCA,22,67
2012,FEMALE,HISPANIC,JAZLYN,22,67
2012,FEMALE,HISPANIC,RACHEL,22,67
2012,FEMALE,HISPANIC,BIANCA,22,67
2012,FEMALE,HISPANIC,RACHEL,22,67
2012,FEMALE,HISPANIC,JAZLYN,22,67
2012,FEMALE,HISPANIC,PERLA,22,67
2012,FEMALE,HISPANIC,LILIANA,21,68
2012,FEMALE,HISPANIC,FAITH,21,68
2012,FEMALE,HISPANIC,KELLY,21,68
2012,FEMALE,HISPANIC,KATELYN,21,68
2012,FEMALE,HISPANIC,KELLY,21,68
2012,FEMALE,HISPANIC,SARA,21,68
2012,FEMALE,HISPANIC,FAITH,21,68
2012,FEMALE,HISPANIC,KATELYN,21,68
2012,FEMALE,HISPANIC,SARA,21,68
2012,FEMALE,HISPANIC,NEVAEH,21,68
2012,FEMALE,HISPANIC,BRITTANY,21,68
2012,FEMALE,HISPANIC,DANIELLA,21,68
2012,FEMALE,HISPANIC,MAKAYLA,21,68
2012,FEMALE,HISPANIC,BRITTANY,21,68
2012,FEMALE,HISPANIC,MAKAYLA,21,68
2012,FEMALE,HISPANIC,LILIANA,21,68
2012,FEMALE,HISPANIC,DANIELLA,21,68
2012,FEMALE,HISPANIC,NEVAEH,21,68
2012,FEMALE,HISPANIC,JULIETTE,20,69
2012,FEMALE,HISPANIC,SCARLET,20,69
2012,FEMALE,HISPANIC,LUZ,20,69
2012,FEMALE,HISPANIC,AYLIN,20,69
2012,FEMALE,HISPANIC,JULIETTE,20,69
2012,FEMALE,HISPANIC,JULIA,20,69
2012,FEMALE,HISPANIC,ADRIANNA,20,69
2012,FEMALE,HISPANIC,JULIA,20,69
2012,FEMALE,HISPANIC,LUZ,20,69
2012,FEMALE,HISPANIC,AYLIN,20,69
2012,FEMALE,HISPANIC,SCARLET,20,69
2012,FEMALE,HISPANIC,ADRIANNA,20,69
2012,FEMALE,HISPANIC,ANGIE,20,69
2012,FEMALE,HISPANIC,CARMEN,19,70
2012,FEMALE,HISPANIC,ELLA,19,70
2012,FEMALE,HISPANIC,NATHALIE,19,70
2012,FEMALE,HISPANIC,ANGELICA,19,70
2012,FEMALE,HISPANIC,SARAI,19,70
2012,FEMALE,HISPANIC,SARAI,19,70
2012,FEMALE,HISPANIC,NATHALIE,19,70
2012,FEMALE,HISPANIC,KARLA,19,70
2012,FEMALE,HISPANIC,ANGELICA,19,70
2012,FEMALE,HISPANIC,CARMEN,19,70
2012,FEMALE,HISPANIC,ELLA,19,70
2012,FEMALE,HISPANIC,KARLA,19,70
2012,FEMALE,HISPANIC,ALLYSON,18,71
2012,FEMALE,HISPANIC,JAYLAH,18,71
2012,FEMALE,HISPANIC,REBECCA,18,71
2012,FEMALE,HISPANIC,ALLYSON,18,71
2012,FEMALE,HISPANIC,JAYLAH,18,71
2012,FEMALE,HISPANIC,ALANA,18,71
2012,FEMALE,HISPANIC,ALINA,18,71
2012,FEMALE,HISPANIC,EMILIA,18,71
2012,FEMALE,HISPANIC,ALICIA,18,71
2012,FEMALE,HISPANIC,ALINA,18,71
2012,FEMALE,HISPANIC,LAUREN,18,71
2012,FEMALE,HISPANIC,ALANA,18,71
2012,FEMALE,HISPANIC,LAUREN,18,71
2012,FEMALE,HISPANIC,ALICIA,18,71
2012,FEMALE,HISPANIC,EMILIA,18,71
2012,FEMALE,HISPANIC,REBECCA,18,71
2012,FEMALE,HISPANIC,PENELOPE,17,72
2012,FEMALE,HISPANIC,VIOLET,17,72
2012,FEMALE,HISPANIC,RUBY,17,72
2012,FEMALE,HISPANIC,CRYSTAL,17,72
2012,FEMALE,HISPANIC,LILY,17,72
2012,FEMALE,HISPANIC,HEAVEN,17,72
2012,FEMALE,HISPANIC,ALESSANDRA,17,72
2012,FEMALE,HISPANIC,KAILEY,17,72
2012,FEMALE,HISPANIC,RUBY,17,72
2012,FEMALE,HISPANIC,KAILEY,17,72
2012,FEMALE,HISPANIC,BRIELLE,17,72
2012,FEMALE,HISPANIC,BRIELLE,17,72
2012,FEMALE,HISPANIC,ALIYAH,17,72
2012,FEMALE,HISPANIC,ALIYAH,17,72
2012,FEMALE,HISPANIC,HEAVEN,17,72
2012,FEMALE,HISPANIC,LILY,17,72
2012,FEMALE,HISPANIC,JAMIE,17,72
2012,FEMALE,HISPANIC,ALONDRA,17,72
2012,FEMALE,HISPANIC,AVERY,17,72
2012,FEMALE,HISPANIC,HALEY,17,72
2012,FEMALE,HISPANIC,MILEY,17,72
2012,FEMALE,HISPANIC,ATHENA,17,72
2012,FEMALE,HISPANIC,VIOLET,17,72
2012,FEMALE,HISPANIC,MILEY,17,72
2012,FEMALE,HISPANIC,ATHENA,17,72
2012,FEMALE,HISPANIC,PENELOPE,17,72
2012,FEMALE,HISPANIC,AVERY,17,72
2012,FEMALE,HISPANIC,HALEY,17,72
2012,FEMALE,HISPANIC,JAMIE,17,72
2012,FEMALE,HISPANIC,CRYSTAL,17,72
2012,FEMALE,HISPANIC,ALESSANDRA,17,72
2012,FEMALE,HISPANIC,ARIEL,16,73
2012,FEMALE,HISPANIC,SKYLA,16,73
2012,FEMALE,HISPANIC,PARIS,16,73
2012,FEMALE,HISPANIC,PARIS,16,73
2012,FEMALE,HISPANIC,NYLAH,16,73
2012,FEMALE,HISPANIC,SIENNA,16,73
2012,FEMALE,HISPANIC,PEYTON,16,73
2012,FEMALE,HISPANIC,SKYLA,16,73
2012,FEMALE,HISPANIC,MIRANDA,16,73
2012,FEMALE,HISPANIC,ARIEL,16,73
2012,FEMALE,HISPANIC,SKYLAR,16,73
2012,FEMALE,HISPANIC,JOHANNA,16,73
2012,FEMALE,HISPANIC,ALISSON,16,73
2012,FEMALE,HISPANIC,NATHALY,16,73
2012,FEMALE,HISPANIC,NATHALY,16,73
2012,FEMALE,HISPANIC,NYLAH,16,73
2012,FEMALE,HISPANIC,FATIMA,16,73
2012,FEMALE,HISPANIC,SOPHIE,16,73
2012,FEMALE,HISPANIC,JULISSA,16,73
2012,FEMALE,HISPANIC,FATIMA,16,73
2012,FEMALE,HISPANIC,BRYANNA,16,73
2012,FEMALE,HISPANIC,SIENNA,16,73
2012,FEMALE,HISPANIC,MIRANDA,16,73
2012,FEMALE,HISPANIC,BRYANNA,16,73
2012,FEMALE,HISPANIC,SKYLAR,16,73
2012,FEMALE,HISPANIC,JOHANNA,16,73
2012,FEMALE,HISPANIC,JULISSA,16,73
2012,FEMALE,HISPANIC,SOPHIE,16,73
2012,FEMALE,HISPANIC,PEYTON,16,73
2012,FEMALE,HISPANIC,APRIL,15,74
2012,FEMALE,HISPANIC,SELENA,15,74
2012,FEMALE,HISPANIC,JAZMIN,15,74
2012,FEMALE,HISPANIC,VERONICA,15,74
2012,FEMALE,HISPANIC,XIMENA,15,74
2012,FEMALE,HISPANIC,LESLY,15,74
2012,FEMALE,HISPANIC,LESLY,15,74
2012,FEMALE,HISPANIC,VERONICA,15,74
2012,FEMALE,HISPANIC,APRIL,15,74
2012,FEMALE,HISPANIC,ROSELYN,15,74
2012,FEMALE,HISPANIC,ANALIA,15,74
2012,FEMALE,HISPANIC,XIMENA,15,74
2012,FEMALE,HISPANIC,HAZEL,15,74
2012,FEMALE,HISPANIC,NATALY,15,74
2012,FEMALE,HISPANIC,BRITNEY,15,74
2012,FEMALE,HISPANIC,JAZMINE,15,74
2012,FEMALE,HISPANIC,ROSELYN,15,74
2012,FEMALE,HISPANIC,JAZMIN,15,74
2012,FEMALE,HISPANIC,ANALIA,15,74
2012,FEMALE,HISPANIC,JAYLIN,15,74
2012,FEMALE,HISPANIC,NATALY,15,74
2012,FEMALE,HISPANIC,CATHERINE,15,74
2012,FEMALE,HISPANIC,BRITNEY,15,74
2012,FEMALE,HISPANIC,SELENA,15,74
2012,FEMALE,HISPANIC,CATHERINE,15,74
2012,FEMALE,HISPANIC,JAYLIN,15,74
2012,FEMALE,HISPANIC,HAZEL,15,74
2012,FEMALE,HISPANIC,TATIANA,14,75
2012,FEMALE,HISPANIC,JULIANA,14,75
2012,FEMALE,HISPANIC,DANA,14,75
2012,FEMALE,HISPANIC,JULIANNA,14,75
2012,FEMALE,HISPANIC,ALEJANDRA,14,75
2012,FEMALE,HISPANIC,ANIYAH,14,75
2012,FEMALE,HISPANIC,KEYLA,14,75
2012,FEMALE,HISPANIC,JULIANA,14,75
2012,FEMALE,HISPANIC,ANIYAH,14,75
2012,FEMALE,HISPANIC,JULIANNA,14,75
2012,FEMALE,HISPANIC,ALANI,14,75
2012,FEMALE,HISPANIC,ALEJANDRA,14,75
2012,FEMALE,HISPANIC,ALANI,14,75
2012,FEMALE,HISPANIC,CAROLINE,14,75
2012,FEMALE,HISPANIC,MIKAELA,14,75
2012,FEMALE,HISPANIC,TATIANA,14,75
2012,FEMALE,HISPANIC,MADELINE,14,75
2012,FEMALE,HISPANIC,MIKAELA,14,75
2012,FEMALE,HISPANIC,CAROLINE,14,75
2012,FEMALE,HISPANIC,DANA,14,75
2012,FEMALE,HISPANIC,MADELINE,14,75
2012,FEMALE,HISPANIC,KEYLA,14,75
2012,FEMALE,HISPANIC,MCKENZIE,13,76
2012,FEMALE,HISPANIC,ROSA,13,76
2012,FEMALE,HISPANIC,SUMMER,13,76
2012,FEMALE,HISPANIC,MCKENZIE,13,76
2012,FEMALE,HISPANIC,KAYLIE,13,76
2012,FEMALE,HISPANIC,ESTHER,13,76
2012,FEMALE,HISPANIC,ISABELA,13,76
2012,FEMALE,HISPANIC,ISABELA,13,76
2012,FEMALE,HISPANIC,STACY,13,76
2012,FEMALE,HISPANIC,PAOLA,13,76
2012,FEMALE,HISPANIC,STACY,13,76
2012,FEMALE,HISPANIC,JIMENA,13,76
2012,FEMALE,HISPANIC,JADA,13,76
2012,FEMALE,HISPANIC,KATIE,13,76
2012,FEMALE,HISPANIC,CAROLINA,13,76
2012,FEMALE,HISPANIC,PAOLA,13,76
2012,FEMALE,HISPANIC,HELEN,13,76
2012,FEMALE,HISPANIC,MIKAYLA,13,76
2012,FEMALE,HISPANIC,RIHANNA,13,76
2012,FEMALE,HISPANIC,HEIDY,13,76
2012,FEMALE,HISPANIC,KAYLIE,13,76
2012,FEMALE,HISPANIC,KASSANDRA,13,76
2012,FEMALE,HISPANIC,HEIDY,13,76
2012,FEMALE,HISPANIC,JADA,13,76
2012,FEMALE,HISPANIC,SUMMER,13,76
2012,FEMALE,HISPANIC,LUCIA,13,76
2012,FEMALE,HISPANIC,RUTH,13,76
2012,FEMALE,HISPANIC,RUTH,13,76
2012,FEMALE,HISPANIC,HELEN,13,76
2012,FEMALE,HISPANIC,NOEMI,13,76
2012,FEMALE,HISPANIC,NOEMI,13,76
2012,FEMALE,HISPANIC,MIKAYLA,13,76
2012,FEMALE,HISPANIC,RIHANNA,13,76
2012,FEMALE,HISPANIC,ROSA,13,76
2012,FEMALE,HISPANIC,CAROLINA,13,76
2012,FEMALE,HISPANIC,LUCIA,13,76
2012,FEMALE,HISPANIC,ESTHER,13,76
2012,FEMALE,HISPANIC,JIMENA,13,76
2012,FEMALE,HISPANIC,KASSANDRA,13,76
2012,FEMALE,HISPANIC,GIA,12,77
2012,FEMALE,HISPANIC,IVANNA,12,77
2012,FEMALE,HISPANIC,BRENDA,12,77
2012,FEMALE,HISPANIC,CYNTHIA,12,77
2012,FEMALE,HISPANIC,YAMILETH,12,77
2012,FEMALE,HISPANIC,CAMILLA,12,77
2012,FEMALE,HISPANIC,ALEXIA,12,77
2012,FEMALE,HISPANIC,BRENDA,12,77
2012,FEMALE,HISPANIC,CAMILLA,12,77
2012,FEMALE,HISPANIC,ALEXIA,12,77
2012,FEMALE,HISPANIC,MELINA,12,77
2012,FEMALE,HISPANIC,GIA,12,77
2012,FEMALE,HISPANIC,SABRINA,12,77
2012,FEMALE,HISPANIC,CHARLOTTE,12,77
2012,FEMALE,HISPANIC,MELINA,12,77
2012,FEMALE,HISPANIC,CYNTHIA,12,77
2012,FEMALE,HISPANIC,ARELY,12,77
2012,FEMALE,HISPANIC,SABRINA,12,77
2012,FEMALE,HISPANIC,YAMILETH,12,77
2012,FEMALE,HISPANIC,IVANNA,12,77
2012,FEMALE,HISPANIC,VIVIANA,12,77
2012,FEMALE,HISPANIC,ARIA,12,77
2012,FEMALE,HISPANIC,ARIA,12,77
2012,FEMALE,HISPANIC,ARELY,12,77
2012,FEMALE,HISPANIC,ERIKA,11,78
2012,FEMALE,HISPANIC,MADELYN,11,78
2012,FEMALE,HISPANIC,MARIANA,11,78
2012,FEMALE,HISPANIC,AURORA,11,78
2012,FEMALE,HISPANIC,EILEEN,11,78
2012,FEMALE,HISPANIC,MIAH,11,78
2012,FEMALE,HISPANIC,MARIANA,11,78
2012,FEMALE,HISPANIC,AVRIL,11,78
2012,FEMALE,HISPANIC,MARILYN,11,78
2012,FEMALE,HISPANIC,CINDY,11,78
2012,FEMALE,HISPANIC,MIAH,11,78
2012,FEMALE,HISPANIC,LAURA,11,78
2012,FEMALE,HISPANIC,GERALDINE,11,78
2012,FEMALE,HISPANIC,YESENIA,11,78
2012,FEMALE,HISPANIC,SAVANNA,11,78
2012,FEMALE,HISPANIC,MACKENZIE,11,78
2012,FEMALE,HISPANIC,AMBERLY,11,78
2012,FEMALE,HISPANIC,ELISA,11,78
2012,FEMALE,HISPANIC,WENDY,11,78
2012,FEMALE,HISPANIC,ELISA,11,78
2012,FEMALE,HISPANIC,ERIKA,11,78
2012,FEMALE,HISPANIC,STACEY,11,78
2012,FEMALE,HISPANIC,WENDY,11,78
2012,FEMALE,HISPANIC,KARINA,11,78
2012,FEMALE,HISPANIC,GERALDINE,11,78
2012,FEMALE,HISPANIC,MACKENZIE,11,78
2012,FEMALE,HISPANIC,STACEY,11,78
2012,FEMALE,HISPANIC,KELSEY,11,78
2012,FEMALE,HISPANIC,EILEEN,11,78
2012,FEMALE,HISPANIC,AMBERLY,11,78
2012,FEMALE,HISPANIC,AMELIE,11,78
2012,FEMALE,HISPANIC,AVRIL,11,78
2012,FEMALE,HISPANIC,MADELYN,11,78
2012,FEMALE,HISPANIC,AURORA,11,78
2012,FEMALE,HISPANIC,LAURA,11,78
2012,FEMALE,HISPANIC,AMELIE,11,78
2012,FEMALE,HISPANIC,KELSEY,11,78
2012,FEMALE,HISPANIC,YESENIA,11,78
2012,FEMALE,HISPANIC,KARINA,11,78
2012,FEMALE,HISPANIC,CINDY,11,78
2012,FEMALE,HISPANIC,MEGAN,10,79
2012,FEMALE,HISPANIC,JASMIN,10,79
2012,FEMALE,HISPANIC,HAYLEE,10,79
2012,FEMALE,HISPANIC,EVANGELINE,10,79
2012,FEMALE,HISPANIC,ANAIS,10,79
2012,FEMALE,HISPANIC,PAULA,10,79
2012,FEMALE,HISPANIC,CHRISTINA,10,79
2012,FEMALE,HISPANIC,ELIANNY,10,79
2012,FEMALE,HISPANIC,KAYLIN,10,79
2012,FEMALE,HISPANIC,AMALIA,10,79
2012,FEMALE,HISPANIC,SALOME,10,79
2012,FEMALE,HISPANIC,JULIE,10,79
2012,FEMALE,HISPANIC,MIRIAM,10,79
2012,FEMALE,HISPANIC,ARIELLE,10,79
2012,FEMALE,HISPANIC,JAZZLYN,10,79
2012,FEMALE,HISPANIC,AMALIA,10,79
2012,FEMALE,HISPANIC,ANAIS,10,79
2012,FEMALE,HISPANIC,JAELYN,10,79
2012,FEMALE,HISPANIC,ANNA,10,79
2012,FEMALE,HISPANIC,LESLEY,10,79
2012,FEMALE,HISPANIC,ARIELLE,10,79
2012,FEMALE,HISPANIC,CHRISTINA,10,79
2012,FEMALE,HISPANIC,NATHALIA,10,79
2012,FEMALE,HISPANIC,DENISE,10,79
2012,FEMALE,HISPANIC,HEIDI,10,79
2012,FEMALE,HISPANIC,DULCE,10,79
2012,FEMALE,HISPANIC,ELIANNY,10,79
2012,FEMALE,HISPANIC,EVANGELINE,10,79
2012,FEMALE,HISPANIC,FERNANDA,10,79
2012,FEMALE,HISPANIC,HAYLEE,10,79
2012,FEMALE,HISPANIC,FERNANDA,10,79
2012,FEMALE,HISPANIC,HEIDI,10,79
2012,FEMALE,HISPANIC,LIANA,10,79
2012,FEMALE,HISPANIC,JAELYN,10,79
2012,FEMALE,HISPANIC,JASMIN,10,79
2012,FEMALE,HISPANIC,JAZZLYN,10,79
2012,FEMALE,HISPANIC,MEGAN,10,79
2012,FEMALE,HISPANIC,LIZ,10,79
2012,FEMALE,HISPANIC,JULIE,10,79
2012,FEMALE,HISPANIC,SANDRA,10,79
2012,FEMALE,HISPANIC,KAYLIN,10,79
2012,FEMALE,HISPANIC,MILAGROS,10,79
2012,FEMALE,HISPANIC,LESLEY,10,79
2012,FEMALE,HISPANIC,LIANA,10,79
2012,FEMALE,HISPANIC,LIZ,10,79
2012,FEMALE,HISPANIC,STELLA,10,79
2012,FEMALE,HISPANIC,DENISE,10,79
2012,FEMALE,HISPANIC,MILAGROS,10,79
2012,FEMALE,HISPANIC,MIRIAM,10,79
2012,FEMALE,HISPANIC,NATHALIA,10,79
2012,FEMALE,HISPANIC,PAULA,10,79
2012,FEMALE,HISPANIC,SALOME,10,79
2012,FEMALE,HISPANIC,SANDRA,10,79
2012,FEMALE,HISPANIC,STELLA,10,79
2012,FEMALE,HISPANIC,DULCE,10,79
2012,FEMALE,HISPANIC,ANNA,10,79
2012,FEMALE,WHITE NON HISP,EMMA,228,1
2012,FEMALE,WHITE NON HISP,EMMA,228,1
2012,FEMALE,WHITE NON HISP,LEAH,219,2
2012,FEMALE,WHITE NON HISP,LEAH,219,2
2012,FEMALE,WHITE NON HISP,SARAH,209,3
2012,FEMALE,WHITE NON HISP,SARAH,209,3
2012,FEMALE,WHITE NON HISP,SOPHIA,198,4
2012,FEMALE,WHITE NON HISP,OLIVIA,198,4
2012,FEMALE,WHITE NON HISP,ESTHER,192,5
2012,FEMALE,WHITE NON HISP,ESTHER,192,5
2012,FEMALE,WHITE NON HISP,RACHEL,186,6
2012,FEMALE,WHITE NON HISP,RACHEL,186,6
2012,FEMALE,WHITE NON HISP,CHAYA,174,7
2012,FEMALE,WHITE NON HISP,CHAYA,174,7
2012,FEMALE,WHITE NON HISP,AVA,165,8
2012,FEMALE,WHITE NON HISP,CHANA,155,9
2012,FEMALE,WHITE NON HISP,CHANA,155,9
2012,FEMALE,WHITE NON HISP,MIRIAM,150,10
2012,FEMALE,WHITE NON HISP,MIRIAM,150,10
2012,FEMALE,WHITE NON HISP,ELLA,148,11
2012,FEMALE,WHITE NON HISP,ELLA,148,11
2012,FEMALE,WHITE NON HISP,EMILY,137,12
2012,FEMALE,WHITE NON HISP,EMILY,137,12
2012,FEMALE,WHITE NON HISP,MIA,136,13
2012,FEMALE,WHITE NON HISP,MIA,136,13
2012,FEMALE,WHITE NON HISP,SARA,133,14
2012,FEMALE,WHITE NON HISP,SARA,133,14
2012,FEMALE,WHITE NON HISP,CHARLOTTE,126,15
2012,FEMALE,WHITE NON HISP,CHARLOTTE,126,15
2012,FEMALE,WHITE NON HISP,ISABELLA,123,16
2012,FEMALE,WHITE NON HISP,MAYA,120,17
2012,FEMALE,WHITE NON HISP,MAYA,120,17
2012,FEMALE,WHITE NON HISP,ELIZABETH,116,18
2012,FEMALE,WHITE NON HISP,ELIZABETH,116,18
2012,FEMALE,WHITE NON HISP,ABIGAIL,113,19
2012,FEMALE,WHITE NON HISP,ALEXANDRA,110,20
2012,FEMALE,WHITE NON HISP,ALEXANDRA,110,20
2012,FEMALE,WHITE NON HISP,VICTORIA,109,21
2012,FEMALE,WHITE NON HISP,VICTORIA,109,21
2012,FEMALE,WHITE NON HISP,LILY,104,22
2012,FEMALE,WHITE NON HISP,LILY,104,22
2012,FEMALE,WHITE NON HISP,SOFIA,100,23
2012,FEMALE,WHITE NON HISP,SOFIA,100,23
2012,FEMALE,WHITE NON HISP,CHLOE,96,24
2012,FEMALE,WHITE NON HISP,CHLOE,96,24
2012,FEMALE,WHITE NON HISP,RIVKA,96,24
2012,FEMALE,WHITE NON HISP,RIVKA,96,24
2012,FEMALE,WHITE NON HISP,ZOE,93,25
2012,FEMALE,WHITE NON HISP,ZOE,93,25
2012,FEMALE,WHITE NON HISP,JULIA,91,26
2012,FEMALE,WHITE NON HISP,JULIA,91,26
2012,FEMALE,WHITE NON HISP,SOPHIE,90,27
2012,FEMALE,WHITE NON HISP,ANNA,90,27
2012,FEMALE,WHITE NON HISP,SOPHIE,90,27
2012,FEMALE,WHITE NON HISP,ANNA,90,27
2012,FEMALE,WHITE NON HISP,GABRIELLA,86,28
2012,FEMALE,WHITE NON HISP,AMELIA,86,28
2012,FEMALE,WHITE NON HISP,AMELIA,86,28
2012,FEMALE,WHITE NON HISP,GABRIELLA,86,28
2012,FEMALE,WHITE NON HISP,HANNAH,83,29
2012,FEMALE,WHITE NON HISP,HANNAH,83,29
2012,FEMALE,WHITE NON HISP,GRACE,79,30
2012,FEMALE,WHITE NON HISP,GRACE,79,30
2012,FEMALE,WHITE NON HISP,AVERY,76,31
2012,FEMALE,WHITE NON HISP,AVERY,76,31
2012,FEMALE,WHITE NON HISP,STELLA,74,32
2012,FEMALE,WHITE NON HISP,SAMANTHA,74,32
2012,FEMALE,WHITE NON HISP,SAMANTHA,74,32
2012,FEMALE,WHITE NON HISP,SHAINDY,71,33
2012,FEMALE,WHITE NON HISP,SHAINDY,71,33
2012,FEMALE,WHITE NON HISP,FAIGY,70,34
2012,FEMALE,WHITE NON HISP,FAIGY,70,34
2012,FEMALE,WHITE NON HISP,GITTY,69,35
2012,FEMALE,WHITE NON HISP,GITTY,69,35
2012,FEMALE,WHITE NON HISP,MADISON,66,36
2012,FEMALE,WHITE NON HISP,MADISON,66,36
2012,FEMALE,WHITE NON HISP,MALKY,65,37
2012,FEMALE,WHITE NON HISP,MALKY,65,37
2012,FEMALE,WHITE NON HISP,EVA,64,38
2012,FEMALE,WHITE NON HISP,EVA,64,38
2012,FEMALE,WHITE NON HISP,MALKA,57,39
2012,FEMALE,WHITE NON HISP,MALKA,57,39
2012,FEMALE,WHITE NON HISP,BATSHEVA,57,39
2012,FEMALE,WHITE NON HISP,BATSHEVA,57,39
2012,FEMALE,WHITE NON HISP,ALEXA,56,40
2012,FEMALE,WHITE NON HISP,MADELINE,55,41
2012,FEMALE,WHITE NON HISP,MADELINE,55,41
2012,FEMALE,WHITE NON HISP,LUCY,54,42
2012,FEMALE,WHITE NON HISP,PENELOPE,54,42
2012,FEMALE,WHITE NON HISP,LUCY,54,42
2012,FEMALE,WHITE NON HISP,PENELOPE,54,42
2012,FEMALE,WHITE NON HISP,ALICE,54,42
2012,FEMALE,WHITE NON HISP,ALICE,54,42
2012,FEMALE,WHITE NON HISP,RAIZY,52,43
2012,FEMALE,WHITE NON HISP,TOBY,52,43
2012,FEMALE,WHITE NON HISP,EVELYN,52,43
2012,FEMALE,WHITE NON HISP,EVELYN,52,43
2012,FEMALE,WHITE NON HISP,TOBY,52,43
2012,FEMALE,WHITE NON HISP,RAIZY,52,43
2012,FEMALE,WHITE NON HISP,RIVKY,50,44
2012,FEMALE,WHITE NON HISP,LILA,50,44
2012,FEMALE,WHITE NON HISP,RIVKY,50,44
2012,FEMALE,WHITE NON HISP,LILA,50,44
2012,FEMALE,WHITE NON HISP,NICOLE,48,45
2012,FEMALE,WHITE NON HISP,ANGELINA,48,45
2012,FEMALE,WHITE NON HISP,CAROLINE,48,45
2012,FEMALE,WHITE NON HISP,GIANNA,48,45
2012,FEMALE,WHITE NON HISP,NICOLE,48,45
2012,FEMALE,WHITE NON HISP,CAROLINE,48,45
2012,FEMALE,WHITE NON HISP,ANGELINA,48,45
2012,FEMALE,WHITE NON HISP,GIANNA,48,45
2012,FEMALE,WHITE NON HISP,VIOLET,47,46
2012,FEMALE,WHITE NON HISP,NATALIE,46,47
2012,FEMALE,WHITE NON HISP,NATALIE,46,47
2012,FEMALE,WHITE NON HISP,CLAIRE,45,48
2012,FEMALE,WHITE NON HISP,REBECCA,45,48
2012,FEMALE,WHITE NON HISP,ELEANOR,45,48
2012,FEMALE,WHITE NON HISP,MOLLY,45,48
2012,FEMALE,WHITE NON HISP,BAILA,45,48
2012,FEMALE,WHITE NON HISP,ELEANOR,45,48
2012,FEMALE,WHITE NON HISP,BAILA,45,48
2012,FEMALE,WHITE NON HISP,MOLLY,45,48
2012,FEMALE,WHITE NON HISP,REBECCA,45,48
2012,FEMALE,WHITE NON HISP,CLAIRE,45,48
2012,FEMALE,WHITE NON HISP,CHANY,44,49
2012,FEMALE,WHITE NON HISP,MARIA,44,49
2012,FEMALE,WHITE NON HISP,EMILIA,44,49
2012,FEMALE,WHITE NON HISP,DINA,44,49
2012,FEMALE,WHITE NON HISP,CHANY,44,49
2012,FEMALE,WHITE NON HISP,EMILIA,44,49
2012,FEMALE,WHITE NON HISP,MARIA,44,49
2012,FEMALE,WHITE NON HISP,DINA,44,49
2012,FEMALE,WHITE NON HISP,LAYLA,43,50
2012,FEMALE,WHITE NON HISP,ELIANA,43,50
2012,FEMALE,WHITE NON HISP,HARPER,43,50
2012,FEMALE,WHITE NON HISP,YITTY,43,50
2012,FEMALE,WHITE NON HISP,ELIANA,43,50
2012,FEMALE,WHITE NON HISP,HARPER,43,50
2012,FEMALE,WHITE NON HISP,LILLIAN,43,50
2012,FEMALE,WHITE NON HISP,YITTY,43,50
2012,FEMALE,WHITE NON HISP,ADRIANA,43,50
2012,FEMALE,WHITE NON HISP,SCARLETT,43,50
2012,FEMALE,WHITE NON HISP,LAYLA,43,50
2012,FEMALE,WHITE NON HISP,LILLIAN,43,50
2012,FEMALE,WHITE NON HISP,SCARLETT,43,50
2012,FEMALE,WHITE NON HISP,ADRIANA,43,50
2012,FEMALE,WHITE NON HISP,NINA,42,51
2012,FEMALE,WHITE NON HISP,CLARA,42,51
2012,FEMALE,WHITE NON HISP,CLARA,42,51
2012,FEMALE,WHITE NON HISP,NINA,42,51
2012,FEMALE,WHITE NON HISP,GIULIANA,42,51
2012,FEMALE,WHITE NON HISP,GIULIANA,42,51
2012,FEMALE,WHITE NON HISP,KATHERINE,41,52
2012,FEMALE,WHITE NON HISP,HINDY,40,53
2012,FEMALE,WHITE NON HISP,RILEY,40,53
2012,FEMALE,WHITE NON HISP,MILA,40,53
2012,FEMALE,WHITE NON HISP,RILEY,40,53
2012,FEMALE,WHITE NON HISP,HINDY,40,53
2012,FEMALE,WHITE NON HISP,MILA,40,53
2012,FEMALE,WHITE NON HISP,SIENNA,39,54
2012,FEMALE,WHITE NON HISP,SIENNA,39,54
2012,FEMALE,WHITE NON HISP,AUDREY,38,55
2012,FEMALE,WHITE NON HISP,MICHELLE,38,55
2012,FEMALE,WHITE NON HISP,SYDNEY,38,55
2012,FEMALE,WHITE NON HISP,AUDREY,38,55
2012,FEMALE,WHITE NON HISP,SYDNEY,38,55
2012,FEMALE,WHITE NON HISP,RUBY,38,55
2012,FEMALE,WHITE NON HISP,KAYLA,38,55
2012,FEMALE,WHITE NON HISP,MICHELLE,38,55
2012,FEMALE,WHITE NON HISP,CHAVA,38,55
2012,FEMALE,WHITE NON HISP,CHAVA,38,55
2012,FEMALE,WHITE NON HISP,KAYLA,38,55
2012,FEMALE,WHITE NON HISP,RUBY,38,55
2012,FEMALE,WHITE NON HISP,JULIET,38,55
2012,FEMALE,WHITE NON HISP,DEVORAH,37,56
2012,FEMALE,WHITE NON HISP,VIVIENNE,37,56
2012,FEMALE,WHITE NON HISP,VIVIENNE,37,56
2012,FEMALE,WHITE NON HISP,BLIMA,37,56
2012,FEMALE,WHITE NON HISP,BLIMA,37,56
2012,FEMALE,WHITE NON HISP,DEVORAH,37,56
2012,FEMALE,WHITE NON HISP,VALENTINA,36,57
2012,FEMALE,WHITE NON HISP,SADIE,36,57
2012,FEMALE,WHITE NON HISP,ROSE,36,57
2012,FEMALE,WHITE NON HISP,GIA,36,57
2012,FEMALE,WHITE NON HISP,VALENTINA,36,57
2012,FEMALE,WHITE NON HISP,GIA,36,57
2012,FEMALE,WHITE NON HISP,SADIE,36,57
2012,FEMALE,WHITE NON HISP,HAILEY,36,57
2012,FEMALE,WHITE NON HISP,ROSE,36,57
2012,FEMALE,WHITE NON HISP,TALIA,35,58
2012,FEMALE,WHITE NON HISP,MADELEINE,35,58
2012,FEMALE,WHITE NON HISP,TALIA,35,58
2012,FEMALE,WHITE NON HISP,MADELEINE,35,58
2012,FEMALE,WHITE NON HISP,DANIELLA,34,59
2012,FEMALE,WHITE NON HISP,DANIELLA,34,59
2012,FEMALE,WHITE NON HISP,JOSEPHINE,34,59
2012,FEMALE,WHITE NON HISP,JOSEPHINE,34,59
2012,FEMALE,WHITE NON HISP,BRACHA,33,60
2012,FEMALE,WHITE NON HISP,FRANCESCA,33,60
2012,FEMALE,WHITE NON HISP,CATHERINE,33,60
2012,FEMALE,WHITE NON HISP,CATHERINE,33,60
2012,FEMALE,WHITE NON HISP,FRANCESCA,33,60
2012,FEMALE,WHITE NON HISP,BRACHA,33,60
2012,FEMALE,WHITE NON HISP,NORA,32,61
2012,FEMALE,WHITE NON HISP,ZISSY,32,61
2012,FEMALE,WHITE NON HISP,JULIANA,32,61
2012,FEMALE,WHITE NON HISP,LUCIA,32,61
2012,FEMALE,WHITE NON HISP,NORA,32,61
2012,FEMALE,WHITE NON HISP,ADDISON,32,61
2012,FEMALE,WHITE NON HISP,YOCHEVED,32,61
2012,FEMALE,WHITE NON HISP,LUCIA,32,61
2012,FEMALE,WHITE NON HISP,JULIANA,32,61
2012,FEMALE,WHITE NON HISP,ADDISON,32,61
2012,FEMALE,WHITE NON HISP,ZISSY,32,61
2012,FEMALE,WHITE NON HISP,YOCHEVED,32,61
2012,FEMALE,WHITE NON HISP,ELOISE,31,62
2012,FEMALE,WHITE NON HISP,PEARL,31,62
2012,FEMALE,WHITE NON HISP,PEARL,31,62
2012,FEMALE,WHITE NON HISP,ELOISE,31,62
2012,FEMALE,WHITE NON HISP,SURY,31,62
2012,FEMALE,WHITE NON HISP,SURY,31,62
2012,FEMALE,WHITE NON HISP,NAOMI,30,63
2012,FEMALE,WHITE NON HISP,MINDY,30,63
2012,FEMALE,WHITE NON HISP,MINDY,30,63
2012,FEMALE,WHITE NON HISP,NAOMI,30,63
2012,FEMALE,WHITE NON HISP,LEILA,30,63
2012,FEMALE,WHITE NON HISP,LEILA,30,63
2012,FEMALE,WHITE NON HISP,FAIGA,29,64
2012,FEMALE,WHITE NON HISP,ARIANNA,29,64
2012,FEMALE,WHITE NON HISP,SABRINA,29,64
2012,FEMALE,WHITE NON HISP,ASHLEY,29,64
2012,FEMALE,WHITE NON HISP,BEATRICE,29,64
2012,FEMALE,WHITE NON HISP,FIONA,29,64
2012,FEMALE,WHITE NON HISP,FAIGA,29,64
2012,FEMALE,WHITE NON HISP,MARGARET,29,64
2012,FEMALE,WHITE NON HISP,ASHLEY,29,64
2012,FEMALE,WHITE NON HISP,ARIANNA,29,64
2012,FEMALE,WHITE NON HISP,SABRINA,29,64
2012,FEMALE,WHITE NON HISP,ARIANA,29,64
2012,FEMALE,WHITE NON HISP,YIDES,29,64
2012,FEMALE,WHITE NON HISP,MARGARET,29,64
2012,FEMALE,WHITE NON HISP,FIONA,29,64
2012,FEMALE,WHITE NON HISP,YIDES,29,64
2012,FEMALE,WHITE NON HISP,BEATRICE,29,64
2012,FEMALE,WHITE NON HISP,SKYLAR,28,65
2012,FEMALE,WHITE NON HISP,NOA,28,65
2012,FEMALE,WHITE NON HISP,CECILIA,28,65
2012,FEMALE,WHITE NON HISP,ARIELLA,28,65
2012,FEMALE,WHITE NON HISP,CECILIA,28,65
2012,FEMALE,WHITE NON HISP,NOA,28,65
2012,FEMALE,WHITE NON HISP,SKYLAR,28,65
2012,FEMALE,WHITE NON HISP,PESSY,27,66
2012,FEMALE,WHITE NON HISP,VERONICA,27,66
2012,FEMALE,WHITE NON HISP,VERONICA,27,66
2012,FEMALE,WHITE NON HISP,PESSY,27,66
2012,FEMALE,WHITE NON HISP,TAYLOR,26,67
2012,FEMALE,WHITE NON HISP,JACQUELINE,26,67
2012,FEMALE,WHITE NON HISP,BROOKE,26,67
2012,FEMALE,WHITE NON HISP,TAYLOR,26,67
2012,FEMALE,WHITE NON HISP,EDEN,26,67
2012,FEMALE,WHITE NON HISP,JACQUELINE,26,67
2012,FEMALE,WHITE NON HISP,BROOKE,26,67
2012,FEMALE,WHITE NON HISP,REESE,25,68
2012,FEMALE,WHITE NON HISP,GOLDY,25,68
2012,FEMALE,WHITE NON HISP,ZOEY,25,68
2012,FEMALE,WHITE NON HISP,NECHAMA,25,68
2012,FEMALE,WHITE NON HISP,ZOEY,25,68
2012,FEMALE,WHITE NON HISP,LAUREN,25,68
2012,FEMALE,WHITE NON HISP,NECHAMA,25,68
2012,FEMALE,WHITE NON HISP,GOLDY,25,68
2012,FEMALE,WHITE NON HISP,JULIETTE,25,68
2012,FEMALE,WHITE NON HISP,LAUREN,25,68
2012,FEMALE,WHITE NON HISP,REESE,25,68
2012,FEMALE,WHITE NON HISP,LILIANA,24,69
2012,FEMALE,WHITE NON HISP,ISABEL,24,69
2012,FEMALE,WHITE NON HISP,LIBBY,24,69
2012,FEMALE,WHITE NON HISP,KEIRA,24,69
2012,FEMALE,WHITE NON HISP,BRIANNA,24,69
2012,FEMALE,WHITE NON HISP,ISABEL,24,69
2012,FEMALE,WHITE NON HISP,LILIANA,24,69
2012,FEMALE,WHITE NON HISP,LIBBY,24,69
2012,FEMALE,WHITE NON HISP,BRIANNA,24,69
2012,FEMALE,WHITE NON HISP,KEIRA,24,69
2012,FEMALE,WHITE NON HISP,DYLAN,23,70
2012,FEMALE,WHITE NON HISP,ALEXIS,23,70
2012,FEMALE,WHITE NON HISP,VIVIAN,23,70
2012,FEMALE,WHITE NON HISP,ADRIANNA,23,70
2012,FEMALE,WHITE NON HISP,YAEL,23,70
2012,FEMALE,WHITE NON HISP,ELLIE,23,70
2012,FEMALE,WHITE NON HISP,LEA,23,70
2012,FEMALE,WHITE NON HISP,MARY,23,70
2012,FEMALE,WHITE NON HISP,HANNA,23,70
2012,FEMALE,WHITE NON HISP,VIVIAN,23,70
2012,FEMALE,WHITE NON HISP,ALEXIS,23,70
2012,FEMALE,WHITE NON HISP,ADRIANNA,23,70
2012,FEMALE,WHITE NON HISP,MARY,23,70
2012,FEMALE,WHITE NON HISP,ELLIE,23,70
2012,FEMALE,WHITE NON HISP,LEA,23,70
2012,FEMALE,WHITE NON HISP,DYLAN,23,70
2012,FEMALE,WHITE NON HISP,HANNA,23,70
2012,FEMALE,WHITE NON HISP,BELLA,22,71
2012,FEMALE,WHITE NON HISP,REAGAN,22,71
2012,FEMALE,WHITE NON HISP,RUCHY,22,71
2012,FEMALE,WHITE NON HISP,MORGAN,22,71
2012,FEMALE,WHITE NON HISP,REAGAN,22,71
2012,FEMALE,WHITE NON HISP,GEMMA,22,71
2012,FEMALE,WHITE NON HISP,MACKENZIE,22,71
2012,FEMALE,WHITE NON HISP,MACKENZIE,22,71
2012,FEMALE,WHITE NON HISP,ISLA,22,71
2012,FEMALE,WHITE NON HISP,SAVANNAH,22,71
2012,FEMALE,WHITE NON HISP,SAVANNAH,22,71
2012,FEMALE,WHITE NON HISP,ISLA,22,71
2012,FEMALE,WHITE NON HISP,ALYSSA,22,71
2012,FEMALE,WHITE NON HISP,ALYSSA,22,71
2012,FEMALE,WHITE NON HISP,GEMMA,22,71
2012,FEMALE,WHITE NON HISP,RUCHY,22,71
2012,FEMALE,WHITE NON HISP,BELLA,22,71
2012,FEMALE,WHITE NON HISP,ISABELLE,21,72
2012,FEMALE,WHITE NON HISP,VANESSA,21,72
2012,FEMALE,WHITE NON HISP,VANESSA,21,72
2012,FEMALE,WHITE NON HISP,BRUCHY,21,72
2012,FEMALE,WHITE NON HISP,MADELYN,21,72
2012,FEMALE,WHITE NON HISP,GITTEL,21,72
2012,FEMALE,WHITE NON HISP,BLIMY,21,72
2012,FEMALE,WHITE NON HISP,ISABELLE,21,72
2012,FEMALE,WHITE NON HISP,BLIMY,21,72
2012,FEMALE,WHITE NON HISP,MAEVE,21,72
2012,FEMALE,WHITE NON HISP,BRUCHY,21,72
2012,FEMALE,WHITE NON HISP,MAEVE,21,72
2012,FEMALE,WHITE NON HISP,GITTEL,21,72
2012,FEMALE,WHITE NON HISP,ADINA,20,73
2012,FEMALE,WHITE NON HISP,JANE,20,73
2012,FEMALE,WHITE NON HISP,ADINA,20,73
2012,FEMALE,WHITE NON HISP,ALIZA,20,73
2012,FEMALE,WHITE NON HISP,ELLE,20,73
2012,FEMALE,WHITE NON HISP,SIMONE,20,73
2012,FEMALE,WHITE NON HISP,DIANA,20,73
2012,FEMALE,WHITE NON HISP,DIANA,20,73
2012,FEMALE,WHITE NON HISP,ROCHEL,20,73
2012,FEMALE,WHITE NON HISP,ROCHEL,20,73
2012,FEMALE,WHITE NON HISP,ELENA,20,73
2012,FEMALE,WHITE NON HISP,QUINN,20,73
2012,FEMALE,WHITE NON HISP,QUINN,20,73
2012,FEMALE,WHITE NON HISP,ELLE,20,73
2012,FEMALE,WHITE NON HISP,ELENA,20,73
2012,FEMALE,WHITE NON HISP,SIMONE,20,73
2012,FEMALE,WHITE NON HISP,PHOEBE,20,73
2012,FEMALE,WHITE NON HISP,JANE,20,73
2012,FEMALE,WHITE NON HISP,PHOEBE,20,73
2012,FEMALE,WHITE NON HISP,MARIAM,20,73
2012,FEMALE,WHITE NON HISP,MARIAM,20,73
2012,FEMALE,WHITE NON HISP,ALIZA,20,73
2012,FEMALE,WHITE NON HISP,ETTY,19,74
2012,FEMALE,WHITE NON HISP,ADELAIDE,19,74
2012,FEMALE,WHITE NON HISP,LIA,19,74
2012,FEMALE,WHITE NON HISP,SHIFRA,19,74
2012,FEMALE,WHITE NON HISP,ANASTASIA,19,74
2012,FEMALE,WHITE NON HISP,ANASTASIA,19,74
2012,FEMALE,WHITE NON HISP,LILLY,19,74
2012,FEMALE,WHITE NON HISP,LAILA,19,74
2012,FEMALE,WHITE NON HISP,LAILA,19,74
2012,FEMALE,WHITE NON HISP,SLOANE,19,74
2012,FEMALE,WHITE NON HISP,LIA,19,74
2012,FEMALE,WHITE NON HISP,SHIFRA,19,74
2012,FEMALE,WHITE NON HISP,ETTY,19,74
2012,FEMALE,WHITE NON HISP,ADELAIDE,19,74
2012,FEMALE,WHITE NON HISP,LILLY,19,74
2012,FEMALE,WHITE NON HISP,ELIZA,18,75
2012,FEMALE,WHITE NON HISP,GENEVIEVE,18,75
2012,FEMALE,WHITE NON HISP,VERA,18,75
2012,FEMALE,WHITE NON HISP,PIPER,18,75
2012,FEMALE,WHITE NON HISP,MALAK,18,75
2012,FEMALE,WHITE NON HISP,VERA,18,75
2012,FEMALE,WHITE NON HISP,GENEVIEVE,18,75
2012,FEMALE,WHITE NON HISP,AYLA,18,75
2012,FEMALE,WHITE NON HISP,FRAIDY,18,75
2012,FEMALE,WHITE NON HISP,OLIVE,18,75
2012,FEMALE,WHITE NON HISP,FRAIDY,18,75
2012,FEMALE,WHITE NON HISP,MALAK,18,75
2012,FEMALE,WHITE NON HISP,PIPER,18,75
2012,FEMALE,WHITE NON HISP,AYLA,18,75
2012,FEMALE,WHITE NON HISP,OLIVE,18,75
2012,FEMALE,WHITE NON HISP,ELIZA,18,75
2012,FEMALE,WHITE NON HISP,AMANDA,17,76
2012,FEMALE,WHITE NON HISP,YEHUDIS,17,76
2012,FEMALE,WHITE NON HISP,JESSICA,17,76
2012,FEMALE,WHITE NON HISP,KATE,17,76
2012,FEMALE,WHITE NON HISP,KATHRYN,17,76
2012,FEMALE,WHITE NON HISP,JULIANNA,17,76
2012,FEMALE,WHITE NON HISP,RUTH,17,76
2012,FEMALE,WHITE NON HISP,ARIA,17,76
2012,FEMALE,WHITE NON HISP,ELISHEVA,17,76
2012,FEMALE,WHITE NON HISP,VALERIE,17,76
2012,FEMALE,WHITE NON HISP,WILLA,17,76
2012,FEMALE,WHITE NON HISP,JENNA,17,76
2012,FEMALE,WHITE NON HISP,JULIANNA,17,76
2012,FEMALE,WHITE NON HISP,YEHUDIS,17,76
2012,FEMALE,WHITE NON HISP,JULIE,17,76
2012,FEMALE,WHITE NON HISP,PERRY,17,76
2012,FEMALE,WHITE NON HISP,NATALIA,17,76
2012,FEMALE,WHITE NON HISP,GABRIELLE,17,76
2012,FEMALE,WHITE NON HISP,IVY,17,76
2012,FEMALE,WHITE NON HISP,JULIE,17,76
2012,FEMALE,WHITE NON HISP,COLETTE,17,76
2012,FEMALE,WHITE NON HISP,COLETTE,17,76
2012,FEMALE,WHITE NON HISP,SIENA,17,76
2012,FEMALE,WHITE NON HISP,KATE,17,76
2012,FEMALE,WHITE NON HISP,RAIZEL,17,76
2012,FEMALE,WHITE NON HISP,VALERIE,17,76
2012,FEMALE,WHITE NON HISP,ELISHEVA,17,76
2012,FEMALE,WHITE NON HISP,CORA,17,76
2012,FEMALE,WHITE NON HISP,JENNA,17,76
2012,FEMALE,WHITE NON HISP,CORA,17,76
2012,FEMALE,WHITE NON HISP,PERRY,17,76
2012,FEMALE,WHITE NON HISP,KATHRYN,17,76
2012,FEMALE,WHITE NON HISP,RAIZEL,17,76
2012,FEMALE,WHITE NON HISP,ARIA,17,76
2012,FEMALE,WHITE NON HISP,WILLA,17,76
2012,FEMALE,WHITE NON HISP,JESSICA,17,76
2012,FEMALE,WHITE NON HISP,NATALIA,17,76
2012,FEMALE,WHITE NON HISP,SIENA,17,76
2012,FEMALE,WHITE NON HISP,DEVORA,16,77
2012,FEMALE,WHITE NON HISP,ALINA,16,77
2012,FEMALE,WHITE NON HISP,SYLVIA,16,77
2012,FEMALE,WHITE NON HISP,ALLISON,16,77
2012,FEMALE,WHITE NON HISP,ALLISON,16,77
2012,FEMALE,WHITE NON HISP,JANA,16,77
2012,FEMALE,WHITE NON HISP,AMINA,16,77
2012,FEMALE,WHITE NON HISP,HAZEL,16,77
2012,FEMALE,WHITE NON HISP,SHIRA,16,77
2012,FEMALE,WHITE NON HISP,LOUISA,16,77
2012,FEMALE,WHITE NON HISP,ESME,16,77
2012,FEMALE,WHITE NON HISP,DAPHNE,16,77
2012,FEMALE,WHITE NON HISP,ARIELLE,16,77
2012,FEMALE,WHITE NON HISP,ARIELLE,16,77
2012,FEMALE,WHITE NON HISP,JANA,16,77
2012,FEMALE,WHITE NON HISP,PAIGE,16,77
2012,FEMALE,WHITE NON HISP,GEORGIA,16,77
2012,FEMALE,WHITE NON HISP,GEORGIA,16,77
2012,FEMALE,WHITE NON HISP,KAITLYN,16,77
2012,FEMALE,WHITE NON HISP,HAZEL,16,77
2012,FEMALE,WHITE NON HISP,LOUISA,16,77
2012,FEMALE,WHITE NON HISP,KAITLYN,16,77
2012,FEMALE,WHITE NON HISP,LARA,16,77
2012,FEMALE,WHITE NON HISP,PAIGE,16,77
2012,FEMALE,WHITE NON HISP,ALINA,16,77
2012,FEMALE,WHITE NON HISP,ESME,16,77
2012,FEMALE,WHITE NON HISP,DEVORA,16,77
2012,FEMALE,WHITE NON HISP,DAPHNE,16,77
2012,FEMALE,WHITE NON HISP,SHIRA,16,77
2012,FEMALE,WHITE NON HISP,AMINA,16,77
2012,FEMALE,WHITE NON HISP,ALESSIA,16,77
2012,FEMALE,WHITE NON HISP,LARA,16,77
2012,FEMALE,WHITE NON HISP,SYLVIA,16,77
2012,FEMALE,WHITE NON HISP,SIMA,15,78
2012,FEMALE,WHITE NON HISP,AHUVA,15,78
2012,FEMALE,WHITE NON HISP,LOLA,15,78
2012,FEMALE,WHITE NON HISP,HELENA,15,78
2012,FEMALE,WHITE NON HISP,MATILDA,15,78
2012,FEMALE,WHITE NON HISP,LENA,15,78
2012,FEMALE,WHITE NON HISP,EVANGELINE,15,78
2012,FEMALE,WHITE NON HISP,EVANGELINE,15,78
2012,FEMALE,WHITE NON HISP,MATILDA,15,78
2012,FEMALE,WHITE NON HISP,LENA,15,78
2012,FEMALE,WHITE NON HISP,HINDA,15,78
2012,FEMALE,WHITE NON HISP,ALESSANDRA,15,78
2012,FEMALE,WHITE NON HISP,ADELE,15,78
2012,FEMALE,WHITE NON HISP,IDY,15,78
2012,FEMALE,WHITE NON HISP,ADELE,15,78
2012,FEMALE,WHITE NON HISP,HELENA,15,78
2012,FEMALE,WHITE NON HISP,SIMA,15,78
2012,FEMALE,WHITE NON HISP,CHRISTINA,15,78
2012,FEMALE,WHITE NON HISP,ALESSANDRA,15,78
2012,FEMALE,WHITE NON HISP,AHUVA,15,78
2012,FEMALE,WHITE NON HISP,LOLA,15,78
2012,FEMALE,WHITE NON HISP,HINDA,15,78
2012,FEMALE,WHITE NON HISP,IRIS,15,78
2012,FEMALE,WHITE NON HISP,SALMA,15,78
2012,FEMALE,WHITE NON HISP,ROSA,15,78
2012,FEMALE,WHITE NON HISP,DAHLIA,15,78
2012,FEMALE,WHITE NON HISP,SHOSHANA,15,78
2012,FEMALE,WHITE NON HISP,CHRISTINA,15,78
2012,FEMALE,WHITE NON HISP,SHOSHANA,15,78
2012,FEMALE,WHITE NON HISP,SALMA,15,78
2012,FEMALE,WHITE NON HISP,DAHLIA,15,78
2012,FEMALE,WHITE NON HISP,IDY,15,78
2012,FEMALE,WHITE NON HISP,ANNABELLE,14,79
2012,FEMALE,WHITE NON HISP,NICOLETTE,14,79
2012,FEMALE,WHITE NON HISP,SHAINA,14,79
2012,FEMALE,WHITE NON HISP,HELEN,14,79
2012,FEMALE,WHITE NON HISP,CHAVY,14,79
2012,FEMALE,WHITE NON HISP,ELSA,14,79
2012,FEMALE,WHITE NON HISP,HENNY,14,79
2012,FEMALE,WHITE NON HISP,RIFKY,14,79
2012,FEMALE,WHITE NON HISP,SHAINA,14,79
2012,FEMALE,WHITE NON HISP,ELISE,14,79
2012,FEMALE,WHITE NON HISP,LAURA,14,79
2012,FEMALE,WHITE NON HISP,ADA,14,79
2012,FEMALE,WHITE NON HISP,CHELSEA,14,79
2012,FEMALE,WHITE NON HISP,ANNABELLE,14,79
2012,FEMALE,WHITE NON HISP,MIREL,14,79
2012,FEMALE,WHITE NON HISP,CHAVY,14,79
2012,FEMALE,WHITE NON HISP,CHELSEA,14,79
2012,FEMALE,WHITE NON HISP,ELISE,14,79
2012,FEMALE,WHITE NON HISP,ELSA,14,79
2012,FEMALE,WHITE NON HISP,LIVIA,14,79
2012,FEMALE,WHITE NON HISP,HELEN,14,79
2012,FEMALE,WHITE NON HISP,HENNY,14,79
2012,FEMALE,WHITE NON HISP,RIFKY,14,79
2012,FEMALE,WHITE NON HISP,LANA,14,79
2012,FEMALE,WHITE NON HISP,LAURA,14,79
2012,FEMALE,WHITE NON HISP,ADA,14,79
2012,FEMALE,WHITE NON HISP,LIVIA,14,79
2012,FEMALE,WHITE NON HISP,LANA,14,79
2012,FEMALE,WHITE NON HISP,MIREL,14,79
2012,FEMALE,WHITE NON HISP,NICOLETTE,14,79
2012,FEMALE,WHITE NON HISP,EVE,13,80
2012,FEMALE,WHITE NON HISP,MIRI,13,80
2012,FEMALE,WHITE NON HISP,AMIRA,13,80
2012,FEMALE,WHITE NON HISP,MIRI,13,80
2012,FEMALE,WHITE NON HISP,MICHAELA,13,80
2012,FEMALE,WHITE NON HISP,AMY,13,80
2012,FEMALE,WHITE NON HISP,HANA,13,80
2012,FEMALE,WHITE NON HISP,GOLDA,13,80
2012,FEMALE,WHITE NON HISP,RYAN,13,80
2012,FEMALE,WHITE NON HISP,HADLEY,13,80
2012,FEMALE,WHITE NON HISP,GRETA,13,80
2012,FEMALE,WHITE NON HISP,MELISSA,13,80
2012,FEMALE,WHITE NON HISP,TZIPORA,13,80
2012,FEMALE,WHITE NON HISP,LIANA,13,80
2012,FEMALE,WHITE NON HISP,GOLDA,13,80
2012,FEMALE,WHITE NON HISP,GRETA,13,80
2012,FEMALE,WHITE NON HISP,MICHAELA,13,80
2012,FEMALE,WHITE NON HISP,PEREL,13,80
2012,FEMALE,WHITE NON HISP,EVE,13,80
2012,FEMALE,WHITE NON HISP,TZIPORA,13,80
2012,FEMALE,WHITE NON HISP,RYAN,13,80
2012,FEMALE,WHITE NON HISP,HANA,13,80
2012,FEMALE,WHITE NON HISP,DANIELLE,13,80
2012,FEMALE,WHITE NON HISP,PEREL,13,80
2012,FEMALE,WHITE NON HISP,LILAH,13,80
2012,FEMALE,WHITE NON HISP,DANIELLE,13,80
2012,FEMALE,WHITE NON HISP,JENNIFER,13,80
2012,FEMALE,WHITE NON HISP,LIBA,13,80
2012,FEMALE,WHITE NON HISP,LIANA,13,80
2012,FEMALE,WHITE NON HISP,LEORA,13,80
2012,FEMALE,WHITE NON HISP,FRIMET,13,80
2012,FEMALE,WHITE NON HISP,MELISSA,13,80
2012,FEMALE,WHITE NON HISP,GIADA,13,80
2012,FEMALE,WHITE NON HISP,LILAH,13,80
2012,FEMALE,WHITE NON HISP,FRANCES,13,80
2012,FEMALE,WHITE NON HISP,LIBA,13,80
2012,FEMALE,WHITE NON HISP,FRIMET,13,80
2012,FEMALE,WHITE NON HISP,JUDY,13,80
2012,FEMALE,WHITE NON HISP,KIRA,13,80
2012,FEMALE,WHITE NON HISP,JUDY,13,80
2012,FEMALE,WHITE NON HISP,SASHA,13,80
2012,FEMALE,WHITE NON HISP,LEORA,13,80
2012,FEMALE,WHITE NON HISP,AVIGAIL,13,80
2012,FEMALE,WHITE NON HISP,JENNIFER,13,80
2012,FEMALE,WHITE NON HISP,HADLEY,13,80
2012,FEMALE,WHITE NON HISP,SASHA,13,80
2012,FEMALE,WHITE NON HISP,GIADA,13,80
2012,FEMALE,WHITE NON HISP,FRANCES,13,80
2012,FEMALE,WHITE NON HISP,JORDAN,12,81
2012,FEMALE,WHITE NON HISP,PERL,12,81
2012,FEMALE,WHITE NON HISP,ESTY,12,81
2012,FEMALE,WHITE NON HISP,KATIE,12,81
2012,FEMALE,WHITE NON HISP,BREINDY,12,81
2012,FEMALE,WHITE NON HISP,FATIMA,12,81
2012,FEMALE,WHITE NON HISP,TAMAR,12,81
2012,FEMALE,WHITE NON HISP,BREINDY,12,81
2012,FEMALE,WHITE NON HISP,AVIVA,12,81
2012,FEMALE,WHITE NON HISP,ATHENA,12,81
2012,FEMALE,WHITE NON HISP,GIULIA,12,81
2012,FEMALE,WHITE NON HISP,ANTONIA,12,81
2012,FEMALE,WHITE NON HISP,ANNE,12,81
2012,FEMALE,WHITE NON HISP,RAQUEL,12,81
2012,FEMALE,WHITE NON HISP,ALISA,12,81
2012,FEMALE,WHITE NON HISP,ALANA,12,81
2012,FEMALE,WHITE NON HISP,FATIMA,12,81
2012,FEMALE,WHITE NON HISP,YITTA,12,81
2012,FEMALE,WHITE NON HISP,ALANA,12,81
2012,FEMALE,WHITE NON HISP,JORDAN,12,81
2012,FEMALE,WHITE NON HISP,JUNE,12,81
2012,FEMALE,WHITE NON HISP,ESTY,12,81
2012,FEMALE,WHITE NON HISP,KATELYN,12,81
2012,FEMALE,WHITE NON HISP,VIRGINIA,12,81
2012,FEMALE,WHITE NON HISP,POLINA,12,81
2012,FEMALE,WHITE NON HISP,KATIE,12,81
2012,FEMALE,WHITE NON HISP,PERL,12,81
2012,FEMALE,WHITE NON HISP,LINA,12,81
2012,FEMALE,WHITE NON HISP,YITTA,12,81
2012,FEMALE,WHITE NON HISP,POLINA,12,81
2012,FEMALE,WHITE NON HISP,GIULIA,12,81
2012,FEMALE,WHITE NON HISP,LINA,12,81
2012,FEMALE,WHITE NON HISP,ANNE,12,81
2012,FEMALE,WHITE NON HISP,RAQUEL,12,81
2012,FEMALE,WHITE NON HISP,JUNE,12,81
2012,FEMALE,WHITE NON HISP,TAMAR,12,81
2012,FEMALE,WHITE NON HISP,MIKAYLA,12,81
2012,FEMALE,WHITE NON HISP,ATHENA,12,81
2012,FEMALE,WHITE NON HISP,ALISA,12,81
2012,FEMALE,WHITE NON HISP,AVIVA,12,81
2012,FEMALE,WHITE NON HISP,NOOR,12,81
2012,FEMALE,WHITE NON HISP,VIRGINIA,12,81
2012,FEMALE,WHITE NON HISP,KATELYN,12,81
2012,FEMALE,WHITE NON HISP,NOOR,12,81
2012,FEMALE,WHITE NON HISP,MIKAYLA,12,81
2012,FEMALE,WHITE NON HISP,ANTONIA,12,81
2012,FEMALE,WHITE NON HISP,DAISY,11,82
2012,FEMALE,WHITE NON HISP,TZIVIA,11,82
2012,FEMALE,WHITE NON HISP,FRADY,11,82
2012,FEMALE,WHITE NON HISP,DALIA,11,82
2012,FEMALE,WHITE NON HISP,JOANNA,11,82
2012,FEMALE,WHITE NON HISP,AYA,11,82
2012,FEMALE,WHITE NON HISP,ESTELLE,11,82
2012,FEMALE,WHITE NON HISP,EMERSON,11,82
2012,FEMALE,WHITE NON HISP,JOANNA,11,82
2012,FEMALE,WHITE NON HISP,ELLIANA,11,82
2012,FEMALE,WHITE NON HISP,ELLIANA,11,82
2012,FEMALE,WHITE NON HISP,DAISY,11,82
2012,FEMALE,WHITE NON HISP,ESTER,11,82
2012,FEMALE,WHITE NON HISP,ESTELLE,11,82
2012,FEMALE,WHITE NON HISP,JADE,11,82
2012,FEMALE,WHITE NON HISP,TESSA,11,82
2012,FEMALE,WHITE NON HISP,ESTER,11,82
2012,FEMALE,WHITE NON HISP,LYLA,11,82
2012,FEMALE,WHITE NON HISP,PEYTON,11,82
2012,FEMALE,WHITE NON HISP,ROIZY,11,82
2012,FEMALE,WHITE NON HISP,JADE,11,82
2012,FEMALE,WHITE NON HISP,MARGOT,11,82
2012,FEMALE,WHITE NON HISP,EMERSON,11,82
2012,FEMALE,WHITE NON HISP,MARGOT,11,82
2012,FEMALE,WHITE NON HISP,DALIA,11,82
2012,FEMALE,WHITE NON HISP,AYA,11,82
2012,FEMALE,WHITE NON HISP,LYLA,11,82
2012,FEMALE,WHITE NON HISP,FRADY,11,82
2012,FEMALE,WHITE NON HISP,ANNABEL,11,82
2012,FEMALE,WHITE NON HISP,ARIEL,11,82
2012,FEMALE,WHITE NON HISP,CELIA,11,82
2012,FEMALE,WHITE NON HISP,TESSA,11,82
2012,FEMALE,WHITE NON HISP,AMELIE,11,82
2012,FEMALE,WHITE NON HISP,JOLIE,11,82
2012,FEMALE,WHITE NON HISP,AMELIE,11,82
2012,FEMALE,WHITE NON HISP,JOLIE,11,82
2012,FEMALE,WHITE NON HISP,PEYTON,11,82
2012,FEMALE,WHITE NON HISP,AMALIA,11,82
2012,FEMALE,WHITE NON HISP,ARIEL,11,82
2012,FEMALE,WHITE NON HISP,TZIVIA,11,82
2012,FEMALE,WHITE NON HISP,ANNABEL,11,82
2012,FEMALE,WHITE NON HISP,CELIA,11,82
2012,FEMALE,WHITE NON HISP,ROIZY,11,82
2012,FEMALE,WHITE NON HISP,AMALIA,11,82
2012,FEMALE,WHITE NON HISP,HADASSAH,10,83
2012,FEMALE,WHITE NON HISP,CAROLINA,10,83
2012,FEMALE,WHITE NON HISP,SAGE,10,83
2012,FEMALE,WHITE NON HISP,KAYA,10,83
2012,FEMALE,WHITE NON HISP,JOYCE,10,83
2012,FEMALE,WHITE NON HISP,GABRIELA,10,83
2012,FEMALE,WHITE NON HISP,FAITH,10,83
2012,FEMALE,WHITE NON HISP,SELMA,10,83
2012,FEMALE,WHITE NON HISP,ROSIE,10,83
2012,FEMALE,WHITE NON HISP,MAE,10,83
2012,FEMALE,WHITE NON HISP,KAYA,10,83
2012,FEMALE,WHITE NON HISP,KAYLEE,10,83
2012,FEMALE,WHITE NON HISP,ALEXANDRIA,10,83
2012,FEMALE,WHITE NON HISP,GABRIELA,10,83
2012,FEMALE,WHITE NON HISP,CASSANDRA,10,83
2012,FEMALE,WHITE NON HISP,MARINA,10,83
2012,FEMALE,WHITE NON HISP,JOYCE,10,83
2012,FEMALE,WHITE NON HISP,ROSIE,10,83
2012,FEMALE,WHITE NON HISP,BIANCA,10,83
2012,FEMALE,WHITE NON HISP,INES,10,83
2012,FEMALE,WHITE NON HISP,MARYAM,10,83
2012,FEMALE,WHITE NON HISP,REEM,10,83
2012,FEMALE,WHITE NON HISP,FAITH,10,83
2012,FEMALE,WHITE NON HISP,DANIELA,10,83
2012,FEMALE,WHITE NON HISP,LIV,10,83
2012,FEMALE,WHITE NON HISP,SONIA,10,83
2012,FEMALE,WHITE NON HISP,REEM,10,83
2012,FEMALE,WHITE NON HISP,CAITLIN,10,83
2012,FEMALE,WHITE NON HISP,CAITLIN,10,83
2012,FEMALE,WHITE NON HISP,CAROLINA,10,83
2012,FEMALE,WHITE NON HISP,CHANIE,10,83
2012,FEMALE,WHITE NON HISP,SYLVIE,10,83
2012,FEMALE,WHITE NON HISP,BIANCA,10,83
2012,FEMALE,WHITE NON HISP,MAE,10,83
2012,FEMALE,WHITE NON HISP,SYLVIE,10,83
2012,FEMALE,WHITE NON HISP,JASMINE,10,83
2012,FEMALE,WHITE NON HISP,DANIELA,10,83
2012,FEMALE,WHITE NON HISP,ALMA,10,83
2012,FEMALE,WHITE NON HISP,MARINA,10,83
2012,FEMALE,WHITE NON HISP,HADASSAH,10,83
2012,FEMALE,WHITE NON HISP,MARYAM,10,83
2012,FEMALE,WHITE NON HISP,MELANIE,10,83
2012,FEMALE,WHITE NON HISP,CASSANDRA,10,83
2012,FEMALE,WHITE NON HISP,SELMA,10,83
2012,FEMALE,WHITE NON HISP,AUBREY,10,83
2012,FEMALE,WHITE NON HISP,CHANIE,10,83
2012,FEMALE,WHITE NON HISP,SAGE,10,83
2012,FEMALE,WHITE NON HISP,SONIA,10,83
2012,FEMALE,WHITE NON HISP,YARA,10,83
2012,FEMALE,WHITE NON HISP,INES,10,83
2012,FEMALE,WHITE NON HISP,ALMA,10,83
2012,FEMALE,WHITE NON HISP,LIV,10,83
2012,FEMALE,WHITE NON HISP,ALEXANDRIA,10,83
2012,FEMALE,WHITE NON HISP,KAYLEE,10,83
2012,FEMALE,WHITE NON HISP,YARA,10,83
2012,FEMALE,WHITE NON HISP,AUBREY,10,83
2012,FEMALE,WHITE NON HISP,MELANIE,10,83
2012,FEMALE,WHITE NON HISP,JASMINE,10,83
2012,MALE,ASIAN AND PACI,RYAN,197,1
2012,MALE,ASIAN AND PACI,RYAN,197,1
2012,MALE,ASIAN AND PACI,JAYDEN,187,2
2012,MALE,ASIAN AND PACI,ETHAN,187,2
2012,MALE,ASIAN AND PACI,ETHAN,187,2
2012,MALE,ASIAN AND PACI,LUCAS,129,3
2012,MALE,ASIAN AND PACI,LUCAS,129,3
2012,MALE,ASIAN AND PACI,JUSTIN,125,4
2012,MALE,ASIAN AND PACI,ERIC,123,5
2012,MALE,ASIAN AND PACI,ERIC,123,5
2012,MALE,ASIAN AND PACI,AIDEN,118,6
2012,MALE,ASIAN AND PACI,AIDEN,118,6
2012,MALE,ASIAN AND PACI,MUHAMMAD,112,7
2012,MALE,ASIAN AND PACI,MUHAMMAD,112,7
2012,MALE,ASIAN AND PACI,JASON,101,8
2012,MALE,ASIAN AND PACI,JASON,101,8
2012,MALE,ASIAN AND PACI,DANIEL,98,9
2012,MALE,ASIAN AND PACI,DANIEL,98,9
2012,MALE,ASIAN AND PACI,KEVIN,96,10
2012,MALE,ASIAN AND PACI,KEVIN,96,10
2012,MALE,ASIAN AND PACI,WILLIAM,93,11
2012,MALE,ASIAN AND PACI,WILLIAM,93,11
2012,MALE,ASIAN AND PACI,MATTHEW,85,12
2012,MALE,ASIAN AND PACI,EVAN,83,13
2012,MALE,ASIAN AND PACI,EVAN,83,13
2012,MALE,ASIAN AND PACI,DYLAN,77,14
2012,MALE,ASIAN AND PACI,DYLAN,77,14
2012,MALE,ASIAN AND PACI,VINCENT,76,15
2012,MALE,ASIAN AND PACI,VINCENT,76,15
2012,MALE,ASIAN AND PACI,ALEXANDER,73,16
2012,MALE,ASIAN AND PACI,ALEXANDER,73,16
2012,MALE,ASIAN AND PACI,IVAN,68,17
2012,MALE,ASIAN AND PACI,IVAN,68,17
2012,MALE,ASIAN AND PACI,AUSTIN,67,18
2012,MALE,ASIAN AND PACI,AUSTIN,67,18
2012,MALE,ASIAN AND PACI,AARON,66,19
2012,MALE,ASIAN AND PACI,ANDREW,66,19
2012,MALE,ASIAN AND PACI,KYLE,65,20
2012,MALE,ASIAN AND PACI,KYLE,65,20
2012,MALE,ASIAN AND PACI,MASON,62,21
2012,MALE,ASIAN AND PACI,MASON,62,21
2012,MALE,ASIAN AND PACI,JEREMY,60,22
2012,MALE,ASIAN AND PACI,JEREMY,60,22
2012,MALE,ASIAN AND PACI,ANDY,58,23
2012,MALE,ASIAN AND PACI,ANDY,58,23
2012,MALE,ASIAN AND PACI,MOHAMMAD,58,23
2012,MALE,ASIAN AND PACI,ALEX,54,24
2012,MALE,ASIAN AND PACI,ALEX,54,24
2012,MALE,ASIAN AND PACI,OWEN,54,24
2012,MALE,ASIAN AND PACI,OWEN,54,24
2012,MALE,ASIAN AND PACI,NOAH,53,25
2012,MALE,ASIAN AND PACI,NOAH,53,25
2012,MALE,ASIAN AND PACI,JONATHAN,52,26
2012,MALE,ASIAN AND PACI,JONATHAN,52,26
2012,MALE,ASIAN AND PACI,JACOB,48,27
2012,MALE,ASIAN AND PACI,JACOB,48,27
2012,MALE,ASIAN AND PACI,BENJAMIN,46,28
2012,MALE,ASIAN AND PACI,ANTHONY,45,29
2012,MALE,ASIAN AND PACI,ANTHONY,45,29
2012,MALE,ASIAN AND PACI,ALVIN,45,29
2012,MALE,ASIAN AND PACI,LIAM,45,29
2012,MALE,ASIAN AND PACI,ALVIN,45,29
2012,MALE,ASIAN AND PACI,JOSHUA,45,29
2012,MALE,ASIAN AND PACI,JOSHUA,45,29
2012,MALE,ASIAN AND PACI,LIAM,45,29
2012,MALE,ASIAN AND PACI,LEO,43,30
2012,MALE,ASIAN AND PACI,IAN,43,30
2012,MALE,ASIAN AND PACI,JAMES,43,30
2012,MALE,ASIAN AND PACI,LEO,43,30
2012,MALE,ASIAN AND PACI,JAMES,43,30
2012,MALE,ASIAN AND PACI,IAN,43,30
2012,MALE,ASIAN AND PACI,JADEN,42,31
2012,MALE,ASIAN AND PACI,JADEN,42,31
2012,MALE,ASIAN AND PACI,AYAAN,41,32
2012,MALE,ASIAN AND PACI,AYAAN,41,32
2012,MALE,ASIAN AND PACI,BRIAN,41,32
2012,MALE,ASIAN AND PACI,ADAM,41,32
2012,MALE,ASIAN AND PACI,ADAM,41,32
2012,MALE,ASIAN AND PACI,BRIAN,41,32
2012,MALE,ASIAN AND PACI,TYLER,40,33
2012,MALE,ASIAN AND PACI,TYLER,40,33
2012,MALE,ASIAN AND PACI,DAVID,40,33
2012,MALE,ASIAN AND PACI,DAVID,40,33
2012,MALE,ASIAN AND PACI,AIDAN,39,34
2012,MALE,ASIAN AND PACI,BRANDON,38,35
2012,MALE,ASIAN AND PACI,BRANDON,38,35
2012,MALE,ASIAN AND PACI,MICHAEL,37,36
2012,MALE,ASIAN AND PACI,NATHAN,37,36
2012,MALE,ASIAN AND PACI,MARCUS,37,36
2012,MALE,ASIAN AND PACI,MARCUS,37,36
2012,MALE,ASIAN AND PACI,NATHAN,37,36
2012,MALE,ASIAN AND PACI,MICHAEL,37,36
2012,MALE,ASIAN AND PACI,SAMUEL,36,37
2012,MALE,ASIAN AND PACI,MOHAMMED,36,37
2012,MALE,ASIAN AND PACI,MOHAMMED,36,37
2012,MALE,ASIAN AND PACI,SAMUEL,36,37
2012,MALE,ASIAN AND PACI,RICHARD,36,37
2012,MALE,ASIAN AND PACI,RICHARD,36,37
2012,MALE,ASIAN AND PACI,ALAN,35,38
2012,MALE,ASIAN AND PACI,NICHOLAS,35,38
2012,MALE,ASIAN AND PACI,ALAN,35,38
2012,MALE,ASIAN AND PACI,ALLEN,35,38
2012,MALE,ASIAN AND PACI,ZACHARY,35,38
2012,MALE,ASIAN AND PACI,DEREK,35,38
2012,MALE,ASIAN AND PACI,DEREK,35,38
2012,MALE,ASIAN AND PACI,ALLEN,35,38
2012,MALE,ASIAN AND PACI,NICHOLAS,35,38
2012,MALE,ASIAN AND PACI,HENRY,33,39
2012,MALE,ASIAN AND PACI,MAX,33,39
2012,MALE,ASIAN AND PACI,HENRY,33,39
2012,MALE,ASIAN AND PACI,MAX,33,39
2012,MALE,ASIAN AND PACI,JERRY,32,40
2012,MALE,ASIAN AND PACI,RAYMOND,32,40
2012,MALE,ASIAN AND PACI,JERRY,32,40
2012,MALE,ASIAN AND PACI,RAYMOND,32,40
2012,MALE,ASIAN AND PACI,TENZIN,30,41
2012,MALE,ASIAN AND PACI,EASON,30,41
2012,MALE,ASIAN AND PACI,TENZIN,30,41
2012,MALE,ASIAN AND PACI,EASON,30,41
2012,MALE,ASIAN AND PACI,JEFFREY,29,42
2012,MALE,ASIAN AND PACI,JEFFREY,29,42
2012,MALE,ASIAN AND PACI,JOSEPH,29,42
2012,MALE,ASIAN AND PACI,IBRAHIM,29,42
2012,MALE,ASIAN AND PACI,JOSEPH,29,42
2012,MALE,ASIAN AND PACI,IBRAHIM,29,42
2012,MALE,ASIAN AND PACI,ABDULLAH,28,43
2012,MALE,ASIAN AND PACI,KINGSLEY,28,43
2012,MALE,ASIAN AND PACI,KINGSLEY,28,43
2012,MALE,ASIAN AND PACI,SYED,28,43
2012,MALE,ASIAN AND PACI,STEVEN,28,43
2012,MALE,ASIAN AND PACI,ABDULLAH,28,43
2012,MALE,ASIAN AND PACI,STEVEN,28,43
2012,MALE,ASIAN AND PACI,SYED,28,43
2012,MALE,ASIAN AND PACI,GABRIEL,27,44
2012,MALE,ASIAN AND PACI,ADRIAN,27,44
2012,MALE,ASIAN AND PACI,OLIVER,27,44
2012,MALE,ASIAN AND PACI,ADRIAN,27,44
2012,MALE,ASIAN AND PACI,GABRIEL,27,44
2012,MALE,ASIAN AND PACI,OLIVER,27,44
2012,MALE,ASIAN AND PACI,JOHN,26,45
2012,MALE,ASIAN AND PACI,DARREN,26,45
2012,MALE,ASIAN AND PACI,JACK,26,45
2012,MALE,ASIAN AND PACI,LUKE,25,46
2012,MALE,ASIAN AND PACI,ISAAC,25,46
2012,MALE,ASIAN AND PACI,ANSON,25,46
2012,MALE,ASIAN AND PACI,ISAAC,25,46
2012,MALE,ASIAN AND PACI,THOMAS,25,46
2012,MALE,ASIAN AND PACI,GAVIN,25,46
2012,MALE,ASIAN AND PACI,ANSON,25,46
2012,MALE,ASIAN AND PACI,LOGAN,25,46
2012,MALE,ASIAN AND PACI,GAVIN,25,46
2012,MALE,ASIAN AND PACI,LOGAN,25,46
2012,MALE,ASIAN AND PACI,LUKE,25,46
2012,MALE,ASIAN AND PACI,THOMAS,25,46
2012,MALE,ASIAN AND PACI,NATHANIEL,24,47
2012,MALE,ASIAN AND PACI,NATHANIEL,24,47
2012,MALE,ASIAN AND PACI,SEAN,23,48
2012,MALE,ASIAN AND PACI,CHRISTIAN,23,48
2012,MALE,ASIAN AND PACI,TRISTAN,23,48
2012,MALE,ASIAN AND PACI,SEAN,23,48
2012,MALE,ASIAN AND PACI,CHRISTIAN,23,48
2012,MALE,ASIAN AND PACI,TRISTAN,23,48
2012,MALE,ASIAN AND PACI,VICTOR,22,49
2012,MALE,ASIAN AND PACI,CHARLES,22,49
2012,MALE,ASIAN AND PACI,FELIX,22,49
2012,MALE,ASIAN AND PACI,FELIX,22,49
2012,MALE,ASIAN AND PACI,ARJUN,21,50
2012,MALE,ASIAN AND PACI,JULIAN,21,50
2012,MALE,ASIAN AND PACI,ARJUN,21,50
2012,MALE,ASIAN AND PACI,JULIAN,21,50
2012,MALE,ASIAN AND PACI,RAYAN,20,51
2012,MALE,ASIAN AND PACI,RAYAN,20,51
2012,MALE,ASIAN AND PACI,ROHAN,20,51
2012,MALE,ASIAN AND PACI,JAKE,19,52
2012,MALE,ASIAN AND PACI,JAKE,19,52
2012,MALE,ASIAN AND PACI,AYDEN,19,52
2012,MALE,ASIAN AND PACI,AYDEN,19,52
2012,MALE,ASIAN AND PACI,ELIJAH,19,52
2012,MALE,ASIAN AND PACI,ELIJAH,19,52
2012,MALE,ASIAN AND PACI,MILES,18,53
2012,MALE,ASIAN AND PACI,BRYAN,18,53
2012,MALE,ASIAN AND PACI,STANLEY,18,53
2012,MALE,ASIAN AND PACI,WESLEY,18,53
2012,MALE,ASIAN AND PACI,BRYAN,18,53
2012,MALE,ASIAN AND PACI,WESLEY,18,53
2012,MALE,ASIAN AND PACI,JAY,18,53
2012,MALE,ASIAN AND PACI,STANLEY,18,53
2012,MALE,ASIAN AND PACI,ALBERT,18,53
2012,MALE,ASIAN AND PACI,MILES,18,53
2012,MALE,ASIAN AND PACI,ALBERT,18,53
2012,MALE,ASIAN AND PACI,JAY,18,53
2012,MALE,ASIAN AND PACI,LOUIS,17,54
2012,MALE,ASIAN AND PACI,JACKSON,17,54
2012,MALE,ASIAN AND PACI,HUNTER,17,54
2012,MALE,ASIAN AND PACI,SEBASTIAN,17,54
2012,MALE,ASIAN AND PACI,JACKSON,17,54
2012,MALE,ASIAN AND PACI,LOUIS,17,54
2012,MALE,ASIAN AND PACI,SEBASTIAN,17,54
2012,MALE,ASIAN AND PACI,OSCAR,17,54
2012,MALE,ASIAN AND PACI,CONNOR,17,54
2012,MALE,ASIAN AND PACI,ALI,17,54
2012,MALE,ASIAN AND PACI,ALI,17,54
2012,MALE,ASIAN AND PACI,HUNTER,17,54
2012,MALE,ASIAN AND PACI,OSCAR,17,54
2012,MALE,ASIAN AND PACI,CONNOR,17,54
2012,MALE,ASIAN AND PACI,PATRICK,16,55
2012,MALE,ASIAN AND PACI,DEVIN,16,55
2012,MALE,ASIAN AND PACI,TIMOTHY,16,55
2012,MALE,ASIAN AND PACI,ABDUL,16,55
2012,MALE,ASIAN AND PACI,EDISON,16,55
2012,MALE,ASIAN AND PACI,ANGUS,16,55
2012,MALE,ASIAN AND PACI,JORDAN,16,55
2012,MALE,ASIAN AND PACI,MAXWELL,16,55
2012,MALE,ASIAN AND PACI,TIMOTHY,16,55
2012,MALE,ASIAN AND PACI,ANGUS,16,55
2012,MALE,ASIAN AND PACI,DEVIN,16,55
2012,MALE,ASIAN AND PACI,JORDAN,16,55
2012,MALE,ASIAN AND PACI,EDISON,16,55
2012,MALE,ASIAN AND PACI,MAXWELL,16,55
2012,MALE,ASIAN AND PACI,ABDUL,16,55
2012,MALE,ASIAN AND PACI,PATRICK,16,55
2012,MALE,ASIAN AND PACI,CHRISTOPHER,15,56
2012,MALE,ASIAN AND PACI,BENSON,15,56
2012,MALE,ASIAN AND PACI,BRAYDEN,15,56
2012,MALE,ASIAN AND PACI,CALEB,15,56
2012,MALE,ASIAN AND PACI,BENSON,15,56
2012,MALE,ASIAN AND PACI,YUSUF,15,56
2012,MALE,ASIAN AND PACI,AHMED,15,56
2012,MALE,ASIAN AND PACI,WILSON,15,56
2012,MALE,ASIAN AND PACI,CHRISTOPHER,15,56
2012,MALE,ASIAN AND PACI,NIKHIL,15,56
2012,MALE,ASIAN AND PACI,ROY,15,56
2012,MALE,ASIAN AND PACI,KRISH,15,56
2012,MALE,ASIAN AND PACI,KRISH,15,56
2012,MALE,ASIAN AND PACI,NIKHIL,15,56
2012,MALE,ASIAN AND PACI,ROY,15,56
2012,MALE,ASIAN AND PACI,BRAYDEN,15,56
2012,MALE,ASIAN AND PACI,AHMED,15,56
2012,MALE,ASIAN AND PACI,WILSON,15,56
2012,MALE,ASIAN AND PACI,CALEB,15,56
2012,MALE,ASIAN AND PACI,YUSUF,15,56
2012,MALE,ASIAN AND PACI,JACKY,14,57
2012,MALE,ASIAN AND PACI,TERRENCE,14,57
2012,MALE,ASIAN AND PACI,JACKY,14,57
2012,MALE,ASIAN AND PACI,JOHNNY,14,57
2012,MALE,ASIAN AND PACI,ALSTON,14,57
2012,MALE,ASIAN AND PACI,KAI,14,57
2012,MALE,ASIAN AND PACI,JASPER,14,57
2012,MALE,ASIAN AND PACI,ARYAN,14,57
2012,MALE,ASIAN AND PACI,KAI,14,57
2012,MALE,ASIAN AND PACI,LEON,14,57
2012,MALE,ASIAN AND PACI,ALSTON,14,57
2012,MALE,ASIAN AND PACI,LEON,14,57
2012,MALE,ASIAN AND PACI,ARYAN,14,57
2012,MALE,ASIAN AND PACI,JASPER,14,57
2012,MALE,ASIAN AND PACI,TERRENCE,14,57
2012,MALE,ASIAN AND PACI,JOHNNY,14,57
2012,MALE,ASIAN AND PACI,LAWRENCE,13,58
2012,MALE,ASIAN AND PACI,HARRISON,13,58
2012,MALE,ASIAN AND PACI,AAYAN,13,58
2012,MALE,ASIAN AND PACI,AAYAN,13,58
2012,MALE,ASIAN AND PACI,CHASE,13,58
2012,MALE,ASIAN AND PACI,HARRISON,13,58
2012,MALE,ASIAN AND PACI,SHAYAAN,13,58
2012,MALE,ASIAN AND PACI,LAWRENCE,13,58
2012,MALE,ASIAN AND PACI,SHAYAAN,13,58
2012,MALE,ASIAN AND PACI,CHASE,13,58
2012,MALE,ASIAN AND PACI,DANNY,13,58
2012,MALE,ASIAN AND PACI,MUSA,13,58
2012,MALE,ASIAN AND PACI,KINGSTON,13,58
2012,MALE,ASIAN AND PACI,KINGSTON,13,58
2012,MALE,ASIAN AND PACI,MUSA,13,58
2012,MALE,ASIAN AND PACI,DANNY,13,58
2012,MALE,ASIAN AND PACI,GORDON,12,59
2012,MALE,ASIAN AND PACI,AYAN,12,59
2012,MALE,ASIAN AND PACI,ELI,12,59
2012,MALE,ASIAN AND PACI,THEODORE,12,59
2012,MALE,ASIAN AND PACI,ZAIN,12,59
2012,MALE,ASIAN AND PACI,WINSTON,12,59
2012,MALE,ASIAN AND PACI,NELSON,12,59
2012,MALE,ASIAN AND PACI,MOHAMED,12,59
2012,MALE,ASIAN AND PACI,ZAIN,12,59
2012,MALE,ASIAN AND PACI,MOHAMED,12,59
2012,MALE,ASIAN AND PACI,MUSTAFA,12,59
2012,MALE,ASIAN AND PACI,NELSON,12,59
2012,MALE,ASIAN AND PACI,RICKY,12,59
2012,MALE,ASIAN AND PACI,RAYYAN,12,59
2012,MALE,ASIAN AND PACI,RAYYAN,12,59
2012,MALE,ASIAN AND PACI,RICKY,12,59
2012,MALE,ASIAN AND PACI,MUSTAFA,12,59
2012,MALE,ASIAN AND PACI,AYAN,12,59
2012,MALE,ASIAN AND PACI,THEODORE,12,59
2012,MALE,ASIAN AND PACI,ASHER,12,59
2012,MALE,ASIAN AND PACI,HUDSON,12,59
2012,MALE,ASIAN AND PACI,ASHER,12,59
2012,MALE,ASIAN AND PACI,ELI,12,59
2012,MALE,ASIAN AND PACI,GORDON,12,59
2012,MALE,ASIAN AND PACI,WINSTON,12,59
2012,MALE,ASIAN AND PACI,HUDSON,12,59
2012,MALE,ASIAN AND PACI,HAYDEN,11,60
2012,MALE,ASIAN AND PACI,REHAN,11,60
2012,MALE,ASIAN AND PACI,HAMZA,11,60
2012,MALE,ASIAN AND PACI,KENNETH,11,60
2012,MALE,ASIAN AND PACI,KENNETH,11,60
2012,MALE,ASIAN AND PACI,CYRUS,11,60
2012,MALE,ASIAN AND PACI,HAO,11,60
2012,MALE,ASIAN AND PACI,HAO,11,60
2012,MALE,ASIAN AND PACI,HAYDEN,11,60
2012,MALE,ASIAN AND PACI,REHAN,11,60
2012,MALE,ASIAN AND PACI,CYRUS,11,60
2012,MALE,ASIAN AND PACI,HAMZA,11,60
2012,MALE,ASIAN AND PACI,ADITYA,11,60
2012,MALE,ASIAN AND PACI,ADITYA,11,60
2012,MALE,ASIAN AND PACI,AARAV,10,61
2012,MALE,ASIAN AND PACI,CODY,10,61
2012,MALE,ASIAN AND PACI,NEIL,10,61
2012,MALE,ASIAN AND PACI,SUBHAN,10,61
2012,MALE,ASIAN AND PACI,JUN,10,61
2012,MALE,ASIAN AND PACI,CODY,10,61
2012,MALE,ASIAN AND PACI,CALVIN,10,61
2012,MALE,ASIAN AND PACI,BRUCE,10,61
2012,MALE,ASIAN AND PACI,EDWARD,10,61
2012,MALE,ASIAN AND PACI,CARTER,10,61
2012,MALE,ASIAN AND PACI,ZAYAN,10,61
2012,MALE,ASIAN AND PACI,CARTER,10,61
2012,MALE,ASIAN AND PACI,SHAYAN,10,61
2012,MALE,ASIAN AND PACI,AARAV,10,61
2012,MALE,ASIAN AND PACI,VIHAAN,10,61
2012,MALE,ASIAN AND PACI,ZAYAN,10,61
2012,MALE,ASIAN AND PACI,CARSON,10,61
2012,MALE,ASIAN AND PACI,SHAYAN,10,61
2012,MALE,ASIAN AND PACI,CALVIN,10,61
2012,MALE,ASIAN AND PACI,SUBHAN,10,61
2012,MALE,ASIAN AND PACI,BRUCE,10,61
2012,MALE,ASIAN AND PACI,ELVIS,10,61
2012,MALE,ASIAN AND PACI,JIMMY,10,61
2012,MALE,ASIAN AND PACI,VIHAAN,10,61
2012,MALE,ASIAN AND PACI,NEIL,10,61
2012,MALE,ASIAN AND PACI,JUN,10,61
2012,MALE,ASIAN AND PACI,ELVIS,10,61
2012,MALE,ASIAN AND PACI,EDWARD,10,61
2012,MALE,ASIAN AND PACI,CARSON,10,61
2012,MALE,ASIAN AND PACI,JIMMY,10,61
2012,MALE,BLACK NON HISP,JAYDEN,171,1
2012,MALE,BLACK NON HISP,AIDEN,156,2
2012,MALE,BLACK NON HISP,ETHAN,151,3
2012,MALE,BLACK NON HISP,ETHAN,151,3
2012,MALE,BLACK NON HISP,JEREMIAH,141,4
2012,MALE,BLACK NON HISP,JOSHUA,124,5
2012,MALE,BLACK NON HISP,MICHAEL,115,6
2012,MALE,BLACK NON HISP,ELIJAH,115,6
2012,MALE,BLACK NON HISP,ELIJAH,115,6
2012,MALE,BLACK NON HISP,MICHAEL,115,6
2012,MALE,BLACK NON HISP,CHRISTIAN,104,7
2012,MALE,BLACK NON HISP,CHRISTIAN,104,7
2012,MALE,BLACK NON HISP,JOSIAH,103,8
2012,MALE,BLACK NON HISP,MASON,103,8
2012,MALE,BLACK NON HISP,MASON,103,8
2012,MALE,BLACK NON HISP,JOSIAH,103,8
2012,MALE,BLACK NON HISP,NOAH,95,9
2012,MALE,BLACK NON HISP,ISAIAH,95,9
2012,MALE,BLACK NON HISP,ISAIAH,95,9
2012,MALE,BLACK NON HISP,NOAH,95,9
2012,MALE,BLACK NON HISP,TYLER,90,10
2012,MALE,BLACK NON HISP,TYLER,90,10
2012,MALE,BLACK NON HISP,LIAM,76,11
2012,MALE,BLACK NON HISP,LIAM,76,11
2012,MALE,BLACK NON HISP,JUSTIN,74,12
2012,MALE,BLACK NON HISP,JUSTIN,74,12
2012,MALE,BLACK NON HISP,RYAN,71,13
2012,MALE,BLACK NON HISP,RYAN,71,13
2012,MALE,BLACK NON HISP,AYDEN,70,14
2012,MALE,BLACK NON HISP,AYDEN,70,14
2012,MALE,BLACK NON HISP,CHRISTOPHER,68,15
2012,MALE,BLACK NON HISP,CHRISTOPHER,68,15
2012,MALE,BLACK NON HISP,DAVID,67,16
2012,MALE,BLACK NON HISP,DAVID,67,16
2012,MALE,BLACK NON HISP,DANIEL,67,16
2012,MALE,BLACK NON HISP,DANIEL,67,16
2012,MALE,BLACK NON HISP,AMIR,66,17
2012,MALE,BLACK NON HISP,AMIR,66,17
2012,MALE,BLACK NON HISP,JORDAN,60,18
2012,MALE,BLACK NON HISP,MATTHEW,60,18
2012,MALE,BLACK NON HISP,MATTHEW,60,18
2012,MALE,BLACK NON HISP,JORDAN,60,18
2012,MALE,BLACK NON HISP,AARON,59,19
2012,MALE,BLACK NON HISP,ANTHONY,58,20
2012,MALE,BLACK NON HISP,ANTHONY,58,20
2012,MALE,BLACK NON HISP,JACOB,58,20
2012,MALE,BLACK NON HISP,DYLAN,58,20
2012,MALE,BLACK NON HISP,JACOB,58,20
2012,MALE,BLACK NON HISP,DYLAN,58,20
2012,MALE,BLACK NON HISP,NATHANIEL,56,21
2012,MALE,BLACK NON HISP,CHASE,56,21
2012,MALE,BLACK NON HISP,CHASE,56,21
2012,MALE,BLACK NON HISP,NATHANIEL,56,21
2012,MALE,BLACK NON HISP,MALACHI,55,22
2012,MALE,BLACK NON HISP,JASON,55,22
2012,MALE,BLACK NON HISP,JASON,55,22
2012,MALE,BLACK NON HISP,MALACHI,55,22
2012,MALE,BLACK NON HISP,TRISTAN,54,23
2012,MALE,BLACK NON HISP,TRISTAN,54,23
2012,MALE,BLACK NON HISP,CAMERON,54,23
2012,MALE,BLACK NON HISP,CAMERON,54,23
2012,MALE,BLACK NON HISP,JOSEPH,52,24
2012,MALE,BLACK NON HISP,JOSEPH,52,24
2012,MALE,BLACK NON HISP,JONATHAN,50,25
2012,MALE,BLACK NON HISP,JADEN,50,25
2012,MALE,BLACK NON HISP,ANDREW,50,25
2012,MALE,BLACK NON HISP,BRANDON,50,25
2012,MALE,BLACK NON HISP,BRANDON,50,25
2012,MALE,BLACK NON HISP,CARTER,50,25
2012,MALE,BLACK NON HISP,JADEN,50,25
2012,MALE,BLACK NON HISP,JONATHAN,50,25
2012,MALE,BLACK NON HISP,KAYDEN,50,25
2012,MALE,BLACK NON HISP,CARTER,50,25
2012,MALE,BLACK NON HISP,KAYDEN,50,25
2012,MALE,BLACK NON HISP,PRINCE,49,26
2012,MALE,BLACK NON HISP,PRINCE,49,26
2012,MALE,BLACK NON HISP,NATHAN,48,27
2012,MALE,BLACK NON HISP,NATHAN,48,27
2012,MALE,BLACK NON HISP,MOHAMED,47,28
2012,MALE,BLACK NON HISP,MOHAMED,47,28
2012,MALE,BLACK NON HISP,KING,45,29
2012,MALE,BLACK NON HISP,KING,45,29
2012,MALE,BLACK NON HISP,KYLE,44,30
2012,MALE,BLACK NON HISP,KYLE,44,30
2012,MALE,BLACK NON HISP,AMARI,44,30
2012,MALE,BLACK NON HISP,AMARI,44,30
2012,MALE,BLACK NON HISP,ZION,43,31
2012,MALE,BLACK NON HISP,ZION,43,31
2012,MALE,BLACK NON HISP,ALEXANDER,42,32
2012,MALE,BLACK NON HISP,ALEXANDER,42,32
2012,MALE,BLACK NON HISP,XAVIER,41,33
2012,MALE,BLACK NON HISP,LOGAN,41,33
2012,MALE,BLACK NON HISP,LOGAN,41,33
2012,MALE,BLACK NON HISP,XAVIER,41,33
2012,MALE,BLACK NON HISP,CALEB,41,33
2012,MALE,BLACK NON HISP,CALEB,41,33
2012,MALE,BLACK NON HISP,NICHOLAS,39,34
2012,MALE,BLACK NON HISP,NICHOLAS,39,34
2012,MALE,BLACK NON HISP,GABRIEL,37,35
2012,MALE,BLACK NON HISP,GABRIEL,37,35
2012,MALE,BLACK NON HISP,SAMUEL,36,36
2012,MALE,BLACK NON HISP,JAMES,34,37
2012,MALE,BLACK NON HISP,ELI,34,37
2012,MALE,BLACK NON HISP,ELI,34,37
2012,MALE,BLACK NON HISP,JAMES,34,37
2012,MALE,BLACK NON HISP,MAMADOU,33,38
2012,MALE,BLACK NON HISP,MAMADOU,33,38
2012,MALE,BLACK NON HISP,EMMANUEL,33,38
2012,MALE,BLACK NON HISP,EMMANUEL,33,38
2012,MALE,BLACK NON HISP,BRYCE,32,39
2012,MALE,BLACK NON HISP,NASIR,32,39
2012,MALE,BLACK NON HISP,KAIDEN,32,39
2012,MALE,BLACK NON HISP,NASIR,32,39
2012,MALE,BLACK NON HISP,KAIDEN,32,39
2012,MALE,BLACK NON HISP,KEVIN,31,40
2012,MALE,BLACK NON HISP,KEVIN,31,40
2012,MALE,BLACK NON HISP,MESSIAH,30,41
2012,MALE,BLACK NON HISP,MESSIAH,30,41
2012,MALE,BLACK NON HISP,MARCUS,29,42
2012,MALE,BLACK NON HISP,MICAH,29,42
2012,MALE,BLACK NON HISP,JAIDEN,29,42
2012,MALE,BLACK NON HISP,JAYLEN,29,42
2012,MALE,BLACK NON HISP,MICAH,29,42
2012,MALE,BLACK NON HISP,MARCUS,29,42
2012,MALE,BLACK NON HISP,JAYLEN,29,42
2012,MALE,BLACK NON HISP,JAIDEN,29,42
2012,MALE,BLACK NON HISP,IBRAHIM,28,43
2012,MALE,BLACK NON HISP,IBRAHIM,28,43
2012,MALE,BLACK NON HISP,AUSTIN,27,44
2012,MALE,BLACK NON HISP,AUSTIN,27,44
2012,MALE,BLACK NON HISP,JOEL,26,45
2012,MALE,BLACK NON HISP,ZACHARY,26,45
2012,MALE,BLACK NON HISP,ZACHARY,26,45
2012,MALE,BLACK NON HISP,JULIAN,26,45
2012,MALE,BLACK NON HISP,JULIAN,26,45
2012,MALE,BLACK NON HISP,JOEL,26,45
2012,MALE,BLACK NON HISP,CHANCE,25,46
2012,MALE,BLACK NON HISP,CHANCE,25,46
2012,MALE,BLACK NON HISP,MALIK,25,46
2012,MALE,BLACK NON HISP,MALIK,25,46
2012,MALE,BLACK NON HISP,ADRIAN,24,47
2012,MALE,BLACK NON HISP,BENJAMIN,24,47
2012,MALE,BLACK NON HISP,BLAKE,24,47
2012,MALE,BLACK NON HISP,IAN,24,47
2012,MALE,BLACK NON HISP,IAN,24,47
2012,MALE,BLACK NON HISP,BENJAMIN,24,47
2012,MALE,BLACK NON HISP,BLAKE,24,47
2012,MALE,BLACK NON HISP,ZAIRE,23,48
2012,MALE,BLACK NON HISP,ROBERT,23,48
2012,MALE,BLACK NON HISP,ZAIRE,23,48
2012,MALE,BLACK NON HISP,ERIC,22,49
2012,MALE,BLACK NON HISP,WILLIAM,22,49
2012,MALE,BLACK NON HISP,ERIC,22,49
2012,MALE,BLACK NON HISP,WILLIAM,22,49
2012,MALE,BLACK NON HISP,HUNTER,21,50
2012,MALE,BLACK NON HISP,AMADOU,21,50
2012,MALE,BLACK NON HISP,SHAWN,21,50
2012,MALE,BLACK NON HISP,HUNTER,21,50
2012,MALE,BLACK NON HISP,MEKHI,21,50
2012,MALE,BLACK NON HISP,EVAN,21,50
2012,MALE,BLACK NON HISP,SHAWN,21,50
2012,MALE,BLACK NON HISP,AMADOU,21,50
2012,MALE,BLACK NON HISP,EVAN,21,50
2012,MALE,BLACK NON HISP,MEKHI,21,50
2012,MALE,BLACK NON HISP,JACE,20,51
2012,MALE,BLACK NON HISP,AVERY,20,51
2012,MALE,BLACK NON HISP,ADAM,20,51
2012,MALE,BLACK NON HISP,AVERY,20,51
2012,MALE,BLACK NON HISP,KYMANI,20,51
2012,MALE,BLACK NON HISP,KYMANI,20,51
2012,MALE,BLACK NON HISP,JACE,20,51
2012,MALE,BLACK NON HISP,ADAM,20,51
2012,MALE,BLACK NON HISP,MILES,19,52
2012,MALE,BLACK NON HISP,CAYDEN,19,52
2012,MALE,BLACK NON HISP,CAYDEN,19,52
2012,MALE,BLACK NON HISP,MILES,19,52
2012,MALE,BLACK NON HISP,GAVIN,19,52
2012,MALE,BLACK NON HISP,GAVIN,19,52
2012,MALE,BLACK NON HISP,DOMINIC,18,53
2012,MALE,BLACK NON HISP,CHARLES,18,53
2012,MALE,BLACK NON HISP,DEVIN,18,53
2012,MALE,BLACK NON HISP,SEBASTIAN,18,53
2012,MALE,BLACK NON HISP,CHARLES,18,53
2012,MALE,BLACK NON HISP,KALEB,18,53
2012,MALE,BLACK NON HISP,SEAN,18,53
2012,MALE,BLACK NON HISP,SEBASTIAN,18,53
2012,MALE,BLACK NON HISP,SEAN,18,53
2012,MALE,BLACK NON HISP,DEVIN,18,53
2012,MALE,BLACK NON HISP,DOMINIC,18,53
2012,MALE,BLACK NON HISP,LUKE,18,53
2012,MALE,BLACK NON HISP,KHALIL,18,53
2012,MALE,BLACK NON HISP,KHALIL,18,53
2012,MALE,BLACK NON HISP,KALEB,18,53
2012,MALE,BLACK NON HISP,LUKE,18,53
2012,MALE,BLACK NON HISP,OMARI,17,54
2012,MALE,BLACK NON HISP,BRYAN,17,54
2012,MALE,BLACK NON HISP,OUMAR,17,54
2012,MALE,BLACK NON HISP,OUMAR,17,54
2012,MALE,BLACK NON HISP,JALEN,17,54
2012,MALE,BLACK NON HISP,OMARI,17,54
2012,MALE,BLACK NON HISP,IBRAHIMA,17,54
2012,MALE,BLACK NON HISP,ISAAC,17,54
2012,MALE,BLACK NON HISP,IBRAHIMA,17,54
2012,MALE,BLACK NON HISP,MUHAMMAD,17,54
2012,MALE,BLACK NON HISP,JALEN,17,54
2012,MALE,BLACK NON HISP,JOHN,17,54
2012,MALE,BLACK NON HISP,MUHAMMAD,17,54
2012,MALE,BLACK NON HISP,JOHN,17,54
2012,MALE,BLACK NON HISP,BRYAN,17,54
2012,MALE,BLACK NON HISP,ISAAC,17,54
2012,MALE,BLACK NON HISP,AMAR'E,16,55
2012,MALE,BLACK NON HISP,JEREMY,16,55
2012,MALE,BLACK NON HISP,SHANE,16,55
2012,MALE,BLACK NON HISP,KADEN,16,55
2012,MALE,BLACK NON HISP,AMAR'E,16,55
2012,MALE,BLACK NON HISP,JAMARI,16,55
2012,MALE,BLACK NON HISP,JASIAH,16,55
2012,MALE,BLACK NON HISP,SHANE,16,55
2012,MALE,BLACK NON HISP,KADEN,16,55
2012,MALE,BLACK NON HISP,JUDAH,16,55
2012,MALE,BLACK NON HISP,JEREMY,16,55
2012,MALE,BLACK NON HISP,JASIAH,16,55
2012,MALE,BLACK NON HISP,JAMARI,16,55
2012,MALE,BLACK NON HISP,ASHTON,16,55
2012,MALE,BLACK NON HISP,JUDAH,16,55
2012,MALE,BLACK NON HISP,ASHTON,16,55
2012,MALE,BLACK NON HISP,LEVI,15,56
2012,MALE,BLACK NON HISP,KIYAN,15,56
2012,MALE,BLACK NON HISP,ABDOULAYE,15,56
2012,MALE,BLACK NON HISP,JUSTICE,15,56
2012,MALE,BLACK NON HISP,LUCAS,15,56
2012,MALE,BLACK NON HISP,ABDUL,15,56
2012,MALE,BLACK NON HISP,ADONIS,15,56
2012,MALE,BLACK NON HISP,MYLES,15,56
2012,MALE,BLACK NON HISP,AMARE,15,56
2012,MALE,BLACK NON HISP,KIYAN,15,56
2012,MALE,BLACK NON HISP,RICHARD,15,56
2012,MALE,BLACK NON HISP,LEVI,15,56
2012,MALE,BLACK NON HISP,ABDUL,15,56
2012,MALE,BLACK NON HISP,ADONIS,15,56
2012,MALE,BLACK NON HISP,RICHARD,15,56
2012,MALE,BLACK NON HISP,JUSTICE,15,56
2012,MALE,BLACK NON HISP,LUCAS,15,56
2012,MALE,BLACK NON HISP,MYLES,15,56
2012,MALE,BLACK NON HISP,ABDOULAYE,15,56
2012,MALE,BLACK NON HISP,AMARE,15,56
2012,MALE,BLACK NON HISP,JERMAINE,14,57
2012,MALE,BLACK NON HISP,THOMAS,14,57
2012,MALE,BLACK NON HISP,DARIUS,14,57
2012,MALE,BLACK NON HISP,KAREEM,14,57
2012,MALE,BLACK NON HISP,ANDRE,14,57
2012,MALE,BLACK NON HISP,RILEY,14,57
2012,MALE,BLACK NON HISP,KAI,14,57
2012,MALE,BLACK NON HISP,RILEY,14,57
2012,MALE,BLACK NON HISP,OMAR,14,57
2012,MALE,BLACK NON HISP,ALI,14,57
2012,MALE,BLACK NON HISP,OMAR,14,57
2012,MALE,BLACK NON HISP,KAREEM,14,57
2012,MALE,BLACK NON HISP,THOMAS,14,57
2012,MALE,BLACK NON HISP,ANDRE,14,57
2012,MALE,BLACK NON HISP,ALI,14,57
2012,MALE,BLACK NON HISP,AIDAN,14,57
2012,MALE,BLACK NON HISP,ALPHA,14,57
2012,MALE,BLACK NON HISP,ALPHA,14,57
2012,MALE,BLACK NON HISP,JERMAINE,14,57
2012,MALE,BLACK NON HISP,DARIUS,14,57
2012,MALE,BLACK NON HISP,AIDAN,14,57
2012,MALE,BLACK NON HISP,NOEL,13,58
2012,MALE,BLACK NON HISP,JONAH,13,58
2012,MALE,BLACK NON HISP,KENNETH,13,58
2012,MALE,BLACK NON HISP,JONAH,13,58
2012,MALE,BLACK NON HISP,NATHANAEL,13,58
2012,MALE,BLACK NON HISP,NOEL,13,58
2012,MALE,BLACK NON HISP,PAUL,13,58
2012,MALE,BLACK NON HISP,NATHANAEL,13,58
2012,MALE,BLACK NON HISP,PAUL,13,58
2012,MALE,BLACK NON HISP,TROY,13,58
2012,MALE,BLACK NON HISP,DARREN,13,58
2012,MALE,BLACK NON HISP,TROY,13,58
2012,MALE,BLACK NON HISP,DARREN,13,58
2012,MALE,BLACK NON HISP,MAURICE,13,58
2012,MALE,BLACK NON HISP,MOUSSA,12,59
2012,MALE,BLACK NON HISP,GIOVANNI,12,59
2012,MALE,BLACK NON HISP,SAMIR,12,59
2012,MALE,BLACK NON HISP,STEVEN,12,59
2012,MALE,BLACK NON HISP,SAMIR,12,59
2012,MALE,BLACK NON HISP,PEYTON,12,59
2012,MALE,BLACK NON HISP,PRESTON,12,59
2012,MALE,BLACK NON HISP,JAHMIR,12,59
2012,MALE,BLACK NON HISP,PEYTON,12,59
2012,MALE,BLACK NON HISP,BRIAN,12,59
2012,MALE,BLACK NON HISP,BRIAN,12,59
2012,MALE,BLACK NON HISP,STEVEN,12,59
2012,MALE,BLACK NON HISP,MOUSSA,12,59
2012,MALE,BLACK NON HISP,PRESTON,12,59
2012,MALE,BLACK NON HISP,JAHMIR,12,59
2012,MALE,BLACK NON HISP,ALEX,12,59
2012,MALE,BLACK NON HISP,GIOVANNI,12,59
2012,MALE,BLACK NON HISP,ALEX,12,59
2012,MALE,BLACK NON HISP,CARMELO,11,60
2012,MALE,BLACK NON HISP,MAKHI,11,60
2012,MALE,BLACK NON HISP,MAKHI,11,60
2012,MALE,BLACK NON HISP,ISRAEL,11,60
2012,MALE,BLACK NON HISP,MOHAMMED,11,60
2012,MALE,BLACK NON HISP,CARMELO,11,60
2012,MALE,BLACK NON HISP,ISRAEL,11,60
2012,MALE,BLACK NON HISP,MOHAMMED,11,60
2012,MALE,BLACK NON HISP,DERRICK,11,60
2012,MALE,BLACK NON HISP,ANTONIO,11,60
2012,MALE,BLACK NON HISP,CHAD,11,60
2012,MALE,BLACK NON HISP,CHAD,11,60
2012,MALE,BLACK NON HISP,CAMREN,11,60
2012,MALE,BLACK NON HISP,ANTONIO,11,60
2012,MALE,BLACK NON HISP,CAMREN,11,60
2012,MALE,BLACK NON HISP,LEON,11,60
2012,MALE,BLACK NON HISP,DERRICK,11,60
2012,MALE,BLACK NON HISP,LEON,11,60
2012,MALE,BLACK NON HISP,KRISTIAN,10,61
2012,MALE,BLACK NON HISP,BRADLEY,10,61
2012,MALE,BLACK NON HISP,MAKAI,10,61
2012,MALE,BLACK NON HISP,TERRELL,10,61
2012,MALE,BLACK NON HISP,SINCERE,10,61
2012,MALE,BLACK NON HISP,BRYSON,10,61
2012,MALE,BLACK NON HISP,BOUBACAR,10,61
2012,MALE,BLACK NON HISP,TIMOTHY,10,61
2012,MALE,BLACK NON HISP,TERRELL,10,61
2012,MALE,BLACK NON HISP,SINCERE,10,61
2012,MALE,BLACK NON HISP,KRISTIAN,10,61
2012,MALE,BLACK NON HISP,MAHAMADOU,10,61
2012,MALE,BLACK NON HISP,ARMANI,10,61
2012,MALE,BLACK NON HISP,BRADLEY,10,61
2012,MALE,BLACK NON HISP,ARMANI,10,61
2012,MALE,BLACK NON HISP,BOUBACAR,10,61
2012,MALE,BLACK NON HISP,CADEN,10,61
2012,MALE,BLACK NON HISP,CADEN,10,61
2012,MALE,BLACK NON HISP,DAMANI,10,61
2012,MALE,BLACK NON HISP,KEITH,10,61
2012,MALE,BLACK NON HISP,KAMARI,10,61
2012,MALE,BLACK NON HISP,CONNOR,10,61
2012,MALE,BLACK NON HISP,CONNOR,10,61
2012,MALE,BLACK NON HISP,ABDOUL,10,61
2012,MALE,BLACK NON HISP,DAMANI,10,61
2012,MALE,BLACK NON HISP,KAMARI,10,61
2012,MALE,BLACK NON HISP,ELIAS,10,61
2012,MALE,BLACK NON HISP,KEITH,10,61
2012,MALE,BLACK NON HISP,ELIAS,10,61
2012,MALE,BLACK NON HISP,BRYSON,10,61
2012,MALE,BLACK NON HISP,ABDOUL,10,61
2012,MALE,BLACK NON HISP,MAKAI,10,61
2012,MALE,BLACK NON HISP,MAHAMADOU,10,61
2012,MALE,BLACK NON HISP,TIMOTHY,10,61
2012,MALE,HISPANIC,JAYDEN,364,1
2012,MALE,HISPANIC,JACOB,293,2
2012,MALE,HISPANIC,JACOB,293,2
2012,MALE,HISPANIC,MATTHEW,279,3
2012,MALE,HISPANIC,MATTHEW,279,3
2012,MALE,HISPANIC,ETHAN,254,4
2012,MALE,HISPANIC,ETHAN,254,4
2012,MALE,HISPANIC,ANGEL,236,5
2012,MALE,HISPANIC,AIDEN,235,6
2012,MALE,HISPANIC,DANIEL,228,7
2012,MALE,HISPANIC,JUSTIN,215,8
2012,MALE,HISPANIC,JUSTIN,215,8
2012,MALE,HISPANIC,ALEXANDER,200,9
2012,MALE,HISPANIC,SEBASTIAN,198,10
2012,MALE,HISPANIC,SEBASTIAN,198,10
2012,MALE,HISPANIC,CHRISTOPHER,195,11
2012,MALE,HISPANIC,CHRISTOPHER,195,11
2012,MALE,HISPANIC,ANTHONY,194,12
2012,MALE,HISPANIC,ANTHONY,194,12
2012,MALE,HISPANIC,MASON,188,13
2012,MALE,HISPANIC,MASON,188,13
2012,MALE,HISPANIC,MICHAEL,187,14
2012,MALE,HISPANIC,MICHAEL,187,14
2012,MALE,HISPANIC,DYLAN,184,15
2012,MALE,HISPANIC,DYLAN,184,15
2012,MALE,HISPANIC,KEVIN,180,16
2012,MALE,HISPANIC,KEVIN,180,16
2012,MALE,HISPANIC,JOSHUA,177,17
2012,MALE,HISPANIC,JOSHUA,177,17
2012,MALE,HISPANIC,DAVID,176,18
2012,MALE,HISPANIC,DAVID,176,18
2012,MALE,HISPANIC,ADRIAN,164,19
2012,MALE,HISPANIC,NOAH,162,20
2012,MALE,HISPANIC,NOAH,162,20
2012,MALE,HISPANIC,JONATHAN,159,21
2012,MALE,HISPANIC,JONATHAN,159,21
2012,MALE,HISPANIC,BRANDON,153,22
2012,MALE,HISPANIC,BRANDON,153,22
2012,MALE,HISPANIC,JOSEPH,150,23
2012,MALE,HISPANIC,JOSEPH,150,23
2012,MALE,HISPANIC,LIAM,140,24
2012,MALE,HISPANIC,CHRISTIAN,139,25
2012,MALE,HISPANIC,JOSE,139,25
2012,MALE,HISPANIC,CHRISTIAN,139,25
2012,MALE,HISPANIC,JOSE,139,25
2012,MALE,HISPANIC,GABRIEL,132,26
2012,MALE,HISPANIC,GABRIEL,132,26
2012,MALE,HISPANIC,LUIS,128,27
2012,MALE,HISPANIC,LUIS,128,27
2012,MALE,HISPANIC,RYAN,126,28
2012,MALE,HISPANIC,AARON,126,28
2012,MALE,HISPANIC,RYAN,126,28
2012,MALE,HISPANIC,LUCAS,120,29
2012,MALE,HISPANIC,LUCAS,120,29
2012,MALE,HISPANIC,JEREMIAH,118,30
2012,MALE,HISPANIC,JEREMIAH,118,30
2012,MALE,HISPANIC,JEREMY,117,31
2012,MALE,HISPANIC,JEREMY,117,31
2012,MALE,HISPANIC,ANDREW,112,32
2012,MALE,HISPANIC,ANDREW,112,32
2012,MALE,HISPANIC,JULIAN,108,33
2012,MALE,HISPANIC,JULIAN,108,33
2012,MALE,HISPANIC,CARLOS,103,34
2012,MALE,HISPANIC,CARLOS,103,34
2012,MALE,HISPANIC,ELIJAH,98,35
2012,MALE,HISPANIC,ELIJAH,98,35
2012,MALE,HISPANIC,JUAN,96,36
2012,MALE,HISPANIC,JUAN,96,36
2012,MALE,HISPANIC,ISAAC,94,37
2012,MALE,HISPANIC,ISAAC,94,37
2012,MALE,HISPANIC,BRYAN,93,38
2012,MALE,HISPANIC,MIGUEL,93,38
2012,MALE,HISPANIC,MIGUEL,93,38
2012,MALE,HISPANIC,BRYAN,93,38
2012,MALE,HISPANIC,JASON,91,39
2012,MALE,HISPANIC,JASON,91,39
2012,MALE,HISPANIC,XAVIER,90,40
2012,MALE,HISPANIC,XAVIER,90,40
2012,MALE,HISPANIC,NICHOLAS,89,41
2012,MALE,HISPANIC,NICHOLAS,89,41
2012,MALE,HISPANIC,SAMUEL,83,42
2012,MALE,HISPANIC,EMMANUEL,83,42
2012,MALE,HISPANIC,SAMUEL,83,42
2012,MALE,HISPANIC,IAN,83,42
2012,MALE,HISPANIC,IAN,83,42
2012,MALE,HISPANIC,EMMANUEL,83,42
2012,MALE,HISPANIC,JESUS,79,43
2012,MALE,HISPANIC,JESUS,79,43
2012,MALE,HISPANIC,ISAIAH,79,43
2012,MALE,HISPANIC,ISAIAH,79,43
2012,MALE,HISPANIC,MATEO,77,44
2012,MALE,HISPANIC,MATEO,77,44
2012,MALE,HISPANIC,NATHAN,76,45
2012,MALE,HISPANIC,NATHAN,76,45
2012,MALE,HISPANIC,ERICK,76,45
2012,MALE,HISPANIC,ERICK,76,45
2012,MALE,HISPANIC,ELIAS,74,46
2012,MALE,HISPANIC,ELIAS,74,46
2012,MALE,HISPANIC,JOHN,74,46
2012,MALE,HISPANIC,JOHN,74,46
2012,MALE,HISPANIC,WILLIAM,73,47
2012,MALE,HISPANIC,TYLER,73,47
2012,MALE,HISPANIC,JAMES,73,47
2012,MALE,HISPANIC,TYLER,73,47
2012,MALE,HISPANIC,JAMES,73,47
2012,MALE,HISPANIC,STEVEN,70,48
2012,MALE,HISPANIC,STEVEN,70,48
2012,MALE,HISPANIC,GAEL,68,49
2012,MALE,HISPANIC,GAEL,68,49
2012,MALE,HISPANIC,AYDEN,67,50
2012,MALE,HISPANIC,AYDEN,67,50
2012,MALE,HISPANIC,JOEL,65,51
2012,MALE,HISPANIC,JOEL,65,51
2012,MALE,HISPANIC,LOGAN,65,51
2012,MALE,HISPANIC,LOGAN,65,51
2012,MALE,HISPANIC,NATHANIEL,64,52
2012,MALE,HISPANIC,NATHANIEL,64,52
2012,MALE,HISPANIC,ALEJANDRO,63,53
2012,MALE,HISPANIC,ALEJANDRO,63,53
2012,MALE,HISPANIC,BENJAMIN,62,54
2012,MALE,HISPANIC,BENJAMIN,62,54
2012,MALE,HISPANIC,NICOLAS,61,55
2012,MALE,HISPANIC,NICOLAS,61,55
2012,MALE,HISPANIC,DIEGO,60,56
2012,MALE,HISPANIC,DIEGO,60,56
2012,MALE,HISPANIC,EVAN,59,57
2012,MALE,HISPANIC,EVAN,59,57
2012,MALE,HISPANIC,SANTIAGO,57,58
2012,MALE,HISPANIC,JORDAN,57,58
2012,MALE,HISPANIC,JOSIAH,57,58
2012,MALE,HISPANIC,JORDAN,57,58
2012,MALE,HISPANIC,VICTOR,56,59
2012,MALE,HISPANIC,LEONARDO,56,59
2012,MALE,HISPANIC,LEONARDO,56,59
2012,MALE,HISPANIC,ALEX,53,60
2012,MALE,HISPANIC,EDWIN,53,60
2012,MALE,HISPANIC,ALEX,53,60
2012,MALE,HISPANIC,EDWIN,53,60
2012,MALE,HISPANIC,AXEL,52,61
2012,MALE,HISPANIC,AXEL,52,61
2012,MALE,HISPANIC,ANDY,51,62
2012,MALE,HISPANIC,ANDY,51,62
2012,MALE,HISPANIC,DEREK,50,63
2012,MALE,HISPANIC,DEREK,50,63
2012,MALE,HISPANIC,JADIEL,49,64
2012,MALE,HISPANIC,JADIEL,49,64
2012,MALE,HISPANIC,ALEXIS,48,65
2012,MALE,HISPANIC,ELI,48,65
2012,MALE,HISPANIC,ADAM,48,65
2012,MALE,HISPANIC,ADAM,48,65
2012,MALE,HISPANIC,ELI,48,65
2012,MALE,HISPANIC,ALEXIS,48,65
2012,MALE,HISPANIC,JOSUE,46,66
2012,MALE,HISPANIC,JOSUE,46,66
2012,MALE,HISPANIC,EDWARD,46,66
2012,MALE,HISPANIC,ALAN,46,66
2012,MALE,HISPANIC,MANUEL,44,67
2012,MALE,HISPANIC,DAMIAN,44,67
2012,MALE,HISPANIC,MANUEL,44,67
2012,MALE,HISPANIC,RANDY,44,67
2012,MALE,HISPANIC,DAMIAN,44,67
2012,MALE,HISPANIC,RANDY,44,67
2012,MALE,HISPANIC,OLIVER,43,68
2012,MALE,HISPANIC,CALEB,43,68
2012,MALE,HISPANIC,CALEB,43,68
2012,MALE,HISPANIC,OLIVER,43,68
2012,MALE,HISPANIC,IVAN,42,69
2012,MALE,HISPANIC,IVAN,42,69
2012,MALE,HISPANIC,RICHARD,41,70
2012,MALE,HISPANIC,RICHARD,41,70
2012,MALE,HISPANIC,KAYDEN,40,71
2012,MALE,HISPANIC,EDUARDO,40,71
2012,MALE,HISPANIC,GIOVANNI,40,71
2012,MALE,HISPANIC,GIOVANNI,40,71
2012,MALE,HISPANIC,KAYDEN,40,71
2012,MALE,HISPANIC,EDUARDO,40,71
2012,MALE,HISPANIC,MAX,39,72
2012,MALE,HISPANIC,MAX,39,72
2012,MALE,HISPANIC,CRISTIAN,38,73
2012,MALE,HISPANIC,CRISTIAN,38,73
2012,MALE,HISPANIC,OSCAR,38,73
2012,MALE,HISPANIC,JAKE,38,73
2012,MALE,HISPANIC,JAKE,38,73
2012,MALE,HISPANIC,OSCAR,38,73
2012,MALE,HISPANIC,BRIAN,38,73
2012,MALE,HISPANIC,BRIAN,38,73
2012,MALE,HISPANIC,ANDERSON,37,74
2012,MALE,HISPANIC,JORGE,37,74
2012,MALE,HISPANIC,ANDERSON,37,74
2012,MALE,HISPANIC,JORGE,37,74
2012,MALE,HISPANIC,JOHAN,36,75
2012,MALE,HISPANIC,HENRY,36,75
2012,MALE,HISPANIC,JOHAN,36,75
2012,MALE,HISPANIC,HENRY,36,75
2012,MALE,HISPANIC,KENNETH,35,76
2012,MALE,HISPANIC,JACE,35,76
2012,MALE,HISPANIC,JACE,35,76
2012,MALE,HISPANIC,KENNETH,35,76
2012,MALE,HISPANIC,ERIC,34,77
2012,MALE,HISPANIC,ERIC,34,77
2012,MALE,HISPANIC,CESAR,34,77
2012,MALE,HISPANIC,CESAR,34,77
2012,MALE,HISPANIC,RAFAEL,33,78
2012,MALE,HISPANIC,RAFAEL,33,78
2012,MALE,HISPANIC,JEAN,33,78
2012,MALE,HISPANIC,JEAN,33,78
2012,MALE,HISPANIC,ANTONIO,32,79
2012,MALE,HISPANIC,CHRIS,32,79
2012,MALE,HISPANIC,ANDRES,32,79
2012,MALE,HISPANIC,JEFFREY,32,79
2012,MALE,HISPANIC,CHRIS,32,79
2012,MALE,HISPANIC,JEFFREY,32,79
2012,MALE,HISPANIC,TRISTAN,32,79
2012,MALE,HISPANIC,ANDRES,32,79
2012,MALE,HISPANIC,TRISTAN,32,79
2012,MALE,HISPANIC,EMANUEL,31,80
2012,MALE,HISPANIC,EMANUEL,31,80
2012,MALE,HISPANIC,JAVIER,31,80
2012,MALE,HISPANIC,JAVIER,31,80
2012,MALE,HISPANIC,MARCO,29,81
2012,MALE,HISPANIC,IKER,29,81
2012,MALE,HISPANIC,IKER,29,81
2012,MALE,HISPANIC,ISMAEL,29,81
2012,MALE,HISPANIC,JADEN,29,81
2012,MALE,HISPANIC,JADEN,29,81
2012,MALE,HISPANIC,DARIEL,29,81
2012,MALE,HISPANIC,MARCO,29,81
2012,MALE,HISPANIC,FERNANDO,29,81
2012,MALE,HISPANIC,ISMAEL,29,81
2012,MALE,HISPANIC,DARIEL,29,81
2012,MALE,HISPANIC,FERNANDO,29,81
2012,MALE,HISPANIC,DOMINIC,28,82
2012,MALE,HISPANIC,JACK,28,82
2012,MALE,HISPANIC,JACK,28,82
2012,MALE,HISPANIC,HECTOR,28,82
2012,MALE,HISPANIC,RAYMOND,28,82
2012,MALE,HISPANIC,JAYSON,28,82
2012,MALE,HISPANIC,RICARDO,28,82
2012,MALE,HISPANIC,RAYMOND,28,82
2012,MALE,HISPANIC,EDGAR,28,82
2012,MALE,HISPANIC,RICARDO,28,82
2012,MALE,HISPANIC,HECTOR,28,82
2012,MALE,HISPANIC,EDGAR,28,82
2012,MALE,HISPANIC,JAYSON,28,82
2012,MALE,HISPANIC,JULIO,27,83
2012,MALE,HISPANIC,JULIO,27,83
2012,MALE,HISPANIC,YADIEL,26,84
2012,MALE,HISPANIC,ALBERT,26,84
2012,MALE,HISPANIC,ALBERT,26,84
2012,MALE,HISPANIC,MAXIMUS,26,84
2012,MALE,HISPANIC,YADIEL,26,84
2012,MALE,HISPANIC,JULIUS,26,84
2012,MALE,HISPANIC,JULIUS,26,84
2012,MALE,HISPANIC,MAXIMUS,26,84
2012,MALE,HISPANIC,ROBERT,25,85
2012,MALE,HISPANIC,OMAR,25,85
2012,MALE,HISPANIC,MARCOS,25,85
2012,MALE,HISPANIC,MARCOS,25,85
2012,MALE,HISPANIC,EMILIO,25,85
2012,MALE,HISPANIC,ROBERT,25,85
2012,MALE,HISPANIC,EMILIO,25,85
2012,MALE,HISPANIC,OMAR,25,85
2012,MALE,HISPANIC,AIDAN,25,85
2012,MALE,HISPANIC,AIDAN,25,85
2012,MALE,HISPANIC,ABEL,24,86
2012,MALE,HISPANIC,GAVIN,24,86
2012,MALE,HISPANIC,ADRIEL,24,86
2012,MALE,HISPANIC,ABEL,24,86
2012,MALE,HISPANIC,JOHNNY,24,86
2012,MALE,HISPANIC,KELVIN,24,86
2012,MALE,HISPANIC,KELVIN,24,86
2012,MALE,HISPANIC,ADRIEL,24,86
2012,MALE,HISPANIC,GAVIN,24,86
2012,MALE,HISPANIC,ZACHARY,23,87
2012,MALE,HISPANIC,ZACHARY,23,87
2012,MALE,HISPANIC,BRAYAN,23,87
2012,MALE,HISPANIC,NOEL,23,87
2012,MALE,HISPANIC,BRAYAN,23,87
2012,MALE,HISPANIC,NOEL,23,87
2012,MALE,HISPANIC,ERIK,22,88
2012,MALE,HISPANIC,ERIK,22,88
2012,MALE,HISPANIC,JARIEL,22,88
2012,MALE,HISPANIC,MATHEW,22,88
2012,MALE,HISPANIC,PRINCE,22,88
2012,MALE,HISPANIC,ALLEN,22,88
2012,MALE,HISPANIC,ELIAN,22,88
2012,MALE,HISPANIC,ELIAN,22,88
2012,MALE,HISPANIC,JAEL,22,88
2012,MALE,HISPANIC,DEVIN,22,88
2012,MALE,HISPANIC,MATHEW,22,88
2012,MALE,HISPANIC,DEVIN,22,88
2012,MALE,HISPANIC,ALLEN,22,88
2012,MALE,HISPANIC,PRINCE,22,88
2012,MALE,HISPANIC,JARIEL,22,88
2012,MALE,HISPANIC,JAEL,22,88
2012,MALE,HISPANIC,CHASE,21,89
2012,MALE,HISPANIC,JAYCE,21,89
2012,MALE,HISPANIC,JAYCE,21,89
2012,MALE,HISPANIC,DANNY,21,89
2012,MALE,HISPANIC,DARWIN,21,89
2012,MALE,HISPANIC,DANNY,21,89
2012,MALE,HISPANIC,CHASE,21,89
2012,MALE,HISPANIC,MARCUS,21,89
2012,MALE,HISPANIC,MARCUS,21,89
2012,MALE,HISPANIC,DARWIN,21,89
2012,MALE,HISPANIC,LENNY,20,90
2012,MALE,HISPANIC,THOMAS,20,90
2012,MALE,HISPANIC,ISRAEL,20,90
2012,MALE,HISPANIC,JAIDEN,20,90
2012,MALE,HISPANIC,THOMAS,20,90
2012,MALE,HISPANIC,LENNY,20,90
2012,MALE,HISPANIC,MATIAS,20,90
2012,MALE,HISPANIC,MATIAS,20,90
2012,MALE,HISPANIC,FRANCISCO,20,90
2012,MALE,HISPANIC,FRANCISCO,20,90
2012,MALE,HISPANIC,JAIDEN,20,90
2012,MALE,HISPANIC,ISRAEL,20,90
2012,MALE,HISPANIC,PEDRO,19,91
2012,MALE,HISPANIC,GEORGE,19,91
2012,MALE,HISPANIC,SEAN,19,91
2012,MALE,HISPANIC,JARED,19,91
2012,MALE,HISPANIC,MELVIN,19,91
2012,MALE,HISPANIC,ABRAHAM,19,91
2012,MALE,HISPANIC,YAHIR,19,91
2012,MALE,HISPANIC,GEORGE,19,91
2012,MALE,HISPANIC,ABRAHAM,19,91
2012,MALE,HISPANIC,JARED,19,91
2012,MALE,HISPANIC,PEDRO,19,91
2012,MALE,HISPANIC,KYLE,19,91
2012,MALE,HISPANIC,KYLE,19,91
2012,MALE,HISPANIC,YAHIR,19,91
2012,MALE,HISPANIC,SEAN,19,91
2012,MALE,HISPANIC,MELVIN,19,91
2012,MALE,HISPANIC,YANDEL,18,92
2012,MALE,HISPANIC,CAMERON,18,92
2012,MALE,HISPANIC,EZEQUIEL,18,92
2012,MALE,HISPANIC,EZEQUIEL,18,92
2012,MALE,HISPANIC,LANDON,18,92
2012,MALE,HISPANIC,FELIX,18,92
2012,MALE,HISPANIC,ANDRE,18,92
2012,MALE,HISPANIC,MAXWELL,18,92
2012,MALE,HISPANIC,MAXWELL,18,92
2012,MALE,HISPANIC,ROBERTO,18,92
2012,MALE,HISPANIC,ROBERTO,18,92
2012,MALE,HISPANIC,ZION,18,92
2012,MALE,HISPANIC,ZION,18,92
2012,MALE,HISPANIC,LANDON,18,92
2012,MALE,HISPANIC,CAMERON,18,92
2012,MALE,HISPANIC,ANDRE,18,92
2012,MALE,HISPANIC,ARIEL,18,92
2012,MALE,HISPANIC,ARIEL,18,92
2012,MALE,HISPANIC,MARIO,18,92
2012,MALE,HISPANIC,MARIO,18,92
2012,MALE,HISPANIC,JACKSON,17,93
2012,MALE,HISPANIC,FABIAN,17,93
2012,MALE,HISPANIC,ESTEBAN,17,93
2012,MALE,HISPANIC,ARMANI,17,93
2012,MALE,HISPANIC,MAXIMILIANO,17,93
2012,MALE,HISPANIC,ESTEBAN,17,93
2012,MALE,HISPANIC,ARMANI,17,93
2012,MALE,HISPANIC,JACKSON,17,93
2012,MALE,HISPANIC,JONAH,17,93
2012,MALE,HISPANIC,FABIAN,17,93
2012,MALE,HISPANIC,MAXIMILIANO,17,93
2012,MALE,HISPANIC,JAIME,17,93
2012,MALE,HISPANIC,JONAH,17,93
2012,MALE,HISPANIC,LEO,16,94
2012,MALE,HISPANIC,DANTE,16,94
2012,MALE,HISPANIC,LEO,16,94
2012,MALE,HISPANIC,PABLO,16,94
2012,MALE,HISPANIC,AUSTIN,16,94
2012,MALE,HISPANIC,MARTIN,16,94
2012,MALE,HISPANIC,PABLO,16,94
2012,MALE,HISPANIC,MARTIN,16,94
2012,MALE,HISPANIC,ADONIS,16,94
2012,MALE,HISPANIC,AUSTIN,16,94
2012,MALE,HISPANIC,BRADLEY,16,94
2012,MALE,HISPANIC,DANTE,16,94
2012,MALE,HISPANIC,ADONIS,16,94
2012,MALE,HISPANIC,BRADLEY,16,94
2012,MALE,HISPANIC,LORENZO,15,95
2012,MALE,HISPANIC,RAUL,15,95
2012,MALE,HISPANIC,LEANDRO,15,95
2012,MALE,HISPANIC,GUSTAVO,15,95
2012,MALE,HISPANIC,LEANDRO,15,95
2012,MALE,HISPANIC,RAUL,15,95
2012,MALE,HISPANIC,KENNY,15,95
2012,MALE,HISPANIC,AMIR,15,95
2012,MALE,HISPANIC,CRISTOPHER,15,95
2012,MALE,HISPANIC,GUSTAVO,15,95
2012,MALE,HISPANIC,BRAYDEN,15,95
2012,MALE,HISPANIC,YAEL,15,95
2012,MALE,HISPANIC,JULIEN,15,95
2012,MALE,HISPANIC,NELSON,15,95
2012,MALE,HISPANIC,ROMEO,15,95
2012,MALE,HISPANIC,JOAQUIN,15,95
2012,MALE,HISPANIC,AMIR,15,95
2012,MALE,HISPANIC,NELSON,15,95
2012,MALE,HISPANIC,MARK,15,95
2012,MALE,HISPANIC,MARK,15,95
2012,MALE,HISPANIC,JAY,15,95
2012,MALE,HISPANIC,CRISTOPHER,15,95
2012,MALE,HISPANIC,JAY,15,95
2012,MALE,HISPANIC,YAEL,15,95
2012,MALE,HISPANIC,JOAQUIN,15,95
2012,MALE,HISPANIC,JULIEN,15,95
2012,MALE,HISPANIC,BRAYDEN,15,95
2012,MALE,HISPANIC,LORENZO,15,95
2012,MALE,HISPANIC,KENNY,15,95
2012,MALE,HISPANIC,ROMEO,15,95
2012,MALE,HISPANIC,VINCENT,14,96
2012,MALE,HISPANIC,LOUIS,14,96
2012,MALE,HISPANIC,LOUIS,14,96
2012,MALE,HISPANIC,NEYMAR,14,96
2012,MALE,HISPANIC,ANGELO,14,96
2012,MALE,HISPANIC,ALBERTO,14,96
2012,MALE,HISPANIC,KALEB,14,96
2012,MALE,HISPANIC,HUGO,14,96
2012,MALE,HISPANIC,GREGORY,14,96
2012,MALE,HISPANIC,GREGORY,14,96
2012,MALE,HISPANIC,MARVIN,14,96
2012,MALE,HISPANIC,KALEB,14,96
2012,MALE,HISPANIC,ALDO,14,96
2012,MALE,HISPANIC,CARTER,14,96
2012,MALE,HISPANIC,ANGELO,14,96
2012,MALE,HISPANIC,PRESTON,14,96
2012,MALE,HISPANIC,ALDO,14,96
2012,MALE,HISPANIC,DENZEL,14,96
2012,MALE,HISPANIC,NEYMAR,14,96
2012,MALE,HISPANIC,ALBERTO,14,96
2012,MALE,HISPANIC,DENZEL,14,96
2012,MALE,HISPANIC,PRESTON,14,96
2012,MALE,HISPANIC,CARTER,14,96
2012,MALE,HISPANIC,VINCENT,14,96
2012,MALE,HISPANIC,MARVIN,14,96
2012,MALE,HISPANIC,PETER,13,97
2012,MALE,HISPANIC,FRANK,13,97
2012,MALE,HISPANIC,MATHIAS,13,97
2012,MALE,HISPANIC,MOISES,13,97
2012,MALE,HISPANIC,FRANKLIN,13,97
2012,MALE,HISPANIC,MAURICIO,13,97
2012,MALE,HISPANIC,STEPHEN,13,97
2012,MALE,HISPANIC,STEVE,13,97
2012,MALE,HISPANIC,FRANK,13,97
2012,MALE,HISPANIC,URIEL,13,97
2012,MALE,HISPANIC,MATHIAS,13,97
2012,MALE,HISPANIC,MARLON,13,97
2012,MALE,HISPANIC,LUCA,13,97
2012,MALE,HISPANIC,LUCA,13,97
2012,MALE,HISPANIC,ZAYDEN,13,97
2012,MALE,HISPANIC,JEFFERSON,13,97
2012,MALE,HISPANIC,JEFFERSON,13,97
2012,MALE,HISPANIC,BRUCE,13,97
2012,MALE,HISPANIC,FRANKLIN,13,97
2012,MALE,HISPANIC,URIEL,13,97
2012,MALE,HISPANIC,MARLON,13,97
2012,MALE,HISPANIC,RILEY,13,97
2012,MALE,HISPANIC,MOISES,13,97
2012,MALE,HISPANIC,BRUCE,13,97
2012,MALE,HISPANIC,BRYANT,13,97
2012,MALE,HISPANIC,BRYANT,13,97
2012,MALE,HISPANIC,CHARLIE,13,97
2012,MALE,HISPANIC,ZAYDEN,13,97
2012,MALE,HISPANIC,PETER,13,97
2012,MALE,HISPANIC,MAURICIO,13,97
2012,MALE,HISPANIC,CHARLIE,13,97
2012,MALE,HISPANIC,RONALD,13,97
2012,MALE,HISPANIC,STEVE,13,97
2012,MALE,HISPANIC,RILEY,13,97
2012,MALE,HISPANIC,RONALD,13,97
2012,MALE,HISPANIC,MIKE,12,98
2012,MALE,HISPANIC,FREDDY,12,98
2012,MALE,HISPANIC,MIKE,12,98
2012,MALE,HISPANIC,EDDY,12,98
2012,MALE,HISPANIC,AVERY,12,98
2012,MALE,HISPANIC,AVERY,12,98
2012,MALE,HISPANIC,RUBEN,12,98
2012,MALE,HISPANIC,BLAKE,12,98
2012,MALE,HISPANIC,WESLEY,12,98
2012,MALE,HISPANIC,SERGIO,12,98
2012,MALE,HISPANIC,HUNTER,12,98
2012,MALE,HISPANIC,ALVIN,12,98
2012,MALE,HISPANIC,FREDDY,12,98
2012,MALE,HISPANIC,BLAKE,12,98
2012,MALE,HISPANIC,EDDY,12,98
2012,MALE,HISPANIC,DONOVAN,12,98
2012,MALE,HISPANIC,RODRIGO,12,98
2012,MALE,HISPANIC,WESLEY,12,98
2012,MALE,HISPANIC,CHARLES,12,98
2012,MALE,HISPANIC,ALVIN,12,98
2012,MALE,HISPANIC,CAMILO,12,98
2012,MALE,HISPANIC,DONOVAN,12,98
2012,MALE,HISPANIC,PAUL,12,98
2012,MALE,HISPANIC,RUBEN,12,98
2012,MALE,HISPANIC,SAUL,12,98
2012,MALE,HISPANIC,SAUL,12,98
2012,MALE,HISPANIC,CHARLES,12,98
2012,MALE,HISPANIC,CAMILO,12,98
2012,MALE,HISPANIC,HUNTER,12,98
2012,MALE,HISPANIC,PAUL,12,98
2012,MALE,HISPANIC,RODRIGO,12,98
2012,MALE,HISPANIC,SERGIO,12,98
2012,MALE,HISPANIC,DAMIEN,11,99
2012,MALE,HISPANIC,DAMIEN,11,99
2012,MALE,HISPANIC,SKYLER,11,99
2012,MALE,HISPANIC,BRYCE,11,99
2012,MALE,HISPANIC,MATTEO,11,99
2012,MALE,HISPANIC,BRYCE,11,99
2012,MALE,HISPANIC,MATTEO,11,99
2012,MALE,HISPANIC,DOMINICK,11,99
2012,MALE,HISPANIC,WILSON,11,99
2012,MALE,HISPANIC,ENRIQUE,11,99
2012,MALE,HISPANIC,IZAIAH,11,99
2012,MALE,HISPANIC,ABDIEL,11,99
2012,MALE,HISPANIC,ABDIEL,11,99
2012,MALE,HISPANIC,WILSON,11,99
2012,MALE,HISPANIC,ADAN,11,99
2012,MALE,HISPANIC,SKYLER,11,99
2012,MALE,HISPANIC,ENRIQUE,11,99
2012,MALE,HISPANIC,ADEN,11,99
2012,MALE,HISPANIC,ADEN,11,99
2012,MALE,HISPANIC,ADAN,11,99
2012,MALE,HISPANIC,LUKAS,11,99
2012,MALE,HISPANIC,DOMINICK,11,99
2012,MALE,HISPANIC,IZAIAH,11,99
2012,MALE,HISPANIC,LUKAS,11,99
2012,MALE,HISPANIC,YARIEL,10,100
2012,MALE,HISPANIC,DEAN,10,100
2012,MALE,HISPANIC,JONAS,10,100
2012,MALE,HISPANIC,JENCARLOS,10,100
2012,MALE,HISPANIC,JAYLEN,10,100
2012,MALE,HISPANIC,JAYREN,10,100
2012,MALE,HISPANIC,JAYLEN,10,100
2012,MALE,HISPANIC,LUKE,10,100
2012,MALE,HISPANIC,ROMAN,10,100
2012,MALE,HISPANIC,LUKE,10,100
2012,MALE,HISPANIC,EMILIANO,10,100
2012,MALE,HISPANIC,EZEKIEL,10,100
2012,MALE,HISPANIC,JAYREN,10,100
2012,MALE,HISPANIC,EZEKIEL,10,100
2012,MALE,HISPANIC,CARMELO,10,100
2012,MALE,HISPANIC,ARMANDO,10,100
2012,MALE,HISPANIC,ARMANDO,10,100
2012,MALE,HISPANIC,ASHTON,10,100
2012,MALE,HISPANIC,ASHTON,10,100
2012,MALE,HISPANIC,ROMAN,10,100
2012,MALE,HISPANIC,ELVIN,10,100
2012,MALE,HISPANIC,KAIDEN,10,100
2012,MALE,HISPANIC,CARMELO,10,100
2012,MALE,HISPANIC,LEONEL,10,100
2012,MALE,HISPANIC,DEAN,10,100
2012,MALE,HISPANIC,JENCARLOS,10,100
2012,MALE,HISPANIC,ELVIN,10,100
2012,MALE,HISPANIC,EMILIANO,10,100
2012,MALE,HISPANIC,JONAS,10,100
2012,MALE,HISPANIC,YARIEL,10,100
2012,MALE,HISPANIC,LEONEL,10,100
2012,MALE,HISPANIC,KAIDEN,10,100
2012,MALE,WHITE NON HISP,JOSEPH,300,1
2012,MALE,WHITE NON HISP,JOSEPH,300,1
2012,MALE,WHITE NON HISP,DAVID,289,2
2012,MALE,WHITE NON HISP,DAVID,289,2
2012,MALE,WHITE NON HISP,MICHAEL,245,3
2012,MALE,WHITE NON HISP,MICHAEL,245,3
2012,MALE,WHITE NON HISP,JACOB,242,4
2012,MALE,WHITE NON HISP,JACOB,242,4
2012,MALE,WHITE NON HISP,MOSHE,238,5
2012,MALE,WHITE NON HISP,MOSHE,238,5
2012,MALE,WHITE NON HISP,DANIEL,232,6
2012,MALE,WHITE NON HISP,DANIEL,232,6
2012,MALE,WHITE NON HISP,ALEXANDER,227,7
2012,MALE,WHITE NON HISP,ALEXANDER,227,7
2012,MALE,WHITE NON HISP,BENJAMIN,218,8
2012,MALE,WHITE NON HISP,BENJAMIN,218,8
2012,MALE,WHITE NON HISP,SAMUEL,198,9
2012,MALE,WHITE NON HISP,SAMUEL,198,9
2012,MALE,WHITE NON HISP,JAMES,187,10
2012,MALE,WHITE NON HISP,JAMES,187,10
2012,MALE,WHITE NON HISP,JACK,180,11
2012,MALE,WHITE NON HISP,JACK,180,11
2012,MALE,WHITE NON HISP,CHAIM,169,12
2012,MALE,WHITE NON HISP,CHAIM,169,12
2012,MALE,WHITE NON HISP,NICHOLAS,168,13
2012,MALE,WHITE NON HISP,MATTHEW,168,13
2012,MALE,WHITE NON HISP,MATTHEW,168,13
2012,MALE,WHITE NON HISP,NICHOLAS,168,13
2012,MALE,WHITE NON HISP,RYAN,165,14
2012,MALE,WHITE NON HISP,RYAN,165,14
2012,MALE,WHITE NON HISP,JOHN,164,15
2012,MALE,WHITE NON HISP,JOHN,164,15
2012,MALE,WHITE NON HISP,HENRY,162,16
2012,MALE,WHITE NON HISP,WILLIAM,162,16
2012,MALE,WHITE NON HISP,WILLIAM,162,16
2012,MALE,WHITE NON HISP,ADAM,140,17
2012,MALE,WHITE NON HISP,ADAM,140,17
2012,MALE,WHITE NON HISP,CHARLES,139,18
2012,MALE,WHITE NON HISP,CHARLES,139,18
2012,MALE,WHITE NON HISP,ANTHONY,133,19
2012,MALE,WHITE NON HISP,ANTHONY,133,19
2012,MALE,WHITE NON HISP,ABRAHAM,132,20
2012,MALE,WHITE NON HISP,LIAM,132,20
2012,MALE,WHITE NON HISP,ABRAHAM,132,20
2012,MALE,WHITE NON HISP,ETHAN,131,21
2012,MALE,WHITE NON HISP,NOAH,131,21
2012,MALE,WHITE NON HISP,NOAH,131,21
2012,MALE,WHITE NON HISP,ETHAN,131,21
2012,MALE,WHITE NON HISP,THOMAS,126,22
2012,MALE,WHITE NON HISP,THOMAS,126,22
2012,MALE,WHITE NON HISP,LUCAS,124,23
2012,MALE,WHITE NON HISP,LUCAS,124,23
2012,MALE,WHITE NON HISP,DYLAN,124,23
2012,MALE,WHITE NON HISP,ANDREW,121,24
2012,MALE,WHITE NON HISP,ANDREW,121,24
2012,MALE,WHITE NON HISP,ISAAC,116,25
2012,MALE,WHITE NON HISP,ISAAC,116,25
2012,MALE,WHITE NON HISP,YOSEF,116,25
2012,MALE,WHITE NON HISP,YOSEF,116,25
2012,MALE,WHITE NON HISP,OLIVER,112,26
2012,MALE,WHITE NON HISP,OLIVER,112,26
2012,MALE,WHITE NON HISP,GABRIEL,106,27
2012,MALE,WHITE NON HISP,MAX,106,27
2012,MALE,WHITE NON HISP,GABRIEL,106,27
2012,MALE,WHITE NON HISP,MAX,106,27
2012,MALE,WHITE NON HISP,ZACHARY,103,28
2012,MALE,WHITE NON HISP,ZACHARY,103,28
2012,MALE,WHITE NON HISP,LEO,103,28
2012,MALE,WHITE NON HISP,LEO,103,28
2012,MALE,WHITE NON HISP,LUKE,101,29
2012,MALE,WHITE NON HISP,MASON,100,30
2012,MALE,WHITE NON HISP,MASON,100,30
2012,MALE,WHITE NON HISP,ELI,99,31
2012,MALE,WHITE NON HISP,ELI,99,31
2012,MALE,WHITE NON HISP,AARON,95,32
2012,MALE,WHITE NON HISP,AARON,95,32
2012,MALE,WHITE NON HISP,SHIMON,93,33
2012,MALE,WHITE NON HISP,SHIMON,93,33
2012,MALE,WHITE NON HISP,MORDECHAI,91,34
2012,MALE,WHITE NON HISP,MORDECHAI,91,34
2012,MALE,WHITE NON HISP,THEODORE,85,35
2012,MALE,WHITE NON HISP,THEODORE,85,35
2012,MALE,WHITE NON HISP,JACKSON,85,35
2012,MALE,WHITE NON HISP,JACKSON,85,35
2012,MALE,WHITE NON HISP,YISROEL,83,36
2012,MALE,WHITE NON HISP,YISROEL,83,36
2012,MALE,WHITE NON HISP,YEHUDA,82,37
2012,MALE,WHITE NON HISP,YEHUDA,82,37
2012,MALE,WHITE NON HISP,JOSHUA,79,38
2012,MALE,WHITE NON HISP,JOSHUA,79,38
2012,MALE,WHITE NON HISP,ROBERT,78,39
2012,MALE,WHITE NON HISP,ROBERT,78,39
2012,MALE,WHITE NON HISP,MENACHEM,76,40
2012,MALE,WHITE NON HISP,MENACHEM,76,40
2012,MALE,WHITE NON HISP,NATHAN,76,40
2012,MALE,WHITE NON HISP,NATHAN,76,40
2012,MALE,WHITE NON HISP,GEORGE,75,41
2012,MALE,WHITE NON HISP,GEORGE,75,41
2012,MALE,WHITE NON HISP,CHRISTOPHER,74,42
2012,MALE,WHITE NON HISP,SEBASTIAN,74,42
2012,MALE,WHITE NON HISP,CHRISTOPHER,74,42
2012,MALE,WHITE NON HISP,SEBASTIAN,74,42
2012,MALE,WHITE NON HISP,AIDEN,73,43
2012,MALE,WHITE NON HISP,JONATHAN,73,43
2012,MALE,WHITE NON HISP,AIDEN,73,43
2012,MALE,WHITE NON HISP,JONATHAN,73,43
2012,MALE,WHITE NON HISP,CHRISTIAN,73,43
2012,MALE,WHITE NON HISP,LUCA,71,44
2012,MALE,WHITE NON HISP,LUCA,71,44
2012,MALE,WHITE NON HISP,JULIAN,70,45
2012,MALE,WHITE NON HISP,ARON,70,45
2012,MALE,WHITE NON HISP,ARON,70,45
2012,MALE,WHITE NON HISP,OWEN,69,46
2012,MALE,WHITE NON HISP,OWEN,69,46
2012,MALE,WHITE NON HISP,EVAN,68,47
2012,MALE,WHITE NON HISP,LOGAN,68,47
2012,MALE,WHITE NON HISP,YITZCHOK,68,47
2012,MALE,WHITE NON HISP,YITZCHOK,68,47
2012,MALE,WHITE NON HISP,EVAN,68,47
2012,MALE,WHITE NON HISP,YAKOV,61,48
2012,MALE,WHITE NON HISP,YAKOV,61,48
2012,MALE,WHITE NON HISP,HUDSON,60,49
2012,MALE,WHITE NON HISP,JONAH,60,49
2012,MALE,WHITE NON HISP,HUDSON,60,49
2012,MALE,WHITE NON HISP,JONAH,60,49
2012,MALE,WHITE NON HISP,NATHANIEL,59,50
2012,MALE,WHITE NON HISP,ASHER,59,50
2012,MALE,WHITE NON HISP,ASHER,59,50
2012,MALE,WHITE NON HISP,LEVI,58,51
2012,MALE,WHITE NON HISP,JAKE,58,51
2012,MALE,WHITE NON HISP,LEVI,58,51
2012,MALE,WHITE NON HISP,JAKE,58,51
2012,MALE,WHITE NON HISP,SIMON,55,52
2012,MALE,WHITE NON HISP,MAXWELL,54,53
2012,MALE,WHITE NON HISP,MAXWELL,54,53
2012,MALE,WHITE NON HISP,EZRA,53,54
2012,MALE,WHITE NON HISP,SHLOMO,53,54
2012,MALE,WHITE NON HISP,MILES,53,54
2012,MALE,WHITE NON HISP,SHLOMO,53,54
2012,MALE,WHITE NON HISP,EZRA,53,54
2012,MALE,WHITE NON HISP,MILES,53,54
2012,MALE,WHITE NON HISP,TYLER,51,55
2012,MALE,WHITE NON HISP,TYLER,51,55
2012,MALE,WHITE NON HISP,MEIR,50,56
2012,MALE,WHITE NON HISP,MEIR,50,56
2012,MALE,WHITE NON HISP,MENDEL,50,56
2012,MALE,WHITE NON HISP,MENDEL,50,56
2012,MALE,WHITE NON HISP,YAAKOV,49,57
2012,MALE,WHITE NON HISP,YAAKOV,49,57
2012,MALE,WHITE NON HISP,SHMUEL,49,57
2012,MALE,WHITE NON HISP,SHMUEL,49,57
2012,MALE,WHITE NON HISP,ZEV,48,58
2012,MALE,WHITE NON HISP,ZEV,48,58
2012,MALE,WHITE NON HISP,JUSTIN,48,58
2012,MALE,WHITE NON HISP,JUSTIN,48,58
2012,MALE,WHITE NON HISP,GAVIN,48,58
2012,MALE,WHITE NON HISP,MARK,47,59
2012,MALE,WHITE NON HISP,MARK,47,59
2012,MALE,WHITE NON HISP,OMAR,46,60
2012,MALE,WHITE NON HISP,PETER,46,60
2012,MALE,WHITE NON HISP,PETER,46,60
2012,MALE,WHITE NON HISP,BRANDON,45,61
2012,MALE,WHITE NON HISP,COLIN,45,61
2012,MALE,WHITE NON HISP,AVRAHAM,45,61
2012,MALE,WHITE NON HISP,COLIN,45,61
2012,MALE,WHITE NON HISP,AVRAHAM,45,61
2012,MALE,WHITE NON HISP,BRANDON,45,61
2012,MALE,WHITE NON HISP,CONNOR,44,62
2012,MALE,WHITE NON HISP,CONNOR,44,62
2012,MALE,WHITE NON HISP,ALI,43,63
2012,MALE,WHITE NON HISP,SEAN,41,64
2012,MALE,WHITE NON HISP,VINCENT,41,64
2012,MALE,WHITE NON HISP,ADRIAN,41,64
2012,MALE,WHITE NON HISP,SEAN,41,64
2012,MALE,WHITE NON HISP,ADRIAN,41,64
2012,MALE,WHITE NON HISP,VINCENT,41,64
2012,MALE,WHITE NON HISP,ARI,40,65
2012,MALE,WHITE NON HISP,ARI,40,65
2012,MALE,WHITE NON HISP,TZVI,39,66
2012,MALE,WHITE NON HISP,KEVIN,38,67
2012,MALE,WHITE NON HISP,KEVIN,38,67
2012,MALE,WHITE NON HISP,DECLAN,38,67
2012,MALE,WHITE NON HISP,DECLAN,38,67
2012,MALE,WHITE NON HISP,RAFAEL,36,68
2012,MALE,WHITE NON HISP,SOLOMON,36,68
2012,MALE,WHITE NON HISP,SHULEM,36,68
2012,MALE,WHITE NON HISP,JASON,36,68
2012,MALE,WHITE NON HISP,JASON,36,68
2012,MALE,WHITE NON HISP,RAFAEL,36,68
2012,MALE,WHITE NON HISP,SOLOMON,36,68
2012,MALE,WHITE NON HISP,AIDAN,36,68
2012,MALE,WHITE NON HISP,SHULEM,36,68
2012,MALE,WHITE NON HISP,EDWARD,35,69
2012,MALE,WHITE NON HISP,CALEB,35,69
2012,MALE,WHITE NON HISP,ERIC,35,69
2012,MALE,WHITE NON HISP,CALEB,35,69
2012,MALE,WHITE NON HISP,EDWARD,35,69
2012,MALE,WHITE NON HISP,ERIC,35,69
2012,MALE,WHITE NON HISP,SIMCHA,35,69
2012,MALE,WHITE NON HISP,COOPER,35,69
2012,MALE,WHITE NON HISP,COOPER,35,69
2012,MALE,WHITE NON HISP,MOHAMED,35,69
2012,MALE,WHITE NON HISP,SIMCHA,35,69
2012,MALE,WHITE NON HISP,AHMED,34,70
2012,MALE,WHITE NON HISP,ELIAS,34,70
2012,MALE,WHITE NON HISP,AHMED,34,70
2012,MALE,WHITE NON HISP,ELIAS,34,70
2012,MALE,WHITE NON HISP,CHASE,33,71
2012,MALE,WHITE NON HISP,LEONARDO,33,71
2012,MALE,WHITE NON HISP,CHASE,33,71
2012,MALE,WHITE NON HISP,MARTIN,33,71
2012,MALE,WHITE NON HISP,FRANK,33,71
2012,MALE,WHITE NON HISP,MARTIN,33,71
2012,MALE,WHITE NON HISP,LEONARDO,33,71
2012,MALE,WHITE NON HISP,FRANK,33,71
2012,MALE,WHITE NON HISP,PATRICK,32,72
2012,MALE,WHITE NON HISP,DOV,32,72
2012,MALE,WHITE NON HISP,DOV,32,72
2012,MALE,WHITE NON HISP,PATRICK,32,72
2012,MALE,WHITE NON HISP,HUNTER,31,73
2012,MALE,WHITE NON HISP,AUGUST,31,73
2012,MALE,WHITE NON HISP,VICTOR,31,73
2012,MALE,WHITE NON HISP,HUNTER,31,73
2012,MALE,WHITE NON HISP,IAN,31,73
2012,MALE,WHITE NON HISP,STEVEN,31,73
2012,MALE,WHITE NON HISP,AUGUST,31,73
2012,MALE,WHITE NON HISP,STEVEN,31,73
2012,MALE,WHITE NON HISP,IAN,31,73
2012,MALE,WHITE NON HISP,LEON,30,74
2012,MALE,WHITE NON HISP,MAXIMILIAN,30,74
2012,MALE,WHITE NON HISP,JAYDEN,30,74
2012,MALE,WHITE NON HISP,ISRAEL,30,74
2012,MALE,WHITE NON HISP,MARCO,30,74
2012,MALE,WHITE NON HISP,JAYDEN,30,74
2012,MALE,WHITE NON HISP,ISRAEL,30,74
2012,MALE,WHITE NON HISP,HARRISON,30,74
2012,MALE,WHITE NON HISP,MAXIMILIAN,30,74
2012,MALE,WHITE NON HISP,LEON,30,74
2012,MALE,WHITE NON HISP,MARCO,30,74
2012,MALE,WHITE NON HISP,HARRISON,30,74
2012,MALE,WHITE NON HISP,RICHARD,29,75
2012,MALE,WHITE NON HISP,SAM,29,75
2012,MALE,WHITE NON HISP,AVROHOM,29,75
2012,MALE,WHITE NON HISP,ELLIOT,29,75
2012,MALE,WHITE NON HISP,ELLIOT,29,75
2012,MALE,WHITE NON HISP,NICOLAS,29,75
2012,MALE,WHITE NON HISP,ELIJAH,29,75
2012,MALE,WHITE NON HISP,AVROHOM,29,75
2012,MALE,WHITE NON HISP,ARTHUR,29,75
2012,MALE,WHITE NON HISP,ARTHUR,29,75
2012,MALE,WHITE NON HISP,ELIEZER,29,75
2012,MALE,WHITE NON HISP,CHARLIE,29,75
2012,MALE,WHITE NON HISP,NICOLAS,29,75
2012,MALE,WHITE NON HISP,ELIYAHU,29,75
2012,MALE,WHITE NON HISP,TRISTAN,29,75
2012,MALE,WHITE NON HISP,ELIJAH,29,75
2012,MALE,WHITE NON HISP,RICHARD,29,75
2012,MALE,WHITE NON HISP,CHARLIE,29,75
2012,MALE,WHITE NON HISP,ELIEZER,29,75
2012,MALE,WHITE NON HISP,TRISTAN,29,75
2012,MALE,WHITE NON HISP,SAM,29,75
2012,MALE,WHITE NON HISP,ELIYAHU,29,75
2012,MALE,WHITE NON HISP,MATTEO,28,76
2012,MALE,WHITE NON HISP,DOMINIC,28,76
2012,MALE,WHITE NON HISP,JOEL,28,76
2012,MALE,WHITE NON HISP,DOMINIC,28,76
2012,MALE,WHITE NON HISP,YECHIEL,28,76
2012,MALE,WHITE NON HISP,JOEL,28,76
2012,MALE,WHITE NON HISP,PAUL,28,76
2012,MALE,WHITE NON HISP,MATTEO,28,76
2012,MALE,WHITE NON HISP,YECHIEL,28,76
2012,MALE,WHITE NON HISP,PAUL,28,76
2012,MALE,WHITE NON HISP,ALAN,27,77
2012,MALE,WHITE NON HISP,USHER,27,77
2012,MALE,WHITE NON HISP,USHER,27,77
2012,MALE,WHITE NON HISP,OSCAR,27,77
2012,MALE,WHITE NON HISP,JASPER,27,77
2012,MALE,WHITE NON HISP,JASPER,27,77
2012,MALE,WHITE NON HISP,ARYEH,27,77
2012,MALE,WHITE NON HISP,ALAN,27,77
2012,MALE,WHITE NON HISP,ARYEH,27,77
2012,MALE,WHITE NON HISP,FINN,26,78
2012,MALE,WHITE NON HISP,LIPA,26,78
2012,MALE,WHITE NON HISP,DOVID,26,78
2012,MALE,WHITE NON HISP,SHAYA,26,78
2012,MALE,WHITE NON HISP,LIPA,26,78
2012,MALE,WHITE NON HISP,FINN,26,78
2012,MALE,WHITE NON HISP,DOVID,26,78
2012,MALE,WHITE NON HISP,SHAYA,26,78
2012,MALE,WHITE NON HISP,DEAN,25,79
2012,MALE,WHITE NON HISP,AMIR,25,79
2012,MALE,WHITE NON HISP,LUKAS,25,79
2012,MALE,WHITE NON HISP,SALVATORE,25,79
2012,MALE,WHITE NON HISP,JORDAN,25,79
2012,MALE,WHITE NON HISP,AMIR,25,79
2012,MALE,WHITE NON HISP,HERSHY,25,79
2012,MALE,WHITE NON HISP,SHIA,25,79
2012,MALE,WHITE NON HISP,SALVATORE,25,79
2012,MALE,WHITE NON HISP,JORDAN,25,79
2012,MALE,WHITE NON HISP,SHIA,25,79
2012,MALE,WHITE NON HISP,HERSHY,25,79
2012,MALE,WHITE NON HISP,ANTONIO,25,79
2012,MALE,WHITE NON HISP,DEAN,25,79
2012,MALE,WHITE NON HISP,LUKAS,25,79
2012,MALE,WHITE NON HISP,LOUIS,24,80
2012,MALE,WHITE NON HISP,MENDY,24,80
2012,MALE,WHITE NON HISP,SHANE,24,80
2012,MALE,WHITE NON HISP,SHANE,24,80
2012,MALE,WHITE NON HISP,MENDY,24,80
2012,MALE,WHITE NON HISP,MAXIM,24,80
2012,MALE,WHITE NON HISP,NAFTALI,24,80
2012,MALE,WHITE NON HISP,GRAYSON,24,80
2012,MALE,WHITE NON HISP,NAFTALI,24,80
2012,MALE,WHITE NON HISP,BLAKE,24,80
2012,MALE,WHITE NON HISP,BRENDAN,24,80
2012,MALE,WHITE NON HISP,LOUIS,24,80
2012,MALE,WHITE NON HISP,BLAKE,24,80
2012,MALE,WHITE NON HISP,BRENDAN,24,80
2012,MALE,WHITE NON HISP,TIMOTHY,24,80
2012,MALE,WHITE NON HISP,GRAYSON,24,80
2012,MALE,WHITE NON HISP,TIMOTHY,24,80
2012,MALE,WHITE NON HISP,SHMIEL,23,81
2012,MALE,WHITE NON HISP,YOEL,23,81
2012,MALE,WHITE NON HISP,SHMIEL,23,81
2012,MALE,WHITE NON HISP,MICAH,23,81
2012,MALE,WHITE NON HISP,PHILIP,23,81
2012,MALE,WHITE NON HISP,ALEX,23,81
2012,MALE,WHITE NON HISP,MAYER,23,81
2012,MALE,WHITE NON HISP,ALEX,23,81
2012,MALE,WHITE NON HISP,MICAH,23,81
2012,MALE,WHITE NON HISP,MAYER,23,81
2012,MALE,WHITE NON HISP,LUKA,23,81
2012,MALE,WHITE NON HISP,YOEL,23,81
2012,MALE,WHITE NON HISP,LUKA,23,81
2012,MALE,WHITE NON HISP,PARKER,22,82
2012,MALE,WHITE NON HISP,YEHOSHUA,22,82
2012,MALE,WHITE NON HISP,MOISHE,22,82
2012,MALE,WHITE NON HISP,YEHOSHUA,22,82
2012,MALE,WHITE NON HISP,BRADY,22,82
2012,MALE,WHITE NON HISP,BRAYDEN,22,82
2012,MALE,WHITE NON HISP,PARKER,22,82
2012,MALE,WHITE NON HISP,BRADY,22,82
2012,MALE,WHITE NON HISP,WYATT,22,82
2012,MALE,WHITE NON HISP,JUDE,22,82
2012,MALE,WHITE NON HISP,MOISHE,22,82
2012,MALE,WHITE NON HISP,BRAYDEN,22,82
2012,MALE,WHITE NON HISP,JUDE,22,82
2012,MALE,WHITE NON HISP,FELIX,21,83
2012,MALE,WHITE NON HISP,LORENZO,21,83
2012,MALE,WHITE NON HISP,EITAN,21,83
2012,MALE,WHITE NON HISP,ALBERT,21,83
2012,MALE,WHITE NON HISP,GRAHAM,21,83
2012,MALE,WHITE NON HISP,JUDAH,21,83
2012,MALE,WHITE NON HISP,LORENZO,21,83
2012,MALE,WHITE NON HISP,ALBERT,21,83
2012,MALE,WHITE NON HISP,FELIX,21,83
2012,MALE,WHITE NON HISP,CAMERON,21,83
2012,MALE,WHITE NON HISP,EITAN,21,83
2012,MALE,WHITE NON HISP,JUDAH,21,83
2012,MALE,WHITE NON HISP,GRAHAM,21,83
2012,MALE,WHITE NON HISP,GIOVANNI,21,83
2012,MALE,WHITE NON HISP,CAMERON,21,83
2012,MALE,WHITE NON HISP,GIOVANNI,21,83
2012,MALE,WHITE NON HISP,HERSHEL,21,83
2012,MALE,WHITE NON HISP,RAYMOND,20,84
2012,MALE,WHITE NON HISP,ARIEL,20,84
2012,MALE,WHITE NON HISP,DOMINICK,20,84
2012,MALE,WHITE NON HISP,GAVRIEL,20,84
2012,MALE,WHITE NON HISP,MILO,20,84
2012,MALE,WHITE NON HISP,RAYMOND,20,84
2012,MALE,WHITE NON HISP,AKIVA,20,84
2012,MALE,WHITE NON HISP,BRIAN,20,84
2012,MALE,WHITE NON HISP,DOMINICK,20,84
2012,MALE,WHITE NON HISP,GAVRIEL,20,84
2012,MALE,WHITE NON HISP,AKIVA,20,84
2012,MALE,WHITE NON HISP,COLE,20,84
2012,MALE,WHITE NON HISP,COLE,20,84
2012,MALE,WHITE NON HISP,BRIAN,20,84
2012,MALE,WHITE NON HISP,ARIEL,20,84
2012,MALE,WHITE NON HISP,MILO,20,84
2012,MALE,WHITE NON HISP,AYDEN,19,85
2012,MALE,WHITE NON HISP,JESSE,19,85
2012,MALE,WHITE NON HISP,EFRAIM,19,85
2012,MALE,WHITE NON HISP,MOHAMMED,19,85
2012,MALE,WHITE NON HISP,JESSE,19,85
2012,MALE,WHITE NON HISP,ANGELO,19,85
2012,MALE,WHITE NON HISP,CARTER,19,85
2012,MALE,WHITE NON HISP,AYDEN,19,85
2012,MALE,WHITE NON HISP,GRIFFIN,19,85
2012,MALE,WHITE NON HISP,ANGELO,19,85
2012,MALE,WHITE NON HISP,EFRAIM,19,85
2012,MALE,WHITE NON HISP,SHLOME,19,85
2012,MALE,WHITE NON HISP,SHLOME,19,85
2012,MALE,WHITE NON HISP,CARTER,19,85
2012,MALE,WHITE NON HISP,MOHAMMED,19,85
2012,MALE,WHITE NON HISP,GRIFFIN,19,85
2012,MALE,WHITE NON HISP,AUSTIN,19,85
2012,MALE,WHITE NON HISP,AUSTIN,19,85
2012,MALE,WHITE NON HISP,AVRUM,18,86
2012,MALE,WHITE NON HISP,ELIMELECH,18,86
2012,MALE,WHITE NON HISP,KAI,18,86
2012,MALE,WHITE NON HISP,RAPHAEL,18,86
2012,MALE,WHITE NON HISP,JEREMY,18,86
2012,MALE,WHITE NON HISP,ELIMELECH,18,86
2012,MALE,WHITE NON HISP,NOLAN,18,86
2012,MALE,WHITE NON HISP,MOSES,18,86
2012,MALE,WHITE NON HISP,KAI,18,86
2012,MALE,WHITE NON HISP,IBRAHIM,18,86
2012,MALE,WHITE NON HISP,SPENCER,18,86
2012,MALE,WHITE NON HISP,BARUCH,18,86
2012,MALE,WHITE NON HISP,SPENCER,18,86
2012,MALE,WHITE NON HISP,ROCCO,18,86
2012,MALE,WHITE NON HISP,ROCCO,18,86
2012,MALE,WHITE NON HISP,AVRUM,18,86
2012,MALE,WHITE NON HISP,BEN,18,86
2012,MALE,WHITE NON HISP,JEREMY,18,86
2012,MALE,WHITE NON HISP,NOLAN,18,86
2012,MALE,WHITE NON HISP,MOSES,18,86
2012,MALE,WHITE NON HISP,BEN,18,86
2012,MALE,WHITE NON HISP,IBRAHIM,18,86
2012,MALE,WHITE NON HISP,MATEO,17,87
2012,MALE,WHITE NON HISP,NACHMAN,17,87
2012,MALE,WHITE NON HISP,ILAN,17,87
2012,MALE,WHITE NON HISP,ILAN,17,87
2012,MALE,WHITE NON HISP,LANDON,17,87
2012,MALE,WHITE NON HISP,MATEO,17,87
2012,MALE,WHITE NON HISP,LANDON,17,87
2012,MALE,WHITE NON HISP,NACHMAN,17,87
2012,MALE,WHITE NON HISP,ROMAN,16,88
2012,MALE,WHITE NON HISP,SHLOIMY,16,88
2012,MALE,WHITE NON HISP,RAYAN,16,88
2012,MALE,WHITE NON HISP,SHLOIMY,16,88
2012,MALE,WHITE NON HISP,CHESKY,16,88
2012,MALE,WHITE NON HISP,IVAN,16,88
2012,MALE,WHITE NON HISP,CHESKY,16,88
2012,MALE,WHITE NON HISP,IVAN,16,88
2012,MALE,WHITE NON HISP,ROMAN,16,88
2012,MALE,WHITE NON HISP,RAYAN,16,88
2012,MALE,WHITE NON HISP,AHMAD,15,89
2012,MALE,WHITE NON HISP,DREW,15,89
2012,MALE,WHITE NON HISP,XAVIER,15,89
2012,MALE,WHITE NON HISP,RORY,15,89
2012,MALE,WHITE NON HISP,DAMIAN,15,89
2012,MALE,WHITE NON HISP,KYLE,15,89
2012,MALE,WHITE NON HISP,KIERAN,15,89
2012,MALE,WHITE NON HISP,FILIP,15,89
2012,MALE,WHITE NON HISP,HUGO,15,89
2012,MALE,WHITE NON HISP,ALTER,15,89
2012,MALE,WHITE NON HISP,GRANT,15,89
2012,MALE,WHITE NON HISP,RORY,15,89
2012,MALE,WHITE NON HISP,KIERAN,15,89
2012,MALE,WHITE NON HISP,AHMAD,15,89
2012,MALE,WHITE NON HISP,FILIP,15,89
2012,MALE,WHITE NON HISP,EVERETT,15,89
2012,MALE,WHITE NON HISP,EPHRAIM,15,89
2012,MALE,WHITE NON HISP,KYLE,15,89
2012,MALE,WHITE NON HISP,GRANT,15,89
2012,MALE,WHITE NON HISP,DREW,15,89
2012,MALE,WHITE NON HISP,BRODY,15,89
2012,MALE,WHITE NON HISP,DAMIAN,15,89
2012,MALE,WHITE NON HISP,ALTER,15,89
2012,MALE,WHITE NON HISP,HUGO,15,89
2012,MALE,WHITE NON HISP,EVERETT,15,89
2012,MALE,WHITE NON HISP,BRODY,15,89
2012,MALE,WHITE NON HISP,EPHRAIM,15,89
2012,MALE,WHITE NON HISP,YUSUF,14,90
2012,MALE,WHITE NON HISP,STEPHEN,14,90
2012,MALE,WHITE NON HISP,HAMZA,14,90
2012,MALE,WHITE NON HISP,YITZCHAK,14,90
2012,MALE,WHITE NON HISP,NOAM,14,90
2012,MALE,WHITE NON HISP,YUSUF,14,90
2012,MALE,WHITE NON HISP,STEPHEN,14,90
2012,MALE,WHITE NON HISP,HAMZA,14,90
2012,MALE,WHITE NON HISP,LAZER,14,90
2012,MALE,WHITE NON HISP,CHRIS,14,90
2012,MALE,WHITE NON HISP,REID,14,90
2012,MALE,WHITE NON HISP,HERSH,14,90
2012,MALE,WHITE NON HISP,REUVEN,14,90
2012,MALE,WHITE NON HISP,MAXIMUS,14,90
2012,MALE,WHITE NON HISP,NOAM,14,90
2012,MALE,WHITE NON HISP,CHRIS,14,90
2012,MALE,WHITE NON HISP,MAXIMUS,14,90
2012,MALE,WHITE NON HISP,LAZER,14,90
2012,MALE,WHITE NON HISP,REID,14,90
2012,MALE,WHITE NON HISP,REUVEN,14,90
2012,MALE,WHITE NON HISP,HERSH,14,90
2012,MALE,WHITE NON HISP,NOSSON,13,91
2012,MALE,WHITE NON HISP,MYLES,13,91
2012,MALE,WHITE NON HISP,BENZION,13,91
2012,MALE,WHITE NON HISP,SHALOM,13,91
2012,MALE,WHITE NON HISP,YOUSEF,13,91
2012,MALE,WHITE NON HISP,PINCHAS,13,91
2012,MALE,WHITE NON HISP,MUHAMMAD,13,91
2012,MALE,WHITE NON HISP,YECHEZKEL,13,91
2012,MALE,WHITE NON HISP,MYLES,13,91
2012,MALE,WHITE NON HISP,GREGORY,13,91
2012,MALE,WHITE NON HISP,SHALOM,13,91
2012,MALE,WHITE NON HISP,HARRY,13,91
2012,MALE,WHITE NON HISP,BENZION,13,91
2012,MALE,WHITE NON HISP,PRESTON,13,91
2012,MALE,WHITE NON HISP,PINCHUS,13,91
2012,MALE,WHITE NON HISP,PINCHAS,13,91
2012,MALE,WHITE NON HISP,PRESTON,13,91
2012,MALE,WHITE NON HISP,NOSSON,13,91
2012,MALE,WHITE NON HISP,EMMETT,13,91
2012,MALE,WHITE NON HISP,MARC,13,91
2012,MALE,WHITE NON HISP,EMMETT,13,91
2012,MALE,WHITE NON HISP,MUHAMMAD,13,91
2012,MALE,WHITE NON HISP,YECHEZKEL,13,91
2012,MALE,WHITE NON HISP,YOUSEF,13,91
2012,MALE,WHITE NON HISP,PINCHUS,13,91
2012,MALE,WHITE NON HISP,THEO,12,92
2012,MALE,WHITE NON HISP,ROWAN,12,92
2012,MALE,WHITE NON HISP,ELAN,12,92
2012,MALE,WHITE NON HISP,NICO,12,92
2012,MALE,WHITE NON HISP,NICO,12,92
2012,MALE,WHITE NON HISP,ZALMEN,12,92
2012,MALE,WHITE NON HISP,SHLOIME,12,92
2012,MALE,WHITE NON HISP,FRANCESCO,12,92
2012,MALE,WHITE NON HISP,WESLEY,12,92
2012,MALE,WHITE NON HISP,THEO,12,92
2012,MALE,WHITE NON HISP,JAXON,12,92
2012,MALE,WHITE NON HISP,RONAN,12,92
2012,MALE,WHITE NON HISP,WESLEY,12,92
2012,MALE,WHITE NON HISP,ROWAN,12,92
2012,MALE,WHITE NON HISP,BENTZION,12,92
2012,MALE,WHITE NON HISP,ELAN,12,92
2012,MALE,WHITE NON HISP,FRANCESCO,12,92
2012,MALE,WHITE NON HISP,MALIK,12,92
2012,MALE,WHITE NON HISP,SHOLOM,12,92
2012,MALE,WHITE NON HISP,MALIK,12,92
2012,MALE,WHITE NON HISP,BRADLEY,12,92
2012,MALE,WHITE NON HISP,BRADLEY,12,92
2012,MALE,WHITE NON HISP,AVERY,12,92
2012,MALE,WHITE NON HISP,ZALMEN,12,92
2012,MALE,WHITE NON HISP,BENTZION,12,92
2012,MALE,WHITE NON HISP,QUINN,12,92
2012,MALE,WHITE NON HISP,SILAS,12,92
2012,MALE,WHITE NON HISP,JAXON,12,92
2012,MALE,WHITE NON HISP,RONAN,12,92
2012,MALE,WHITE NON HISP,SHOLOM,12,92
2012,MALE,WHITE NON HISP,AVERY,12,92
2012,MALE,WHITE NON HISP,SILAS,12,92
2012,MALE,WHITE NON HISP,QUINN,12,92
2012,MALE,WHITE NON HISP,AHRON,11,93
2012,MALE,WHITE NON HISP,MOHAMMAD,11,93
2012,MALE,WHITE NON HISP,BECKETT,11,93
2012,MALE,WHITE NON HISP,YOUSSEF,11,93
2012,MALE,WHITE NON HISP,MARCUS,11,93
2012,MALE,WHITE NON HISP,NIKITA,11,93
2012,MALE,WHITE NON HISP,ARCHER,11,93
2012,MALE,WHITE NON HISP,REED,11,93
2012,MALE,WHITE NON HISP,SHEA,11,93
2012,MALE,WHITE NON HISP,YOSSI,11,93
2012,MALE,WHITE NON HISP,SHEA,11,93
2012,MALE,WHITE NON HISP,BORUCH,11,93
2012,MALE,WHITE NON HISP,ELUZER,11,93
2012,MALE,WHITE NON HISP,ELLIS,11,93
2012,MALE,WHITE NON HISP,SHLOMA,11,93
2012,MALE,WHITE NON HISP,REED,11,93
2012,MALE,WHITE NON HISP,MOHAMMAD,11,93
2012,MALE,WHITE NON HISP,NIKITA,11,93
2012,MALE,WHITE NON HISP,CALVIN,11,93
2012,MALE,WHITE NON HISP,BORUCH,11,93
2012,MALE,WHITE NON HISP,BINYOMIN,11,93
2012,MALE,WHITE NON HISP,SHLOMA,11,93
2012,MALE,WHITE NON HISP,ANDERSON,11,93
2012,MALE,WHITE NON HISP,BECKETT,11,93
2012,MALE,WHITE NON HISP,ELUZER,11,93
2012,MALE,WHITE NON HISP,AHRON,11,93
2012,MALE,WHITE NON HISP,YISRAEL,11,93
2012,MALE,WHITE NON HISP,ELLIS,11,93
2012,MALE,WHITE NON HISP,ARCHER,11,93
2012,MALE,WHITE NON HISP,ANDERSON,11,93
2012,MALE,WHITE NON HISP,YOSSI,11,93
2012,MALE,WHITE NON HISP,YOUSSEF,11,93
2012,MALE,WHITE NON HISP,CALVIN,11,93
2012,MALE,WHITE NON HISP,ALEKSANDER,10,94
2012,MALE,WHITE NON HISP,SHNEUR,10,94
2012,MALE,WHITE NON HISP,DEVIN,10,94
2012,MALE,WHITE NON HISP,JAD,10,94
2012,MALE,WHITE NON HISP,JACE,10,94
2012,MALE,WHITE NON HISP,SAMI,10,94
2012,MALE,WHITE NON HISP,BENNETT,10,94
2012,MALE,WHITE NON HISP,ISAIAH,10,94
2012,MALE,WHITE NON HISP,MAKSIM,10,94
2012,MALE,WHITE NON HISP,ATTICUS,10,94
2012,MALE,WHITE NON HISP,MAKSIM,10,94
2012,MALE,WHITE NON HISP,DEVIN,10,94
2012,MALE,WHITE NON HISP,ELLIOTT,10,94
2012,MALE,WHITE NON HISP,SAMIR,10,94
2012,MALE,WHITE NON HISP,YONA,10,94
2012,MALE,WHITE NON HISP,SHNEUR,10,94
2012,MALE,WHITE NON HISP,CHESKEL,10,94
2012,MALE,WHITE NON HISP,TOMAS,10,94
2012,MALE,WHITE NON HISP,YONA,10,94
2012,MALE,WHITE NON HISP,MEYER,10,94
2012,MALE,WHITE NON HISP,ELLIOTT,10,94
2012,MALE,WHITE NON HISP,ATTICUS,10,94
2012,MALE,WHITE NON HISP,FREDERICK,10,94
2012,MALE,WHITE NON HISP,ERIK,10,94
2012,MALE,WHITE NON HISP,EZRIEL,10,94
2012,MALE,WHITE NON HISP,FREDERICK,10,94
2012,MALE,WHITE NON HISP,MEYER,10,94
2012,MALE,WHITE NON HISP,JULIEN,10,94
2012,MALE,WHITE NON HISP,CHESKEL,10,94
2012,MALE,WHITE NON HISP,ALEKSANDER,10,94
2012,MALE,WHITE NON HISP,SAMIR,10,94
2012,MALE,WHITE NON HISP,SAMI,10,94
2012,MALE,WHITE NON HISP,EZRIEL,10,94
2012,MALE,WHITE NON HISP,ZAIN,10,94
2012,MALE,WHITE NON HISP,HARVEY,10,94
2012,MALE,WHITE NON HISP,ZAIN,10,94
2012,MALE,WHITE NON HISP,HAYDEN,10,94
2012,MALE,WHITE NON HISP,ISSAC,10,94
2012,MALE,WHITE NON HISP,ISAIAH,10,94
2012,MALE,WHITE NON HISP,ISSAC,10,94
2012,MALE,WHITE NON HISP,NIKOLAS,10,94
2012,MALE,WHITE NON HISP,JACE,10,94
2012,MALE,WHITE NON HISP,JAD,10,94
2012,MALE,WHITE NON HISP,NIKOLAS,10,94
2012,MALE,WHITE NON HISP,HAYDEN,10,94
2012,MALE,WHITE NON HISP,JULIEN,10,94
2012,MALE,WHITE NON HISP,BENNETT,10,94
2012,MALE,WHITE NON HISP,HARVEY,10,94
2012,MALE,WHITE NON HISP,ERIK,10,94
2011,FEMALE,ASIAN AND PACIFIC ISLANDER,SOPHIA,119,1
2011,FEMALE,ASIAN AND PACIFIC ISLANDER,SOPHIA,119,1
2011,FEMALE,ASIAN AND PACIFIC ISLANDER,CHLOE,106,2
2011,FEMALE,ASIAN AND PACIFIC ISLANDER,CHLOE,106,2
2011,FEMALE,ASIAN AND PACIFIC ISLANDER,EMILY,93,3
2011,FEMALE,ASIAN AND PACIFIC ISLANDER,EMILY,93,3
2011,FEMALE,ASIAN AND PACIFIC ISLANDER,OLIVIA,89,4
2011,FEMALE,ASIAN AND PACIFIC ISLANDER,OLIVIA,89,4
2011,FEMALE,ASIAN AND PACIFIC ISLANDER,EMMA,75,5
2011,FEMALE,ASIAN AND PACIFIC ISLANDER,EMMA,75,5
2011,FEMALE,ASIAN AND PACIFIC ISLANDER,ISABELLA,67,6
2011,FEMALE,ASIAN AND PACIFIC ISLANDER,ISABELLA,67,6
2011,FEMALE,ASIAN AND PACIFIC ISLANDER,TIFFANY,54,7
2011,FEMALE,ASIAN AND PACIFIC ISLANDER,TIFFANY,54,7
2011,FEMALE,ASIAN AND PACIFIC ISLANDER,ASHLEY,52,8
2011,FEMALE,ASIAN AND PACIFIC ISLANDER,ASHLEY,52,8
2011,FEMALE,ASIAN AND PACIFIC ISLANDER,FIONA,48,9
2011,FEMALE,ASIAN AND PACIFIC ISLANDER,FIONA,48,9
2011,FEMALE,ASIAN AND PACIFIC ISLANDER,ANGELA,47,10
2011,FEMALE,ASIAN AND PACIFIC ISLANDER,ANGELA,47,10
2011,FEMALE,ASIAN AND PACIFIC ISLANDER,VIVIAN,44,11
2011,FEMALE,ASIAN AND PACIFIC ISLANDER,VIVIAN,44,11
2011,FEMALE,ASIAN AND PACIFIC ISLANDER,MICHELLE,42,12
2011,FEMALE,ASIAN AND PACIFIC ISLANDER,MICHELLE,42,12
2011,FEMALE,ASIAN AND PACIFIC ISLANDER,JOANNA,38,13
2011,FEMALE,ASIAN AND PACIFIC ISLANDER,JOANNA,38,13
2011,FEMALE,ASIAN AND PACIFIC ISLANDER,SARAH,38,13
2011,FEMALE,ASIAN AND PACIFIC ISLANDER,SARAH,38,13
2011,FEMALE,ASIAN AND PACIFIC ISLANDER,MIA,36,14
2011,FEMALE,ASIAN AND PACIFIC ISLANDER,MIA,36,14
2011,FEMALE,ASIAN AND PACIFIC ISLANDER,IVY,35,15
2011,FEMALE,ASIAN AND PACIFIC ISLANDER,IVY,35,15
2011,FEMALE,ASIAN AND PACIFIC ISLANDER,NICOLE,33,16
2011,FEMALE,ASIAN AND PACIFIC ISLANDER,GRACE,33,16
2011,FEMALE,ASIAN AND PACIFIC ISLANDER,NICOLE,33,16
2011,FEMALE,ASIAN AND PACIFIC ISLANDER,GRACE,33,16
2011,FEMALE,ASIAN AND PACIFIC ISLANDER,VICKY,32,17
2011,FEMALE,ASIAN AND PACIFIC ISLANDER,VICKY,32,17
2011,FEMALE,ASIAN AND PACIFIC ISLANDER,JASMINE,31,18
2011,FEMALE,ASIAN AND PACIFIC ISLANDER,JASMINE,31,18
2011,FEMALE,ASIAN AND PACIFIC ISLANDER,ANNA,30,19
2011,FEMALE,ASIAN AND PACIFIC ISLANDER,ANNA,30,19
2011,FEMALE,ASIAN AND PACIFIC ISLANDER,ELAINE,28,20
2011,FEMALE,ASIAN AND PACIFIC ISLANDER,ELAINE,28,20
2011,FEMALE,ASIAN AND PACIFIC ISLANDER,CLAIRE,27,21
2011,FEMALE,ASIAN AND PACIFIC ISLANDER,JENNY,27,21
2011,FEMALE,ASIAN AND PACIFIC ISLANDER,ALICE,27,21
2011,FEMALE,ASIAN AND PACIFIC ISLANDER,ALICE,27,21
2011,FEMALE,ASIAN AND PACIFIC ISLANDER,CATHERINE,27,21
2011,FEMALE,ASIAN AND PACIFIC ISLANDER,CATHERINE,27,21
2011,FEMALE,ASIAN AND PACIFIC ISLANDER,CLAIRE,27,21
2011,FEMALE,ASIAN AND PACIFIC ISLANDER,MAYA,27,21
2011,FEMALE,ASIAN AND PACIFIC ISLANDER,MAYA,27,21
2011,FEMALE,ASIAN AND PACIFIC ISLANDER,JENNY,27,21
2011,FEMALE,ASIAN AND PACIFIC ISLANDER,SELINA,26,22
2011,FEMALE,ASIAN AND PACIFIC ISLANDER,IRIS,26,22
2011,FEMALE,ASIAN AND PACIFIC ISLANDER,ANGELINA,26,22
2011,FEMALE,ASIAN AND PACIFIC ISLANDER,IRIS,26,22
2011,FEMALE,ASIAN AND PACIFIC ISLANDER,TENZIN,26,22
2011,FEMALE,ASIAN AND PACIFIC ISLANDER,TENZIN,26,22
2011,FEMALE,ASIAN AND PACIFIC ISLANDER,ALYSSA,26,22
2011,FEMALE,ASIAN AND PACIFIC ISLANDER,ALYSSA,26,22
2011,FEMALE,ASIAN AND PACIFIC ISLANDER,ANGELINA,26,22
2011,FEMALE,ASIAN AND PACIFIC ISLANDER,JESSICA,26,22
2011,FEMALE,ASIAN AND PACIFIC ISLANDER,JESSICA,26,22
2011,FEMALE,ASIAN AND PACIFIC ISLANDER,SELINA,26,22
2011,FEMALE,ASIAN AND PACIFIC ISLANDER,ELLA,25,23
2011,FEMALE,ASIAN AND PACIFIC ISLANDER,ZOE,25,23
2011,FEMALE,ASIAN AND PACIFIC ISLANDER,WINNIE,25,23
2011,FEMALE,ASIAN AND PACIFIC ISLANDER,ALINA,25,23
2011,FEMALE,ASIAN AND PACIFIC ISLANDER,SOPHIE,25,23
2011,FEMALE,ASIAN AND PACIFIC ISLANDER,ELLA,25,23
2011,FEMALE,ASIAN AND PACIFIC ISLANDER,SOPHIE,25,23
2011,FEMALE,ASIAN AND PACIFIC ISLANDER,WINNIE,25,23
2011,FEMALE,ASIAN AND PACIFIC ISLANDER,ZOE,25,23
2011,FEMALE,ASIAN AND PACIFIC ISLANDER,ALINA,25,23
2011,FEMALE,ASIAN AND PACIFIC ISLANDER,JULIA,24,24
2011,FEMALE,ASIAN AND PACIFIC ISLANDER,SARA,24,24
2011,FEMALE,ASIAN AND PACIFIC ISLANDER,FATIMA,24,24
2011,FEMALE,ASIAN AND PACIFIC ISLANDER,ABIGAIL,24,24
2011,FEMALE,ASIAN AND PACIFIC ISLANDER,JULIA,24,24
2011,FEMALE,ASIAN AND PACIFIC ISLANDER,AMY,24,24
2011,FEMALE,ASIAN AND PACIFIC ISLANDER,SARA,24,24
2011,FEMALE,ASIAN AND PACIFIC ISLANDER,AMY,24,24
2011,FEMALE,ASIAN AND PACIFIC ISLANDER,FATIMA,24,24
2011,FEMALE,ASIAN AND PACIFIC ISLANDER,ABIGAIL,24,24
2011,FEMALE,ASIAN AND PACIFIC ISLANDER,SABRINA,23,25
2011,FEMALE,ASIAN AND PACIFIC ISLANDER,ZAINAB,23,25
2011,FEMALE,ASIAN AND PACIFIC ISLANDER,AVA,23,25
2011,FEMALE,ASIAN AND PACIFIC ISLANDER,AVA,23,25
2011,FEMALE,ASIAN AND PACIFIC ISLANDER,HANNAH,23,25
2011,FEMALE,ASIAN AND PACIFIC ISLANDER,HANNAH,23,25
2011,FEMALE,ASIAN AND PACIFIC ISLANDER,ZAINAB,23,25
2011,FEMALE,ASIAN AND PACIFIC ISLANDER,SABRINA,23,25
2011,FEMALE,ASIAN AND PACIFIC ISLANDER,EVA,22,26
2011,FEMALE,ASIAN AND PACIFIC ISLANDER,VICTORIA,22,26
2011,FEMALE,ASIAN AND PACIFIC ISLANDER,KAREN,22,26
2011,FEMALE,ASIAN AND PACIFIC ISLANDER,AMANDA,22,26
2011,FEMALE,ASIAN AND PACIFIC ISLANDER,KELLY,22,26
2011,FEMALE,ASIAN AND PACIFIC ISLANDER,KELLY,22,26
2011,FEMALE,ASIAN AND PACIFIC ISLANDER,SAMANTHA,22,26
2011,FEMALE,ASIAN AND PACIFIC ISLANDER,EVA,22,26
2011,FEMALE,ASIAN AND PACIFIC ISLANDER,JOYCE,22,26
2011,FEMALE,ASIAN AND PACIFIC ISLANDER,JOYCE,22,26
2011,FEMALE,ASIAN AND PACIFIC ISLANDER,SAMANTHA,22,26
2011,FEMALE,ASIAN AND PACIFIC ISLANDER,STEPHANIE,22,26
2011,FEMALE,ASIAN AND PACIFIC ISLANDER,KAREN,22,26
2011,FEMALE,ASIAN AND PACIFIC ISLANDER,STEPHANIE,22,26
2011,FEMALE,ASIAN AND PACIFIC ISLANDER,AMANDA,22,26
2011,FEMALE,ASIAN AND PACIFIC ISLANDER,ANGEL,22,26
2011,FEMALE,ASIAN AND PACIFIC ISLANDER,ANGEL,22,26
2011,FEMALE,ASIAN AND PACIFIC ISLANDER,KAYLA,21,27
2011,FEMALE,ASIAN AND PACIFIC ISLANDER,KATHERINE,21,27
2011,FEMALE,ASIAN AND PACIFIC ISLANDER,KATHERINE,21,27
2011,FEMALE,ASIAN AND PACIFIC ISLANDER,NINA,21,27
2011,FEMALE,ASIAN AND PACIFIC ISLANDER,NINA,21,27
2011,FEMALE,ASIAN AND PACIFIC ISLANDER,KAYLA,21,27
2011,FEMALE,ASIAN AND PACIFIC ISLANDER,CHRISTINA,20,28
2011,FEMALE,ASIAN AND PACIFIC ISLANDER,IRENE,20,28
2011,FEMALE,ASIAN AND PACIFIC ISLANDER,CHRISTINA,20,28
2011,FEMALE,ASIAN AND PACIFIC ISLANDER,KAYLEE,20,28
2011,FEMALE,ASIAN AND PACIFIC ISLANDER,ANNIE,20,28
2011,FEMALE,ASIAN AND PACIFIC ISLANDER,ANNIE,20,28
2011,FEMALE,ASIAN AND PACIFIC ISLANDER,SHARON,20,28
2011,FEMALE,ASIAN AND PACIFIC ISLANDER,NATALIE,20,28
2011,FEMALE,ASIAN AND PACIFIC ISLANDER,NATALIE,20,28
2011,FEMALE,ASIAN AND PACIFIC ISLANDER,SHARON,20,28
2011,FEMALE,ASIAN AND PACIFIC ISLANDER,KAYLEE,20,28
2011,FEMALE,ASIAN AND PACIFIC ISLANDER,IRENE,20,28
2011,FEMALE,ASIAN AND PACIFIC ISLANDER,ZAHRA,19,29
2011,FEMALE,ASIAN AND PACIFIC ISLANDER,MADISON,19,29
2011,FEMALE,ASIAN AND PACIFIC ISLANDER,SOFIA,19,29
2011,FEMALE,ASIAN AND PACIFIC ISLANDER,AUDREY,19,29
2011,FEMALE,ASIAN AND PACIFIC ISLANDER,SOFIA,19,29
2011,FEMALE,ASIAN AND PACIFIC ISLANDER,ERICA,19,29
2011,FEMALE,ASIAN AND PACIFIC ISLANDER,MADISON,19,29
2011,FEMALE,ASIAN AND PACIFIC ISLANDER,ERICA,19,29
2011,FEMALE,ASIAN AND PACIFIC ISLANDER,ZAHRA,19,29
2011,FEMALE,ASIAN AND PACIFIC ISLANDER,AUDREY,19,29
2011,FEMALE,ASIAN AND PACIFIC ISLANDER,JESSIE,18,30
2011,FEMALE,ASIAN AND PACIFIC ISLANDER,KATIE,18,30
2011,FEMALE,ASIAN AND PACIFIC ISLANDER,PHOEBE,18,30
2011,FEMALE,ASIAN AND PACIFIC ISLANDER,PHOEBE,18,30
2011,FEMALE,ASIAN AND PACIFIC ISLANDER,RACHEL,18,30
2011,FEMALE,ASIAN AND PACIFIC ISLANDER,EILEEN,18,30
2011,FEMALE,ASIAN AND PACIFIC ISLANDER,XIN,18,30
2011,FEMALE,ASIAN AND PACIFIC ISLANDER,JENNIFER,18,30
2011,FEMALE,ASIAN AND PACIFIC ISLANDER,KATIE,18,30
2011,FEMALE,ASIAN AND PACIFIC ISLANDER,XIN,18,30
2011,FEMALE,ASIAN AND PACIFIC ISLANDER,JESSIE,18,30
2011,FEMALE,ASIAN AND PACIFIC ISLANDER,EILEEN,18,30
2011,FEMALE,ASIAN AND PACIFIC ISLANDER,JENNIFER,18,30
2011,FEMALE,ASIAN AND PACIFIC ISLANDER,RACHEL,18,30
2011,FEMALE,ASIAN AND PACIFIC ISLANDER,SERENA,17,31
2011,FEMALE,ASIAN AND PACIFIC ISLANDER,SERENA,17,31
2011,FEMALE,ASIAN AND PACIFIC ISLANDER,MILA,17,31
2011,FEMALE,ASIAN AND PACIFIC ISLANDER,MILA,17,31
2011,FEMALE,ASIAN AND PACIFIC ISLANDER,AYESHA,17,31
2011,FEMALE,ASIAN AND PACIFIC ISLANDER,AYESHA,17,31
2011,FEMALE,ASIAN AND PACIFIC ISLANDER,ALLISON,17,31
2011,FEMALE,ASIAN AND PACIFIC ISLANDER,ALLISON,17,31
2011,FEMALE,ASIAN AND PACIFIC ISLANDER,MARYAM,17,31
2011,FEMALE,ASIAN AND PACIFIC ISLANDER,EVELYN,17,31
2011,FEMALE,ASIAN AND PACIFIC ISLANDER,EVELYN,17,31
2011,FEMALE,ASIAN AND PACIFIC ISLANDER,MARYAM,17,31
2011,FEMALE,ASIAN AND PACIFIC ISLANDER,WENDY,16,32
2011,FEMALE,ASIAN AND PACIFIC ISLANDER,BELLA,16,32
2011,FEMALE,ASIAN AND PACIFIC ISLANDER,WENDY,16,32
2011,FEMALE,ASIAN AND PACIFIC ISLANDER,SYEDA,16,32
2011,FEMALE,ASIAN AND PACIFIC ISLANDER,SYEDA,16,32
2011,FEMALE,ASIAN AND PACIFIC ISLANDER,BELLA,16,32
2011,FEMALE,ASIAN AND PACIFIC ISLANDER,LILLIAN,16,32
2011,FEMALE,ASIAN AND PACIFIC ISLANDER,LEAH,16,32
2011,FEMALE,ASIAN AND PACIFIC ISLANDER,HAILEY,16,32
2011,FEMALE,ASIAN AND PACIFIC ISLANDER,HAILEY,16,32
2011,FEMALE,ASIAN AND PACIFIC ISLANDER,LEAH,16,32
2011,FEMALE,ASIAN AND PACIFIC ISLANDER,LILLIAN,16,32
2011,FEMALE,ASIAN AND PACIFIC ISLANDER,JOCELYN,15,33
2011,FEMALE,ASIAN AND PACIFIC ISLANDER,ARIANA,15,33
2011,FEMALE,ASIAN AND PACIFIC ISLANDER,ELIZABETH,15,33
2011,FEMALE,ASIAN AND PACIFIC ISLANDER,LILY,15,33
2011,FEMALE,ASIAN AND PACIFIC ISLANDER,VANESSA,15,33
2011,FEMALE,ASIAN AND PACIFIC ISLANDER,JOCELYN,15,33
2011,FEMALE,ASIAN AND PACIFIC ISLANDER,QUEENIE,15,33
2011,FEMALE,ASIAN AND PACIFIC ISLANDER,QUEENIE,15,33
2011,FEMALE,ASIAN AND PACIFIC ISLANDER,ELIZABETH,15,33
2011,FEMALE,ASIAN AND PACIFIC ISLANDER,ARIANA,15,33
2011,FEMALE,ASIAN AND PACIFIC ISLANDER,VANESSA,15,33
2011,FEMALE,ASIAN AND PACIFIC ISLANDER,LILY,15,33
2011,FEMALE,ASIAN AND PACIFIC ISLANDER,CHARLOTTE,14,34
2011,FEMALE,ASIAN AND PACIFIC ISLANDER,ZARA,14,34
2011,FEMALE,ASIAN AND PACIFIC ISLANDER,AMELIA,14,34
2011,FEMALE,ASIAN AND PACIFIC ISLANDER,ANIKA,14,34
2011,FEMALE,ASIAN AND PACIFIC ISLANDER,CINDY,14,34
2011,FEMALE,ASIAN AND PACIFIC ISLANDER,CYNTHIA,14,34
2011,FEMALE,ASIAN AND PACIFIC ISLANDER,JANICE,14,34
2011,FEMALE,ASIAN AND PACIFIC ISLANDER,JOY,14,34
2011,FEMALE,ASIAN AND PACIFIC ISLANDER,KATELYN,14,34
2011,FEMALE,ASIAN AND PACIFIC ISLANDER,TINA,14,34
2011,FEMALE,ASIAN AND PACIFIC ISLANDER,ZARA,14,34
2011,FEMALE,ASIAN AND PACIFIC ISLANDER,AMELIA,14,34
2011,FEMALE,ASIAN AND PACIFIC ISLANDER,ANIKA,14,34
2011,FEMALE,ASIAN AND PACIFIC ISLANDER,CHARLOTTE,14,34
2011,FEMALE,ASIAN AND PACIFIC ISLANDER,CINDY,14,34
2011,FEMALE,ASIAN AND PACIFIC ISLANDER,CYNTHIA,14,34
2011,FEMALE,ASIAN AND PACIFIC ISLANDER,JANICE,14,34
2011,FEMALE,ASIAN AND PACIFIC ISLANDER,JOY,14,34
2011,FEMALE,ASIAN AND PACIFIC ISLANDER,KATELYN,14,34
2011,FEMALE,ASIAN AND PACIFIC ISLANDER,TINA,14,34
2011,FEMALE,ASIAN AND PACIFIC ISLANDER,ADA,13,35
2011,FEMALE,ASIAN AND PACIFIC ISLANDER,YU,13,35
2011,FEMALE,ASIAN AND PACIFIC ISLANDER,ALEXANDRA,13,35
2011,FEMALE,ASIAN AND PACIFIC ISLANDER,ERIN,13,35
2011,FEMALE,ASIAN AND PACIFIC ISLANDER,BRIANNA,13,35
2011,FEMALE,ASIAN AND PACIFIC ISLANDER,MELODY,13,35
2011,FEMALE,ASIAN AND PACIFIC ISLANDER,SELENA,13,35
2011,FEMALE,ASIAN AND PACIFIC ISLANDER,REBECCA,13,35
2011,FEMALE,ASIAN AND PACIFIC ISLANDER,SELENA,13,35
2011,FEMALE,ASIAN AND PACIFIC ISLANDER,BRIANNA,13,35
2011,FEMALE,ASIAN AND PACIFIC ISLANDER,JANNAT,13,35
2011,FEMALE,ASIAN AND PACIFIC ISLANDER,MELODY,13,35
2011,FEMALE,ASIAN AND PACIFIC ISLANDER,ADA,13,35
2011,FEMALE,ASIAN AND PACIFIC ISLANDER,LAUREN,13,35
2011,FEMALE,ASIAN AND PACIFIC ISLANDER,GIANNA,13,35
2011,FEMALE,ASIAN AND PACIFIC ISLANDER,JANNAT,13,35
2011,FEMALE,ASIAN AND PACIFIC ISLANDER,YU,13,35
2011,FEMALE,ASIAN AND PACIFIC ISLANDER,REBECCA,13,35
2011,FEMALE,ASIAN AND PACIFIC ISLANDER,GIANNA,13,35
2011,FEMALE,ASIAN AND PACIFIC ISLANDER,AMBER,13,35
2011,FEMALE,ASIAN AND PACIFIC ISLANDER,AMBER,13,35
2011,FEMALE,ASIAN AND PACIFIC ISLANDER,ALEXANDRA,13,35
2011,FEMALE,ASIAN AND PACIFIC ISLANDER,KHLOE,13,35
2011,FEMALE,ASIAN AND PACIFIC ISLANDER,ERIN,13,35
2011,FEMALE,ASIAN AND PACIFIC ISLANDER,LAUREN,13,35
2011,FEMALE,ASIAN AND PACIFIC ISLANDER,AISHA,13,35
2011,FEMALE,ASIAN AND PACIFIC ISLANDER,AISHA,13,35
2011,FEMALE,ASIAN AND PACIFIC ISLANDER,ELENA,12,36
2011,FEMALE,ASIAN AND PACIFIC ISLANDER,ALEENA,12,36
2011,FEMALE,ASIAN AND PACIFIC ISLANDER,ERIKA,12,36
2011,FEMALE,ASIAN AND PACIFIC ISLANDER,ELENA,12,36
2011,FEMALE,ASIAN AND PACIFIC ISLANDER,DIYA,12,36
2011,FEMALE,ASIAN AND PACIFIC ISLANDER,JIA,12,36
2011,FEMALE,ASIAN AND PACIFIC ISLANDER,CHRISTY,12,36
2011,FEMALE,ASIAN AND PACIFIC ISLANDER,CECILIA,12,36
2011,FEMALE,ASIAN AND PACIFIC ISLANDER,ARYA,12,36
2011,FEMALE,ASIAN AND PACIFIC ISLANDER,ARIA,12,36
2011,FEMALE,ASIAN AND PACIFIC ISLANDER,ALIYAH,12,36
2011,FEMALE,ASIAN AND PACIFIC ISLANDER,ALEENA,12,36
2011,FEMALE,ASIAN AND PACIFIC ISLANDER,MANDY,12,36
2011,FEMALE,ASIAN AND PACIFIC ISLANDER,SHIRLEY,12,36
2011,FEMALE,ASIAN AND PACIFIC ISLANDER,MINA,12,36
2011,FEMALE,ASIAN AND PACIFIC ISLANDER,MINA,12,36
2011,FEMALE,ASIAN AND PACIFIC ISLANDER,MANDY,12,36
2011,FEMALE,ASIAN AND PACIFIC ISLANDER,JIA,12,36
2011,FEMALE,ASIAN AND PACIFIC ISLANDER,ISABEL,12,36
2011,FEMALE,ASIAN AND PACIFIC ISLANDER,ERIKA,12,36
2011,FEMALE,ASIAN AND PACIFIC ISLANDER,SHIRLEY,12,36
2011,FEMALE,ASIAN AND PACIFIC ISLANDER,DIYA,12,36
2011,FEMALE,ASIAN AND PACIFIC ISLANDER,CHRISTY,12,36
2011,FEMALE,ASIAN AND PACIFIC ISLANDER,CECILIA,12,36
2011,FEMALE,ASIAN AND PACIFIC ISLANDER,ARYA,12,36
2011,FEMALE,ASIAN AND PACIFIC ISLANDER,ARIA,12,36
2011,FEMALE,ASIAN AND PACIFIC ISLANDER,ALIYAH,12,36
2011,FEMALE,ASIAN AND PACIFIC ISLANDER,ISABEL,12,36
2011,FEMALE,ASIAN AND PACIFIC ISLANDER,ELINA,11,37
2011,FEMALE,ASIAN AND PACIFIC ISLANDER,KYLIE,11,37
2011,FEMALE,ASIAN AND PACIFIC ISLANDER,CHRISTINE,11,37
2011,FEMALE,ASIAN AND PACIFIC ISLANDER,STELLA,11,37
2011,FEMALE,ASIAN AND PACIFIC ISLANDER,DAISY,11,37
2011,FEMALE,ASIAN AND PACIFIC ISLANDER,ESHAL,11,37
2011,FEMALE,ASIAN AND PACIFIC ISLANDER,CHRISTINE,11,37
2011,FEMALE,ASIAN AND PACIFIC ISLANDER,DAISY,11,37
2011,FEMALE,ASIAN AND PACIFIC ISLANDER,ARIANNA,11,37
2011,FEMALE,ASIAN AND PACIFIC ISLANDER,KAITLYN,11,37
2011,FEMALE,ASIAN AND PACIFIC ISLANDER,RAINA,11,37
2011,FEMALE,ASIAN AND PACIFIC ISLANDER,KAITLYN,11,37
2011,FEMALE,ASIAN AND PACIFIC ISLANDER,ISABELLE,11,37
2011,FEMALE,ASIAN AND PACIFIC ISLANDER,ELINA,11,37
2011,FEMALE,ASIAN AND PACIFIC ISLANDER,KYLIE,11,37
2011,FEMALE,ASIAN AND PACIFIC ISLANDER,RAINA,11,37
2011,FEMALE,ASIAN AND PACIFIC ISLANDER,ESHAL,11,37
2011,FEMALE,ASIAN AND PACIFIC ISLANDER,STELLA,11,37
2011,FEMALE,ASIAN AND PACIFIC ISLANDER,ARIANNA,11,37
2011,FEMALE,ASIAN AND PACIFIC ISLANDER,ISABELLE,11,37
2011,FEMALE,ASIAN AND PACIFIC ISLANDER,ALEXA,10,38
2011,FEMALE,ASIAN AND PACIFIC ISLANDER,TANISHA,10,38
2011,FEMALE,ASIAN AND PACIFIC ISLANDER,RENEE,10,38
2011,FEMALE,ASIAN AND PACIFIC ISLANDER,MEGAN,10,38
2011,FEMALE,ASIAN AND PACIFIC ISLANDER,MAGGIE,10,38
2011,FEMALE,ASIAN AND PACIFIC ISLANDER,LEELA,10,38
2011,FEMALE,ASIAN AND PACIFIC ISLANDER,KATE,10,38
2011,FEMALE,ASIAN AND PACIFIC ISLANDER,HELEN,10,38
2011,FEMALE,ASIAN AND PACIFIC ISLANDER,BONNIE,10,38
2011,FEMALE,ASIAN AND PACIFIC ISLANDER,ANNABELLE,10,38
2011,FEMALE,ASIAN AND PACIFIC ISLANDER,ANGIE,10,38
2011,FEMALE,ASIAN AND PACIFIC ISLANDER,ALISHA,10,38
2011,FEMALE,ASIAN AND PACIFIC ISLANDER,ALEXA,10,38
2011,FEMALE,ASIAN AND PACIFIC ISLANDER,AIZA,10,38
2011,FEMALE,ASIAN AND PACIFIC ISLANDER,TANISHA,10,38
2011,FEMALE,ASIAN AND PACIFIC ISLANDER,RENEE,10,38
2011,FEMALE,ASIAN AND PACIFIC ISLANDER,MEGAN,10,38
2011,FEMALE,ASIAN AND PACIFIC ISLANDER,MAGGIE,10,38
2011,FEMALE,ASIAN AND PACIFIC ISLANDER,LEELA,10,38
2011,FEMALE,ASIAN AND PACIFIC ISLANDER,KATE,10,38
2011,FEMALE,ASIAN AND PACIFIC ISLANDER,HELEN,10,38
2011,FEMALE,ASIAN AND PACIFIC ISLANDER,BONNIE,10,38
2011,FEMALE,ASIAN AND PACIFIC ISLANDER,ANNABELLE,10,38
2011,FEMALE,ASIAN AND PACIFIC ISLANDER,ANGIE,10,38
2011,FEMALE,ASIAN AND PACIFIC ISLANDER,ALISHA,10,38
2011,FEMALE,ASIAN AND PACIFIC ISLANDER,AIZA,10,38
2011,FEMALE,BLACK NON HISPANIC,MADISON,176,1
2011,FEMALE,BLACK NON HISPANIC,MADISON,176,1
2011,FEMALE,BLACK NON HISPANIC,LONDON,92,2
2011,FEMALE,BLACK NON HISPANIC,LONDON,92,2
2011,FEMALE,BLACK NON HISPANIC,KAYLA,78,3
2011,FEMALE,BLACK NON HISPANIC,KAYLA,78,3
2011,FEMALE,BLACK NON HISPANIC,CHLOE,72,4
2011,FEMALE,BLACK NON HISPANIC,CHLOE,72,4
2011,FEMALE,BLACK NON HISPANIC,AALIYAH,69,5
2011,FEMALE,BLACK NON HISPANIC,AALIYAH,69,5
2011,FEMALE,BLACK NON HISPANIC,MAKAYLA,67,6
2011,FEMALE,BLACK NON HISPANIC,MAKAYLA,67,6
2011,FEMALE,BLACK NON HISPANIC,NEVAEH,60,7
2011,FEMALE,BLACK NON HISPANIC,NEVAEH,60,7
2011,FEMALE,BLACK NON HISPANIC,GABRIELLE,55,8
2011,FEMALE,BLACK NON HISPANIC,GABRIELLE,55,8
2011,FEMALE,BLACK NON HISPANIC,TAYLOR,53,9
2011,FEMALE,BLACK NON HISPANIC,TAYLOR,53,9
2011,FEMALE,BLACK NON HISPANIC,SERENITY,52,10
2011,FEMALE,BLACK NON HISPANIC,SERENITY,52,10
2011,FEMALE,BLACK NON HISPANIC,OLIVIA,52,10
2011,FEMALE,BLACK NON HISPANIC,JADA,52,10
2011,FEMALE,BLACK NON HISPANIC,OLIVIA,52,10
2011,FEMALE,BLACK NON HISPANIC,JADA,52,10
2011,FEMALE,BLACK NON HISPANIC,FATOUMATA,51,11
2011,FEMALE,BLACK NON HISPANIC,FATOUMATA,51,11
2011,FEMALE,BLACK NON HISPANIC,ABIGAIL,51,11
2011,FEMALE,BLACK NON HISPANIC,ABIGAIL,51,11
2011,FEMALE,BLACK NON HISPANIC,FAITH,46,12
2011,FEMALE,BLACK NON HISPANIC,FAITH,46,12
2011,FEMALE,BLACK NON HISPANIC,NYLA,43,13
2011,FEMALE,BLACK NON HISPANIC,ZOE,43,13
2011,FEMALE,BLACK NON HISPANIC,ZOE,43,13
2011,FEMALE,BLACK NON HISPANIC,NYLA,43,13
2011,FEMALE,BLACK NON HISPANIC,SAVANNAH,42,14
2011,FEMALE,BLACK NON HISPANIC,SAVANNAH,42,14
2011,FEMALE,BLACK NON HISPANIC,KHLOE,42,14
2011,FEMALE,BLACK NON HISPANIC,NYLAH,42,14
2011,FEMALE,BLACK NON HISPANIC,NYLAH,42,14
2011,FEMALE,BLACK NON HISPANIC,KHLOE,42,14
2011,FEMALE,BLACK NON HISPANIC,SARAH,40,15
2011,FEMALE,BLACK NON HISPANIC,SARAH,40,15
2011,FEMALE,BLACK NON HISPANIC,AVA,40,15
2011,FEMALE,BLACK NON HISPANIC,AVA,40,15
2011,FEMALE,BLACK NON HISPANIC,LAILA,39,16
2011,FEMALE,BLACK NON HISPANIC,LAILA,39,16
2011,FEMALE,BLACK NON HISPANIC,LEAH,39,16
2011,FEMALE,BLACK NON HISPANIC,LEAH,39,16
2011,FEMALE,BLACK NON HISPANIC,ARIANNA,38,17
2011,FEMALE,BLACK NON HISPANIC,BRIANNA,38,17
2011,FEMALE,BLACK NON HISPANIC,NIA,38,17
2011,FEMALE,BLACK NON HISPANIC,NIA,38,17
2011,FEMALE,BLACK NON HISPANIC,JAYLA,38,17
2011,FEMALE,BLACK NON HISPANIC,BRIANNA,38,17
2011,FEMALE,BLACK NON HISPANIC,JAYLA,38,17
2011,FEMALE,BLACK NON HISPANIC,ARIANNA,38,17
2011,FEMALE,BLACK NON HISPANIC,CHELSEA,37,18
2011,FEMALE,BLACK NON HISPANIC,CHELSEA,37,18
2011,FEMALE,BLACK NON HISPANIC,VICTORIA,36,19
2011,FEMALE,BLACK NON HISPANIC,MIA,36,19
2011,FEMALE,BLACK NON HISPANIC,MIA,36,19
2011,FEMALE,BLACK NON HISPANIC,VICTORIA,36,19
2011,FEMALE,BLACK NON HISPANIC,BRIELLE,35,20
2011,FEMALE,BLACK NON HISPANIC,ISABELLA,35,20
2011,FEMALE,BLACK NON HISPANIC,ISABELLA,35,20
2011,FEMALE,BLACK NON HISPANIC,BRIELLE,35,20
2011,FEMALE,BLACK NON HISPANIC,ANIYAH,35,20
2011,FEMALE,BLACK NON HISPANIC,ALYSSA,35,20
2011,FEMALE,BLACK NON HISPANIC,ANIYAH,35,20
2011,FEMALE,BLACK NON HISPANIC,ALYSSA,35,20
2011,FEMALE,BLACK NON HISPANIC,DESTINY,35,20
2011,FEMALE,BLACK NON HISPANIC,DESTINY,35,20
2011,FEMALE,BLACK NON HISPANIC,NAOMI,34,21
2011,FEMALE,BLACK NON HISPANIC,NAOMI,34,21
2011,FEMALE,BLACK NON HISPANIC,PAIGE,33,22
2011,FEMALE,BLACK NON HISPANIC,PAIGE,33,22
2011,FEMALE,BLACK NON HISPANIC,HEAVEN,32,23
2011,FEMALE,BLACK NON HISPANIC,JASMINE,32,23
2011,FEMALE,BLACK NON HISPANIC,MARIAM,32,23
2011,FEMALE,BLACK NON HISPANIC,JASMINE,32,23
2011,FEMALE,BLACK NON HISPANIC,ARIEL,32,23
2011,FEMALE,BLACK NON HISPANIC,ARIEL,32,23
2011,FEMALE,BLACK NON HISPANIC,HEAVEN,32,23
2011,FEMALE,BLACK NON HISPANIC,AMAYA,32,23
2011,FEMALE,BLACK NON HISPANIC,MYA,32,23
2011,FEMALE,BLACK NON HISPANIC,MARIAM,32,23
2011,FEMALE,BLACK NON HISPANIC,MYA,32,23
2011,FEMALE,BLACK NON HISPANIC,AMAYA,32,23
2011,FEMALE,BLACK NON HISPANIC,PARIS,32,23
2011,FEMALE,BLACK NON HISPANIC,PARIS,32,23
2011,FEMALE,BLACK NON HISPANIC,MORGAN,31,24
2011,FEMALE,BLACK NON HISPANIC,HAILEY,31,24
2011,FEMALE,BLACK NON HISPANIC,HAILEY,31,24
2011,FEMALE,BLACK NON HISPANIC,MORGAN,31,24
2011,FEMALE,BLACK NON HISPANIC,SOPHIA,30,25
2011,FEMALE,BLACK NON HISPANIC,LAYLA,30,25
2011,FEMALE,BLACK NON HISPANIC,EMILY,30,25
2011,FEMALE,BLACK NON HISPANIC,EMILY,30,25
2011,FEMALE,BLACK NON HISPANIC,LAYLA,30,25
2011,FEMALE,BLACK NON HISPANIC,SOPHIA,30,25
2011,FEMALE,BLACK NON HISPANIC,ZOEY,29,26
2011,FEMALE,BLACK NON HISPANIC,ZOEY,29,26
2011,FEMALE,BLACK NON HISPANIC,TRINITY,28,27
2011,FEMALE,BLACK NON HISPANIC,IMANI,28,27
2011,FEMALE,BLACK NON HISPANIC,MILAN,28,27
2011,FEMALE,BLACK NON HISPANIC,IMANI,28,27
2011,FEMALE,BLACK NON HISPANIC,MILAN,28,27
2011,FEMALE,BLACK NON HISPANIC,TRINITY,28,27
2011,FEMALE,BLACK NON HISPANIC,LAUREN,27,28
2011,FEMALE,BLACK NON HISPANIC,SAMANTHA,27,28
2011,FEMALE,BLACK NON HISPANIC,SAMANTHA,27,28
2011,FEMALE,BLACK NON HISPANIC,LAUREN,27,28
2011,FEMALE,BLACK NON HISPANIC,SANAA,26,29
2011,FEMALE,BLACK NON HISPANIC,AUTUMN,26,29
2011,FEMALE,BLACK NON HISPANIC,SANAA,26,29
2011,FEMALE,BLACK NON HISPANIC,AUTUMN,26,29
2011,FEMALE,BLACK NON HISPANIC,LONDYN,25,30
2011,FEMALE,BLACK NON HISPANIC,MAYA,25,30
2011,FEMALE,BLACK NON HISPANIC,MCKENZIE,25,30
2011,FEMALE,BLACK NON HISPANIC,LONDYN,25,30
2011,FEMALE,BLACK NON HISPANIC,AMINATA,25,30
2011,FEMALE,BLACK NON HISPANIC,AMINATA,25,30
2011,FEMALE,BLACK NON HISPANIC,KAYLEE,25,30
2011,FEMALE,BLACK NON HISPANIC,KAYLEE,25,30
2011,FEMALE,BLACK NON HISPANIC,MCKENZIE,25,30
2011,FEMALE,BLACK NON HISPANIC,MAYA,25,30
2011,FEMALE,BLACK NON HISPANIC,HANNAH,24,31
2011,FEMALE,BLACK NON HISPANIC,FATIMA,24,31
2011,FEMALE,BLACK NON HISPANIC,GABRIELLA,24,31
2011,FEMALE,BLACK NON HISPANIC,SYDNEY,24,31
2011,FEMALE,BLACK NON HISPANIC,SYDNEY,24,31
2011,FEMALE,BLACK NON HISPANIC,FATIMA,24,31
2011,FEMALE,BLACK NON HISPANIC,GABRIELLA,24,31
2011,FEMALE,BLACK NON HISPANIC,KIMORA,23,32
2011,FEMALE,BLACK NON HISPANIC,KIMORA,23,32
2011,FEMALE,BLACK NON HISPANIC,ALIYAH,23,32
2011,FEMALE,BLACK NON HISPANIC,ALIYAH,23,32
2011,FEMALE,BLACK NON HISPANIC,MARIAMA,22,33
2011,FEMALE,BLACK NON HISPANIC,ELIZABETH,22,33
2011,FEMALE,BLACK NON HISPANIC,AMIRAH,22,33
2011,FEMALE,BLACK NON HISPANIC,MARIAMA,22,33
2011,FEMALE,BLACK NON HISPANIC,AMIRAH,22,33
2011,FEMALE,BLACK NON HISPANIC,MIKAYLA,21,34
2011,FEMALE,BLACK NON HISPANIC,KAITLYN,21,34
2011,FEMALE,BLACK NON HISPANIC,KAITLYN,21,34
2011,FEMALE,BLACK NON HISPANIC,MARIAH,21,34
2011,FEMALE,BLACK NON HISPANIC,MARIAH,21,34
2011,FEMALE,BLACK NON HISPANIC,MIKAYLA,21,34
2011,FEMALE,BLACK NON HISPANIC,SANAI,21,34
2011,FEMALE,BLACK NON HISPANIC,SANAI,21,34
2011,FEMALE,BLACK NON HISPANIC,HARMONY,20,35
2011,FEMALE,BLACK NON HISPANIC,SKYLAR,20,35
2011,FEMALE,BLACK NON HISPANIC,DANIELLE,20,35
2011,FEMALE,BLACK NON HISPANIC,ARIELLE,20,35
2011,FEMALE,BLACK NON HISPANIC,AMIYAH,20,35
2011,FEMALE,BLACK NON HISPANIC,AMIYAH,20,35
2011,FEMALE,BLACK NON HISPANIC,HARMONY,20,35
2011,FEMALE,BLACK NON HISPANIC,PEYTON,20,35
2011,FEMALE,BLACK NON HISPANIC,PEYTON,20,35
2011,FEMALE,BLACK NON HISPANIC,SKYLAR,20,35
2011,FEMALE,BLACK NON HISPANIC,ARIELLE,20,35
2011,FEMALE,BLACK NON HISPANIC,DANIELLE,20,35
2011,FEMALE,BLACK NON HISPANIC,KYLIE,19,36
2011,FEMALE,BLACK NON HISPANIC,AMELIA,19,36
2011,FEMALE,BLACK NON HISPANIC,TIANA,19,36
2011,FEMALE,BLACK NON HISPANIC,ANIYA,19,36
2011,FEMALE,BLACK NON HISPANIC,SKYLA,19,36
2011,FEMALE,BLACK NON HISPANIC,SKYLA,19,36
2011,FEMALE,BLACK NON HISPANIC,KYLIE,19,36
2011,FEMALE,BLACK NON HISPANIC,TIANA,19,36
2011,FEMALE,BLACK NON HISPANIC,ANIYA,19,36
2011,FEMALE,BLACK NON HISPANIC,AMELIA,19,36
2011,FEMALE,BLACK NON HISPANIC,SAMIYAH,18,37
2011,FEMALE,BLACK NON HISPANIC,SAMIYAH,18,37
2011,FEMALE,BLACK NON HISPANIC,MELANIE,18,37
2011,FEMALE,BLACK NON HISPANIC,JADE,18,37
2011,FEMALE,BLACK NON HISPANIC,AMBER,18,37
2011,FEMALE,BLACK NON HISPANIC,ALANA,18,37
2011,FEMALE,BLACK NON HISPANIC,ALANA,18,37
2011,FEMALE,BLACK NON HISPANIC,AMBER,18,37
2011,FEMALE,BLACK NON HISPANIC,JADE,18,37
2011,FEMALE,BLACK NON HISPANIC,MELANIE,18,37
2011,FEMALE,BLACK NON HISPANIC,AMANDA,17,38
2011,FEMALE,BLACK NON HISPANIC,SARIAH,17,38
2011,FEMALE,BLACK NON HISPANIC,TAMIA,17,38
2011,FEMALE,BLACK NON HISPANIC,CHRISTINA,17,38
2011,FEMALE,BLACK NON HISPANIC,MALIA,17,38
2011,FEMALE,BLACK NON HISPANIC,CHRISTINA,17,38
2011,FEMALE,BLACK NON HISPANIC,TAMIA,17,38
2011,FEMALE,BLACK NON HISPANIC,AMANDA,17,38
2011,FEMALE,BLACK NON HISPANIC,MALIA,17,38
2011,FEMALE,BLACK NON HISPANIC,SARIAH,17,38
2011,FEMALE,BLACK NON HISPANIC,TORI,16,39
2011,FEMALE,BLACK NON HISPANIC,ANGEL,16,39
2011,FEMALE,BLACK NON HISPANIC,ASHLEY,16,39
2011,FEMALE,BLACK NON HISPANIC,AUBREY,16,39
2011,FEMALE,BLACK NON HISPANIC,JAYDA,16,39
2011,FEMALE,BLACK NON HISPANIC,AUBREY,16,39
2011,FEMALE,BLACK NON HISPANIC,TORI,16,39
2011,FEMALE,BLACK NON HISPANIC,JORDYN,16,39
2011,FEMALE,BLACK NON HISPANIC,PRINCESS,16,39
2011,FEMALE,BLACK NON HISPANIC,SADE,16,39
2011,FEMALE,BLACK NON HISPANIC,PRINCESS,16,39
2011,FEMALE,BLACK NON HISPANIC,JORDYN,16,39
2011,FEMALE,BLACK NON HISPANIC,JAYDA,16,39
2011,FEMALE,BLACK NON HISPANIC,SADE,16,39
2011,FEMALE,BLACK NON HISPANIC,NADIA,16,39
2011,FEMALE,BLACK NON HISPANIC,ANGEL,16,39
2011,FEMALE,BLACK NON HISPANIC,NADIA,16,39
2011,FEMALE,BLACK NON HISPANIC,ASHLEY,16,39
2011,FEMALE,BLACK NON HISPANIC,RILEY,15,40
2011,FEMALE,BLACK NON HISPANIC,SUMMER,15,40
2011,FEMALE,BLACK NON HISPANIC,FANTA,15,40
2011,FEMALE,BLACK NON HISPANIC,SUMMER,15,40
2011,FEMALE,BLACK NON HISPANIC,AMIRA,15,40
2011,FEMALE,BLACK NON HISPANIC,RILEY,15,40
2011,FEMALE,BLACK NON HISPANIC,GRACE,15,40
2011,FEMALE,BLACK NON HISPANIC,EMMA,15,40
2011,FEMALE,BLACK NON HISPANIC,FANTA,15,40
2011,FEMALE,BLACK NON HISPANIC,HAWA,15,40
2011,FEMALE,BLACK NON HISPANIC,HAWA,15,40
2011,FEMALE,BLACK NON HISPANIC,AMANI,15,40
2011,FEMALE,BLACK NON HISPANIC,DAKOTA,15,40
2011,FEMALE,BLACK NON HISPANIC,SKYE,15,40
2011,FEMALE,BLACK NON HISPANIC,SARAI,15,40
2011,FEMALE,BLACK NON HISPANIC,AMIRA,15,40
2011,FEMALE,BLACK NON HISPANIC,SHILOH,15,40
2011,FEMALE,BLACK NON HISPANIC,GRACE,15,40
2011,FEMALE,BLACK NON HISPANIC,EGYPT,15,40
2011,FEMALE,BLACK NON HISPANIC,DAKOTA,15,40
2011,FEMALE,BLACK NON HISPANIC,SKYE,15,40
2011,FEMALE,BLACK NON HISPANIC,SARAI,15,40
2011,FEMALE,BLACK NON HISPANIC,AMANI,15,40
2011,FEMALE,BLACK NON HISPANIC,EGYPT,15,40
2011,FEMALE,BLACK NON HISPANIC,GENESIS,15,40
2011,FEMALE,BLACK NON HISPANIC,EMMA,15,40
2011,FEMALE,BLACK NON HISPANIC,GENESIS,15,40
2011,FEMALE,BLACK NON HISPANIC,SHILOH,15,40
2011,FEMALE,BLACK NON HISPANIC,SHANIA,14,41
2011,FEMALE,BLACK NON HISPANIC,AICHA,14,41
2011,FEMALE,BLACK NON HISPANIC,KALIYAH,14,41
2011,FEMALE,BLACK NON HISPANIC,MALIYAH,14,41
2011,FEMALE,BLACK NON HISPANIC,SASHA,14,41
2011,FEMALE,BLACK NON HISPANIC,MALIYAH,14,41
2011,FEMALE,BLACK NON HISPANIC,AMINA,14,41
2011,FEMALE,BLACK NON HISPANIC,ZARIAH,14,41
2011,FEMALE,BLACK NON HISPANIC,SASHA,14,41
2011,FEMALE,BLACK NON HISPANIC,AMINA,14,41
2011,FEMALE,BLACK NON HISPANIC,AICHA,14,41
2011,FEMALE,BLACK NON HISPANIC,KALIYAH,14,41
2011,FEMALE,BLACK NON HISPANIC,SHANIA,14,41
2011,FEMALE,BLACK NON HISPANIC,ZARIAH,14,41
2011,FEMALE,BLACK NON HISPANIC,ZARIA,13,42
2011,FEMALE,BLACK NON HISPANIC,ARIANA,13,42
2011,FEMALE,BLACK NON HISPANIC,ARIA,13,42
2011,FEMALE,BLACK NON HISPANIC,ZARIA,13,42
2011,FEMALE,BLACK NON HISPANIC,ADDISON,13,42
2011,FEMALE,BLACK NON HISPANIC,AISSATOU,13,42
2011,FEMALE,BLACK NON HISPANIC,ALEXIS,13,42
2011,FEMALE,BLACK NON HISPANIC,KIARA,13,42
2011,FEMALE,BLACK NON HISPANIC,SANIYAH,13,42
2011,FEMALE,BLACK NON HISPANIC,SANIYA,13,42
2011,FEMALE,BLACK NON HISPANIC,KENNEDY,13,42
2011,FEMALE,BLACK NON HISPANIC,TIANNA,13,42
2011,FEMALE,BLACK NON HISPANIC,SYMPHONY,13,42
2011,FEMALE,BLACK NON HISPANIC,JANIYA,13,42
2011,FEMALE,BLACK NON HISPANIC,NAHLA,13,42
2011,FEMALE,BLACK NON HISPANIC,SYMPHONY,13,42
2011,FEMALE,BLACK NON HISPANIC,MICHELLE,13,42
2011,FEMALE,BLACK NON HISPANIC,NAHLA,13,42
2011,FEMALE,BLACK NON HISPANIC,TIANNA,13,42
2011,FEMALE,BLACK NON HISPANIC,LYRIC,13,42
2011,FEMALE,BLACK NON HISPANIC,LEILANI,13,42
2011,FEMALE,BLACK NON HISPANIC,KIARA,13,42
2011,FEMALE,BLACK NON HISPANIC,KENNEDY,13,42
2011,FEMALE,BLACK NON HISPANIC,MICHELLE,13,42
2011,FEMALE,BLACK NON HISPANIC,SANIYA,13,42
2011,FEMALE,BLACK NON HISPANIC,JANIYA,13,42
2011,FEMALE,BLACK NON HISPANIC,ARIANA,13,42
2011,FEMALE,BLACK NON HISPANIC,ARIA,13,42
2011,FEMALE,BLACK NON HISPANIC,LYRIC,13,42
2011,FEMALE,BLACK NON HISPANIC,LEILANI,13,42
2011,FEMALE,BLACK NON HISPANIC,ALEXIS,13,42
2011,FEMALE,BLACK NON HISPANIC,AISSATOU,13,42
2011,FEMALE,BLACK NON HISPANIC,ADDISON,13,42
2011,FEMALE,BLACK NON HISPANIC,SANIYAH,13,42
2011,FEMALE,BLACK NON HISPANIC,NATALIA,12,43
2011,FEMALE,BLACK NON HISPANIC,FATOU,12,43
2011,FEMALE,BLACK NON HISPANIC,TARAJI,12,43
2011,FEMALE,BLACK NON HISPANIC,REBECCA,12,43
2011,FEMALE,BLACK NON HISPANIC,KENDRA,12,43
2011,FEMALE,BLACK NON HISPANIC,NATALIA,12,43
2011,FEMALE,BLACK NON HISPANIC,KYLA,12,43
2011,FEMALE,BLACK NON HISPANIC,JANIYAH,12,43
2011,FEMALE,BLACK NON HISPANIC,FATOU,12,43
2011,FEMALE,BLACK NON HISPANIC,TARAJI,12,43
2011,FEMALE,BLACK NON HISPANIC,CAMILLE,12,43
2011,FEMALE,BLACK NON HISPANIC,CAMILLE,12,43
2011,FEMALE,BLACK NON HISPANIC,ANAYA,12,43
2011,FEMALE,BLACK NON HISPANIC,KENDRA,12,43
2011,FEMALE,BLACK NON HISPANIC,ANAYA,12,43
2011,FEMALE,BLACK NON HISPANIC,KYLA,12,43
2011,FEMALE,BLACK NON HISPANIC,BROOKE,12,43
2011,FEMALE,BLACK NON HISPANIC,JANIYAH,12,43
2011,FEMALE,BLACK NON HISPANIC,BROOKE,12,43
2011,FEMALE,BLACK NON HISPANIC,REBECCA,12,43
2011,FEMALE,BLACK NON HISPANIC,KELSEY,11,44
2011,FEMALE,BLACK NON HISPANIC,ZARA,11,44
2011,FEMALE,BLACK NON HISPANIC,DYLAN,11,44
2011,FEMALE,BLACK NON HISPANIC,JANELLE,11,44
2011,FEMALE,BLACK NON HISPANIC,EDEN,11,44
2011,FEMALE,BLACK NON HISPANIC,SHANIYA,11,44
2011,FEMALE,BLACK NON HISPANIC,ALICIA,11,44
2011,FEMALE,BLACK NON HISPANIC,ZARA,11,44
2011,FEMALE,BLACK NON HISPANIC,ESSENCE,11,44
2011,FEMALE,BLACK NON HISPANIC,ANGELINA,11,44
2011,FEMALE,BLACK NON HISPANIC,EVA,11,44
2011,FEMALE,BLACK NON HISPANIC,JANELLE,11,44
2011,FEMALE,BLACK NON HISPANIC,EVA,11,44
2011,FEMALE,BLACK NON HISPANIC,ESSENCE,11,44
2011,FEMALE,BLACK NON HISPANIC,KELSEY,11,44
2011,FEMALE,BLACK NON HISPANIC,SAMARA,11,44
2011,FEMALE,BLACK NON HISPANIC,NATALIE,11,44
2011,FEMALE,BLACK NON HISPANIC,EDEN,11,44
2011,FEMALE,BLACK NON HISPANIC,DYLAN,11,44
2011,FEMALE,BLACK NON HISPANIC,SAMARA,11,44
2011,FEMALE,BLACK NON HISPANIC,ALICIA,11,44
2011,FEMALE,BLACK NON HISPANIC,ANGELINA,11,44
2011,FEMALE,BLACK NON HISPANIC,SHANIYA,11,44
2011,FEMALE,BLACK NON HISPANIC,KENYA,10,45
2011,FEMALE,BLACK NON HISPANIC,SORAYA,10,45
2011,FEMALE,BLACK NON HISPANIC,SORAYA,10,45
2011,FEMALE,BLACK NON HISPANIC,SAMIYA,10,45
2011,FEMALE,BLACK NON HISPANIC,RACHEL,10,45
2011,FEMALE,BLACK NON HISPANIC,NANA,10,45
2011,FEMALE,BLACK NON HISPANIC,TABITHA,10,45
2011,FEMALE,BLACK NON HISPANIC,RACHEL,10,45
2011,FEMALE,BLACK NON HISPANIC,MARYAM,10,45
2011,FEMALE,BLACK NON HISPANIC,MACKENZIE,10,45
2011,FEMALE,BLACK NON HISPANIC,ZAHARA,10,45
2011,FEMALE,BLACK NON HISPANIC,ZANIYAH,10,45
2011,FEMALE,BLACK NON HISPANIC,KAMIYAH,10,45
2011,FEMALE,BLACK NON HISPANIC,KAI,10,45
2011,FEMALE,BLACK NON HISPANIC,JULIA,10,45
2011,FEMALE,BLACK NON HISPANIC,JALIYAH,10,45
2011,FEMALE,BLACK NON HISPANIC,ZURI,10,45
2011,FEMALE,BLACK NON HISPANIC,ERIN,10,45
2011,FEMALE,BLACK NON HISPANIC,CHEYENNE,10,45
2011,FEMALE,BLACK NON HISPANIC,AISHA,10,45
2011,FEMALE,BLACK NON HISPANIC,ZAHARA,10,45
2011,FEMALE,BLACK NON HISPANIC,AISHA,10,45
2011,FEMALE,BLACK NON HISPANIC,CHEYENNE,10,45
2011,FEMALE,BLACK NON HISPANIC,ERIN,10,45
2011,FEMALE,BLACK NON HISPANIC,ZANIYAH,10,45
2011,FEMALE,BLACK NON HISPANIC,SAMIYA,10,45
2011,FEMALE,BLACK NON HISPANIC,JALIYAH,10,45
2011,FEMALE,BLACK NON HISPANIC,JULIA,10,45
2011,FEMALE,BLACK NON HISPANIC,KAI,10,45
2011,FEMALE,BLACK NON HISPANIC,TABITHA,10,45
2011,FEMALE,BLACK NON HISPANIC,KAMIYAH,10,45
2011,FEMALE,BLACK NON HISPANIC,KENYA,10,45
2011,FEMALE,BLACK NON HISPANIC,MACKENZIE,10,45
2011,FEMALE,BLACK NON HISPANIC,ZURI,10,45
2011,FEMALE,BLACK NON HISPANIC,MARYAM,10,45
2011,FEMALE,BLACK NON HISPANIC,NANA,10,45
2011,FEMALE,HISPANIC,ISABELLA,331,1
2011,FEMALE,HISPANIC,ISABELLA,331,1
2011,FEMALE,HISPANIC,MIA,229,2
2011,FEMALE,HISPANIC,MIA,229,2
2011,FEMALE,HISPANIC,SOPHIA,223,3
2011,FEMALE,HISPANIC,SOPHIA,223,3
2011,FEMALE,HISPANIC,ASHLEY,190,4
2011,FEMALE,HISPANIC,ASHLEY,190,4
2011,FEMALE,HISPANIC,CAMILA,188,5
2011,FEMALE,HISPANIC,CAMILA,188,5
2011,FEMALE,HISPANIC,SOFIA,165,6
2011,FEMALE,HISPANIC,SOFIA,165,6
2011,FEMALE,HISPANIC,EMILY,162,7
2011,FEMALE,HISPANIC,EMILY,162,7
2011,FEMALE,HISPANIC,HAILEY,126,8
2011,FEMALE,HISPANIC,HAILEY,126,8
2011,FEMALE,HISPANIC,LEAH,123,9
2011,FEMALE,HISPANIC,LEAH,123,9
2011,FEMALE,HISPANIC,MADISON,122,10
2011,FEMALE,HISPANIC,MADISON,122,10
2011,FEMALE,HISPANIC,VICTORIA,114,11
2011,FEMALE,HISPANIC,EMMA,114,11
2011,FEMALE,HISPANIC,VICTORIA,114,11
2011,FEMALE,HISPANIC,BRIANNA,114,11
2011,FEMALE,HISPANIC,BRIANNA,114,11
2011,FEMALE,HISPANIC,EMMA,114,11
2011,FEMALE,HISPANIC,MELANIE,109,12
2011,FEMALE,HISPANIC,MELANIE,109,12
2011,FEMALE,HISPANIC,KIMBERLY,103,13
2011,FEMALE,HISPANIC,KIMBERLY,103,13
2011,FEMALE,HISPANIC,SAMANTHA,100,14
2011,FEMALE,HISPANIC,SAMANTHA,100,14
2011,FEMALE,HISPANIC,GENESIS,94,15
2011,FEMALE,HISPANIC,GENESIS,94,15
2011,FEMALE,HISPANIC,ALLISON,90,16
2011,FEMALE,HISPANIC,ALLISON,90,16
2011,FEMALE,HISPANIC,AMY,87,17
2011,FEMALE,HISPANIC,AMY,87,17
2011,FEMALE,HISPANIC,GABRIELLA,86,18
2011,FEMALE,HISPANIC,OLIVIA,86,18
2011,FEMALE,HISPANIC,GABRIELLA,86,18
2011,FEMALE,HISPANIC,OLIVIA,86,18
2011,FEMALE,HISPANIC,VALENTINA,85,19
2011,FEMALE,HISPANIC,VALENTINA,85,19
2011,FEMALE,HISPANIC,KAYLEE,83,20
2011,FEMALE,HISPANIC,KAYLEE,83,20
2011,FEMALE,HISPANIC,ABIGAIL,80,21
2011,FEMALE,HISPANIC,ABIGAIL,80,21
2011,FEMALE,HISPANIC,GABRIELA,78,22
2011,FEMALE,HISPANIC,GABRIELA,78,22
2011,FEMALE,HISPANIC,ARIANNA,77,23
2011,FEMALE,HISPANIC,ARIANNA,77,23
2011,FEMALE,HISPANIC,ANGELINA,72,24
2011,FEMALE,HISPANIC,ANGELINA,72,24
2011,FEMALE,HISPANIC,NICOLE,71,25
2011,FEMALE,HISPANIC,NICOLE,71,25
2011,FEMALE,HISPANIC,BELLA,67,26
2011,FEMALE,HISPANIC,BELLA,67,26
2011,FEMALE,HISPANIC,LESLIE,66,27
2011,FEMALE,HISPANIC,LESLIE,66,27
2011,FEMALE,HISPANIC,ADRIANA,65,28
2011,FEMALE,HISPANIC,ADRIANA,65,28
2011,FEMALE,HISPANIC,ZOE,65,28
2011,FEMALE,HISPANIC,SCARLETT,65,28
2011,FEMALE,HISPANIC,SCARLETT,65,28
2011,FEMALE,HISPANIC,ZOE,65,28
2011,FEMALE,HISPANIC,DANIELA,64,29
2011,FEMALE,HISPANIC,DANIELA,64,29
2011,FEMALE,HISPANIC,ALYSSA,63,30
2011,FEMALE,HISPANIC,ELIZABETH,63,30
2011,FEMALE,HISPANIC,AALIYAH,63,30
2011,FEMALE,HISPANIC,EVELYN,63,30
2011,FEMALE,HISPANIC,EVELYN,63,30
2011,FEMALE,HISPANIC,ALYSSA,63,30
2011,FEMALE,HISPANIC,AALIYAH,63,30
2011,FEMALE,HISPANIC,ELIZABETH,63,30
2011,FEMALE,HISPANIC,KAYLA,62,31
2011,FEMALE,HISPANIC,KAYLA,62,31
2011,FEMALE,HISPANIC,ANDREA,61,32
2011,FEMALE,HISPANIC,ARIANA,61,32
2011,FEMALE,HISPANIC,ANDREA,61,32
2011,FEMALE,HISPANIC,ARIANA,61,32
2011,FEMALE,HISPANIC,CHLOE,60,33
2011,FEMALE,HISPANIC,CHLOE,60,33
2011,FEMALE,HISPANIC,KATHERINE,60,33
2011,FEMALE,HISPANIC,KATHERINE,60,33
2011,FEMALE,HISPANIC,JENNIFER,59,34
2011,FEMALE,HISPANIC,JENNIFER,59,34
2011,FEMALE,HISPANIC,MARIA,59,34
2011,FEMALE,HISPANIC,MARIA,59,34
2011,FEMALE,HISPANIC,KHLOE,57,35
2011,FEMALE,HISPANIC,KHLOE,57,35
2011,FEMALE,HISPANIC,ALEXA,55,36
2011,FEMALE,HISPANIC,ALEXA,55,36
2011,FEMALE,HISPANIC,AVA,54,37
2011,FEMALE,HISPANIC,AVA,54,37
2011,FEMALE,HISPANIC,VALERIE,53,38
2011,FEMALE,HISPANIC,VALERIE,53,38
2011,FEMALE,HISPANIC,SARAH,53,38
2011,FEMALE,HISPANIC,SARAH,53,38
2011,FEMALE,HISPANIC,LAYLA,52,39
2011,FEMALE,HISPANIC,LAYLA,52,39
2011,FEMALE,HISPANIC,DIANA,51,40
2011,FEMALE,HISPANIC,MICHELLE,51,40
2011,FEMALE,HISPANIC,MICHELLE,51,40
2011,FEMALE,HISPANIC,JAYLEEN,51,40
2011,FEMALE,HISPANIC,DIANA,51,40
2011,FEMALE,HISPANIC,JAYLEEN,51,40
2011,FEMALE,HISPANIC,STEPHANIE,50,41
2011,FEMALE,HISPANIC,MELISSA,50,41
2011,FEMALE,HISPANIC,JADE,50,41
2011,FEMALE,HISPANIC,NATALIA,50,41
2011,FEMALE,HISPANIC,MELISSA,50,41
2011,FEMALE,HISPANIC,NATALIA,50,41
2011,FEMALE,HISPANIC,EMELY,50,41
2011,FEMALE,HISPANIC,JADE,50,41
2011,FEMALE,HISPANIC,STEPHANIE,50,41
2011,FEMALE,HISPANIC,EMELY,50,41
2011,FEMALE,HISPANIC,MAYA,49,42
2011,FEMALE,HISPANIC,GIANNA,49,42
2011,FEMALE,HISPANIC,GIANNA,49,42
2011,FEMALE,HISPANIC,MAYA,49,42
2011,FEMALE,HISPANIC,ALEXANDRA,47,43
2011,FEMALE,HISPANIC,EVA,47,43
2011,FEMALE,HISPANIC,EVA,47,43
2011,FEMALE,HISPANIC,ALEXANDRA,47,43
2011,FEMALE,HISPANIC,NATALIE,46,44
2011,FEMALE,HISPANIC,JOCELYN,46,44
2011,FEMALE,HISPANIC,JESSICA,46,44
2011,FEMALE,HISPANIC,NATALIE,46,44
2011,FEMALE,HISPANIC,JESSICA,46,44
2011,FEMALE,HISPANIC,JOCELYN,46,44
2011,FEMALE,HISPANIC,VALERIA,45,45
2011,FEMALE,HISPANIC,VALERIA,45,45
2011,FEMALE,HISPANIC,CHELSEA,43,46
2011,FEMALE,HISPANIC,CHELSEA,43,46
2011,FEMALE,HISPANIC,VANESSA,42,47
2011,FEMALE,HISPANIC,VANESSA,42,47
2011,FEMALE,HISPANIC,KAREN,41,48
2011,FEMALE,HISPANIC,KELLY,41,48
2011,FEMALE,HISPANIC,KELLY,41,48
2011,FEMALE,HISPANIC,JASMINE,41,48
2011,FEMALE,HISPANIC,KAREN,41,48
2011,FEMALE,HISPANIC,JASMINE,41,48
2011,FEMALE,HISPANIC,ANGELICA,40,49
2011,FEMALE,HISPANIC,ANGELICA,40,49
2011,FEMALE,HISPANIC,DANNA,39,50
2011,FEMALE,HISPANIC,DANNA,39,50
2011,FEMALE,HISPANIC,GISELLE,38,51
2011,FEMALE,HISPANIC,SAVANNAH,38,51
2011,FEMALE,HISPANIC,SAVANNAH,38,51
2011,FEMALE,HISPANIC,GISELLE,38,51
2011,FEMALE,HISPANIC,KYLIE,37,52
2011,FEMALE,HISPANIC,SERENITY,37,52
2011,FEMALE,HISPANIC,KYLIE,37,52
2011,FEMALE,HISPANIC,SERENITY,37,52
2011,FEMALE,HISPANIC,KAMILA,36,53
2011,FEMALE,HISPANIC,GRACE,36,53
2011,FEMALE,HISPANIC,KIARA,36,53
2011,FEMALE,HISPANIC,KIARA,36,53
2011,FEMALE,HISPANIC,KAMILA,36,53
2011,FEMALE,HISPANIC,GRACE,36,53
2011,FEMALE,HISPANIC,ELIANA,34,54
2011,FEMALE,HISPANIC,DESTINY,34,54
2011,FEMALE,HISPANIC,DESTINY,34,54
2011,FEMALE,HISPANIC,ELIANA,34,54
2011,FEMALE,HISPANIC,JAYLA,33,55
2011,FEMALE,HISPANIC,LEILANI,33,55
2011,FEMALE,HISPANIC,LEILANI,33,55
2011,FEMALE,HISPANIC,JAYLA,33,55
2011,FEMALE,HISPANIC,ANA,33,55
2011,FEMALE,HISPANIC,ANA,33,55
2011,FEMALE,HISPANIC,AMELIA,33,55
2011,FEMALE,HISPANIC,MARIAH,33,55
2011,FEMALE,HISPANIC,MARIAH,33,55
2011,FEMALE,HISPANIC,AMELIA,33,55
2011,FEMALE,HISPANIC,BRIANA,32,56
2011,FEMALE,HISPANIC,ALISON,32,56
2011,FEMALE,HISPANIC,BRIANA,32,56
2011,FEMALE,HISPANIC,MAKAYLA,32,56
2011,FEMALE,HISPANIC,ALISON,32,56
2011,FEMALE,HISPANIC,ELLA,32,56
2011,FEMALE,HISPANIC,NEVAEH,32,56
2011,FEMALE,HISPANIC,NEVAEH,32,56
2011,FEMALE,HISPANIC,ELLA,32,56
2011,FEMALE,HISPANIC,MAKAYLA,32,56
2011,FEMALE,HISPANIC,KAITLYN,31,57
2011,FEMALE,HISPANIC,AMAYA,31,57
2011,FEMALE,HISPANIC,AMAYA,31,57
2011,FEMALE,HISPANIC,KAITLYN,31,57
2011,FEMALE,HISPANIC,AMANDA,30,58
2011,FEMALE,HISPANIC,LIZBETH,30,58
2011,FEMALE,HISPANIC,JOSELYN,30,58
2011,FEMALE,HISPANIC,AMANDA,30,58
2011,FEMALE,HISPANIC,DAISY,30,58
2011,FEMALE,HISPANIC,DAISY,30,58
2011,FEMALE,HISPANIC,LIZBETH,30,58
2011,FEMALE,HISPANIC,JOSELYN,30,58
2011,FEMALE,HISPANIC,JACQUELINE,30,58
2011,FEMALE,HISPANIC,ANGELIQUE,30,58
2011,FEMALE,HISPANIC,JACQUELINE,30,58
2011,FEMALE,HISPANIC,ANGELIQUE,30,58
2011,FEMALE,HISPANIC,SARA,29,59
2011,FEMALE,HISPANIC,MYA,29,59
2011,FEMALE,HISPANIC,DELILAH,29,59
2011,FEMALE,HISPANIC,MYA,29,59
2011,FEMALE,HISPANIC,SCARLET,29,59
2011,FEMALE,HISPANIC,LAILA,29,59
2011,FEMALE,HISPANIC,SARA,29,59
2011,FEMALE,HISPANIC,SCARLET,29,59
2011,FEMALE,HISPANIC,DELILAH,29,59
2011,FEMALE,HISPANIC,LAILA,29,59
2011,FEMALE,HISPANIC,ISABEL,28,60
2011,FEMALE,HISPANIC,DANIELLA,28,60
2011,FEMALE,HISPANIC,ISABEL,28,60
2011,FEMALE,HISPANIC,LILIANA,28,60
2011,FEMALE,HISPANIC,LILIANA,28,60
2011,FEMALE,HISPANIC,DANIELLA,28,60
2011,FEMALE,HISPANIC,KATE,27,61
2011,FEMALE,HISPANIC,LONDON,27,61
2011,FEMALE,HISPANIC,ITZEL,27,61
2011,FEMALE,HISPANIC,ESMERALDA,27,61
2011,FEMALE,HISPANIC,KATE,27,61
2011,FEMALE,HISPANIC,ITZEL,27,61
2011,FEMALE,HISPANIC,ESMERALDA,27,61
2011,FEMALE,HISPANIC,LONDON,27,61
2011,FEMALE,HISPANIC,ZOEY,27,61
2011,FEMALE,HISPANIC,ZOEY,27,61
2011,FEMALE,HISPANIC,CRYSTAL,26,62
2011,FEMALE,HISPANIC,LIA,26,62
2011,FEMALE,HISPANIC,GUADALUPE,26,62
2011,FEMALE,HISPANIC,CRYSTAL,26,62
2011,FEMALE,HISPANIC,GUADALUPE,26,62
2011,FEMALE,HISPANIC,NATHALIE,26,62
2011,FEMALE,HISPANIC,ADRIANNA,26,62
2011,FEMALE,HISPANIC,MIKAYLA,26,62
2011,FEMALE,HISPANIC,NATHALIE,26,62
2011,FEMALE,HISPANIC,ADRIANNA,26,62
2011,FEMALE,HISPANIC,MIKAYLA,26,62
2011,FEMALE,HISPANIC,LIA,26,62
2011,FEMALE,HISPANIC,AMBER,25,63
2011,FEMALE,HISPANIC,KARLA,25,63
2011,FEMALE,HISPANIC,AMBER,25,63
2011,FEMALE,HISPANIC,FAITH,25,63
2011,FEMALE,HISPANIC,FAITH,25,63
2011,FEMALE,HISPANIC,RACHEL,25,63
2011,FEMALE,HISPANIC,AUBREY,25,63
2011,FEMALE,HISPANIC,AUBREY,25,63
2011,FEMALE,HISPANIC,RACHEL,25,63
2011,FEMALE,HISPANIC,LUZ,25,63
2011,FEMALE,HISPANIC,KARLA,25,63
2011,FEMALE,HISPANIC,LUZ,25,63
2011,FEMALE,HISPANIC,SABRINA,25,63
2011,FEMALE,HISPANIC,SABRINA,25,63
2011,FEMALE,HISPANIC,JAZMIN,24,64
2011,FEMALE,HISPANIC,ALICIA,24,64
2011,FEMALE,HISPANIC,LUNA,24,64
2011,FEMALE,HISPANIC,BIANCA,24,64
2011,FEMALE,HISPANIC,LUNA,24,64
2011,FEMALE,HISPANIC,TIFFANY,24,64
2011,FEMALE,HISPANIC,ALICIA,24,64
2011,FEMALE,HISPANIC,SARAI,24,64
2011,FEMALE,HISPANIC,SARAI,24,64
2011,FEMALE,HISPANIC,TIFFANY,24,64
2011,FEMALE,HISPANIC,JAZMIN,24,64
2011,FEMALE,HISPANIC,BIANCA,24,64
2011,FEMALE,HISPANIC,KATELYN,23,65
2011,FEMALE,HISPANIC,KATELYN,23,65
2011,FEMALE,HISPANIC,IZABELLA,23,65
2011,FEMALE,HISPANIC,MELODY,23,65
2011,FEMALE,HISPANIC,MELODY,23,65
2011,FEMALE,HISPANIC,IZABELLA,23,65
2011,FEMALE,HISPANIC,YARETZI,22,66
2011,FEMALE,HISPANIC,ALIYAH,22,66
2011,FEMALE,HISPANIC,JAYLENE,22,66
2011,FEMALE,HISPANIC,JULIA,22,66
2011,FEMALE,HISPANIC,NAOMI,22,66
2011,FEMALE,HISPANIC,BRITTANY,22,66
2011,FEMALE,HISPANIC,JULIA,22,66
2011,FEMALE,HISPANIC,NAOMI,22,66
2011,FEMALE,HISPANIC,BRITTANY,22,66
2011,FEMALE,HISPANIC,DAYANA,22,66
2011,FEMALE,HISPANIC,ALIYAH,22,66
2011,FEMALE,HISPANIC,YARETZI,22,66
2011,FEMALE,HISPANIC,DAYANA,22,66
2011,FEMALE,HISPANIC,JAYLENE,22,66
2011,FEMALE,HISPANIC,JULIANNA,21,67
2011,FEMALE,HISPANIC,RIHANNA,21,67
2011,FEMALE,HISPANIC,AILEEN,21,67
2011,FEMALE,HISPANIC,JULIANNA,21,67
2011,FEMALE,HISPANIC,GIA,21,67
2011,FEMALE,HISPANIC,LILY,21,67
2011,FEMALE,HISPANIC,JADA,21,67
2011,FEMALE,HISPANIC,RIHANNA,21,67
2011,FEMALE,HISPANIC,AILEEN,21,67
2011,FEMALE,HISPANIC,LILY,21,67
2011,FEMALE,HISPANIC,SKYLA,21,67
2011,FEMALE,HISPANIC,JADA,21,67
2011,FEMALE,HISPANIC,LAUREN,21,67
2011,FEMALE,HISPANIC,SKYLA,21,67
2011,FEMALE,HISPANIC,GIA,21,67
2011,FEMALE,HISPANIC,LAUREN,21,67
2011,FEMALE,HISPANIC,KAILEY,20,68
2011,FEMALE,HISPANIC,JASMIN,20,68
2011,FEMALE,HISPANIC,DULCE,20,68
2011,FEMALE,HISPANIC,RUBY,20,68
2011,FEMALE,HISPANIC,RUBY,20,68
2011,FEMALE,HISPANIC,NATHALY,20,68
2011,FEMALE,HISPANIC,NATHALY,20,68
2011,FEMALE,HISPANIC,ANGELA,20,68
2011,FEMALE,HISPANIC,LUCIA,20,68
2011,FEMALE,HISPANIC,LEILA,20,68
2011,FEMALE,HISPANIC,LUCIA,20,68
2011,FEMALE,HISPANIC,KAILEY,20,68
2011,FEMALE,HISPANIC,JULIET,20,68
2011,FEMALE,HISPANIC,LEILA,20,68
2011,FEMALE,HISPANIC,ANGELA,20,68
2011,FEMALE,HISPANIC,JASMIN,20,68
2011,FEMALE,HISPANIC,JULIET,20,68
2011,FEMALE,HISPANIC,DULCE,20,68
2011,FEMALE,HISPANIC,ALLYSON,19,69
2011,FEMALE,HISPANIC,ANGIE,19,69
2011,FEMALE,HISPANIC,ALLYSON,19,69
2011,FEMALE,HISPANIC,KAYLEEN,19,69
2011,FEMALE,HISPANIC,MILA,19,69
2011,FEMALE,HISPANIC,ANGIE,19,69
2011,FEMALE,HISPANIC,KAYLEEN,19,69
2011,FEMALE,HISPANIC,MILA,19,69
2011,FEMALE,HISPANIC,DANA,18,70
2011,FEMALE,HISPANIC,XIMENA,18,70
2011,FEMALE,HISPANIC,DANA,18,70
2011,FEMALE,HISPANIC,XIMENA,18,70
2011,FEMALE,HISPANIC,LIANA,18,70
2011,FEMALE,HISPANIC,ISABELLE,18,70
2011,FEMALE,HISPANIC,LIANA,18,70
2011,FEMALE,HISPANIC,ISABELLE,18,70
2011,FEMALE,HISPANIC,ELISA,17,71
2011,FEMALE,HISPANIC,ANALIA,17,71
2011,FEMALE,HISPANIC,KEILY,17,71
2011,FEMALE,HISPANIC,ELISA,17,71
2011,FEMALE,HISPANIC,MIAH,17,71
2011,FEMALE,HISPANIC,KEILY,17,71
2011,FEMALE,HISPANIC,MILEY,17,71
2011,FEMALE,HISPANIC,ANALIA,17,71
2011,FEMALE,HISPANIC,MIAH,17,71
2011,FEMALE,HISPANIC,NAYELI,17,71
2011,FEMALE,HISPANIC,ARIEL,17,71
2011,FEMALE,HISPANIC,MILEY,17,71
2011,FEMALE,HISPANIC,ARIEL,17,71
2011,FEMALE,HISPANIC,HAYLEE,17,71
2011,FEMALE,HISPANIC,HANNAH,17,71
2011,FEMALE,HISPANIC,NAYELI,17,71
2011,FEMALE,HISPANIC,BRENDA,17,71
2011,FEMALE,HISPANIC,BRENDA,17,71
2011,FEMALE,HISPANIC,SIENNA,17,71
2011,FEMALE,HISPANIC,SIENNA,17,71
2011,FEMALE,HISPANIC,HAYLEE,17,71
2011,FEMALE,HISPANIC,HANNAH,17,71
2011,FEMALE,HISPANIC,ALONDRA,16,72
2011,FEMALE,HISPANIC,LESLY,16,72
2011,FEMALE,HISPANIC,AYLIN,16,72
2011,FEMALE,HISPANIC,DENISE,16,72
2011,FEMALE,HISPANIC,ALONDRA,16,72
2011,FEMALE,HISPANIC,JULISSA,16,72
2011,FEMALE,HISPANIC,ELENA,16,72
2011,FEMALE,HISPANIC,ROSELYN,16,72
2011,FEMALE,HISPANIC,NYLA,16,72
2011,FEMALE,HISPANIC,HEIDY,16,72
2011,FEMALE,HISPANIC,JULIANA,16,72
2011,FEMALE,HISPANIC,JULIANA,16,72
2011,FEMALE,HISPANIC,BRYANNA,16,72
2011,FEMALE,HISPANIC,JAZLYN,16,72
2011,FEMALE,HISPANIC,ROSELYN,16,72
2011,FEMALE,HISPANIC,LESLY,16,72
2011,FEMALE,HISPANIC,DENISE,16,72
2011,FEMALE,HISPANIC,ALEJANDRA,16,72
2011,FEMALE,HISPANIC,MADELYN,16,72
2011,FEMALE,HISPANIC,JAZLYN,16,72
2011,FEMALE,HISPANIC,ALICE,16,72
2011,FEMALE,HISPANIC,MADELYN,16,72
2011,FEMALE,HISPANIC,ALICE,16,72
2011,FEMALE,HISPANIC,BRYANNA,16,72
2011,FEMALE,HISPANIC,AURORA,16,72
2011,FEMALE,HISPANIC,ALEJANDRA,16,72
2011,FEMALE,HISPANIC,HEIDY,16,72
2011,FEMALE,HISPANIC,NYLA,16,72
2011,FEMALE,HISPANIC,JULISSA,16,72
2011,FEMALE,HISPANIC,AYLIN,16,72
2011,FEMALE,HISPANIC,AURORA,16,72
2011,FEMALE,HISPANIC,HEAVEN,15,73
2011,FEMALE,HISPANIC,JULIETTE,15,73
2011,FEMALE,HISPANIC,KAYLIE,15,73
2011,FEMALE,HISPANIC,MADELINE,15,73
2011,FEMALE,HISPANIC,SELENA,15,73
2011,FEMALE,HISPANIC,SHIRLEY,15,73
2011,FEMALE,HISPANIC,SHIRLEY,15,73
2011,FEMALE,HISPANIC,SELENA,15,73
2011,FEMALE,HISPANIC,MADELINE,15,73
2011,FEMALE,HISPANIC,KAYLIE,15,73
2011,FEMALE,HISPANIC,JULIETTE,15,73
2011,FEMALE,HISPANIC,HEIDI,15,73
2011,FEMALE,HISPANIC,HEAVEN,15,73
2011,FEMALE,HISPANIC,ESTRELLA,15,73
2011,FEMALE,HISPANIC,ERIKA,15,73
2011,FEMALE,HISPANIC,ALISSON,15,73
2011,FEMALE,HISPANIC,HEIDI,15,73
2011,FEMALE,HISPANIC,ESTRELLA,15,73
2011,FEMALE,HISPANIC,ERIKA,15,73
2011,FEMALE,HISPANIC,ALISSON,15,73
2011,FEMALE,HISPANIC,GABRIELLE,14,74
2011,FEMALE,HISPANIC,ESTHER,14,74
2011,FEMALE,HISPANIC,GABRIELLE,14,74
2011,FEMALE,HISPANIC,ARIELLA,14,74
2011,FEMALE,HISPANIC,AYLEEN,14,74
2011,FEMALE,HISPANIC,FERNANDA,14,74
2011,FEMALE,HISPANIC,MELANY,14,74
2011,FEMALE,HISPANIC,MIKAELA,14,74
2011,FEMALE,HISPANIC,JAZMINE,14,74
2011,FEMALE,HISPANIC,ANIYAH,14,74
2011,FEMALE,HISPANIC,HALEY,14,74
2011,FEMALE,HISPANIC,NADIA,14,74
2011,FEMALE,HISPANIC,PENELOPE,14,74
2011,FEMALE,HISPANIC,ANIYAH,14,74
2011,FEMALE,HISPANIC,MIKAELA,14,74
2011,FEMALE,HISPANIC,MELANY,14,74
2011,FEMALE,HISPANIC,EILEEN,14,74
2011,FEMALE,HISPANIC,EILEEN,14,74
2011,FEMALE,HISPANIC,ESTHER,14,74
2011,FEMALE,HISPANIC,VIOLET,14,74
2011,FEMALE,HISPANIC,VIOLET,14,74
2011,FEMALE,HISPANIC,HALEY,14,74
2011,FEMALE,HISPANIC,JAZMINE,14,74
2011,FEMALE,HISPANIC,NADIA,14,74
2011,FEMALE,HISPANIC,LAURA,14,74
2011,FEMALE,HISPANIC,LAURA,14,74
2011,FEMALE,HISPANIC,AYLEEN,14,74
2011,FEMALE,HISPANIC,ARIELLA,14,74
2011,FEMALE,HISPANIC,FERNANDA,14,74
2011,FEMALE,HISPANIC,PENELOPE,14,74
2011,FEMALE,HISPANIC,TAYLOR,13,75
2011,FEMALE,HISPANIC,ISIS,13,75
2011,FEMALE,HISPANIC,APRIL,13,75
2011,FEMALE,HISPANIC,ANNABELLE,13,75
2011,FEMALE,HISPANIC,ANNA,13,75
2011,FEMALE,HISPANIC,AISHA,13,75
2011,FEMALE,HISPANIC,ASHLY,13,75
2011,FEMALE,HISPANIC,ALESSANDRA,13,75
2011,FEMALE,HISPANIC,KRYSTAL,13,75
2011,FEMALE,HISPANIC,JAYLIN,13,75
2011,FEMALE,HISPANIC,APRIL,13,75
2011,FEMALE,HISPANIC,ANNABELLE,13,75
2011,FEMALE,HISPANIC,ANNA,13,75
2011,FEMALE,HISPANIC,NATALY,13,75
2011,FEMALE,HISPANIC,ISIS,13,75
2011,FEMALE,HISPANIC,JAYLIN,13,75
2011,FEMALE,HISPANIC,HAYLEY,13,75
2011,FEMALE,HISPANIC,CINDY,13,75
2011,FEMALE,HISPANIC,GERALDINE,13,75
2011,FEMALE,HISPANIC,KRYSTAL,13,75
2011,FEMALE,HISPANIC,ALESSANDRA,13,75
2011,FEMALE,HISPANIC,AISHA,13,75
2011,FEMALE,HISPANIC,HAYLEY,13,75
2011,FEMALE,HISPANIC,HELEN,13,75
2011,FEMALE,HISPANIC,NATALY,13,75
2011,FEMALE,HISPANIC,HELEN,13,75
2011,FEMALE,HISPANIC,TAYLOR,13,75
2011,FEMALE,HISPANIC,CINDY,13,75
2011,FEMALE,HISPANIC,ASHLY,13,75
2011,FEMALE,HISPANIC,SHERLYN,13,75
2011,FEMALE,HISPANIC,SHERLYN,13,75
2011,FEMALE,HISPANIC,GERALDINE,13,75
2011,FEMALE,HISPANIC,LESLEY,12,76
2011,FEMALE,HISPANIC,PERLA,12,76
2011,FEMALE,HISPANIC,FATIMA,12,76
2011,FEMALE,HISPANIC,LESLEY,12,76
2011,FEMALE,HISPANIC,SAMARA,12,76
2011,FEMALE,HISPANIC,KEYLA,12,76
2011,FEMALE,HISPANIC,KAYLIN,12,76
2011,FEMALE,HISPANIC,CAROLINE,12,76
2011,FEMALE,HISPANIC,AIMEE,12,76
2011,FEMALE,HISPANIC,LINDSAY,12,76
2011,FEMALE,HISPANIC,MARIANA,12,76
2011,FEMALE,HISPANIC,ELIANNY,12,76
2011,FEMALE,HISPANIC,ELIANNY,12,76
2011,FEMALE,HISPANIC,AIMEE,12,76
2011,FEMALE,HISPANIC,CARMEN,12,76
2011,FEMALE,HISPANIC,KATIE,12,76
2011,FEMALE,HISPANIC,ATHENA,12,76
2011,FEMALE,HISPANIC,SKYLAR,12,76
2011,FEMALE,HISPANIC,RILEY,12,76
2011,FEMALE,HISPANIC,DANIELLE,12,76
2011,FEMALE,HISPANIC,WENDY,12,76
2011,FEMALE,HISPANIC,JANELLE,12,76
2011,FEMALE,HISPANIC,SKYLAR,12,76
2011,FEMALE,HISPANIC,SAMARA,12,76
2011,FEMALE,HISPANIC,CAROLINE,12,76
2011,FEMALE,HISPANIC,ARELY,12,76
2011,FEMALE,HISPANIC,SOPHIE,12,76
2011,FEMALE,HISPANIC,WENDY,12,76
2011,FEMALE,HISPANIC,PERLA,12,76
2011,FEMALE,HISPANIC,JAYLAH,12,76
2011,FEMALE,HISPANIC,BRITNEY,12,76
2011,FEMALE,HISPANIC,ATHENA,12,76
2011,FEMALE,HISPANIC,JAYLAH,12,76
2011,FEMALE,HISPANIC,RILEY,12,76
2011,FEMALE,HISPANIC,JANELLE,12,76
2011,FEMALE,HISPANIC,ARELY,12,76
2011,FEMALE,HISPANIC,JOHANNA,12,76
2011,FEMALE,HISPANIC,FATIMA,12,76
2011,FEMALE,HISPANIC,MARIANA,12,76
2011,FEMALE,HISPANIC,SOPHIE,12,76
2011,FEMALE,HISPANIC,BRITNEY,12,76
2011,FEMALE,HISPANIC,KATIE,12,76
2011,FEMALE,HISPANIC,LINDSAY,12,76
2011,FEMALE,HISPANIC,KAYLIN,12,76
2011,FEMALE,HISPANIC,KEYLA,12,76
2011,FEMALE,HISPANIC,JOHANNA,12,76
2011,FEMALE,HISPANIC,CARMEN,12,76
2011,FEMALE,HISPANIC,NINA,11,77
2011,FEMALE,HISPANIC,CHRISTINA,11,77
2011,FEMALE,HISPANIC,ELIANNA,11,77
2011,FEMALE,HISPANIC,CHARLOTTE,11,77
2011,FEMALE,HISPANIC,CELESTE,11,77
2011,FEMALE,HISPANIC,CAROLINA,11,77
2011,FEMALE,HISPANIC,BRIELLE,11,77
2011,FEMALE,HISPANIC,IMANI,11,77
2011,FEMALE,HISPANIC,INGRID,11,77
2011,FEMALE,HISPANIC,IRENE,11,77
2011,FEMALE,HISPANIC,JAELYNN,11,77
2011,FEMALE,HISPANIC,ANGELY,11,77
2011,FEMALE,HISPANIC,JAMIE,11,77
2011,FEMALE,HISPANIC,JASLENE,11,77
2011,FEMALE,HISPANIC,ANAYA,11,77
2011,FEMALE,HISPANIC,JIMENA,11,77
2011,FEMALE,HISPANIC,KAELYN,11,77
2011,FEMALE,HISPANIC,KAILYN,11,77
2011,FEMALE,HISPANIC,ALYSON,11,77
2011,FEMALE,HISPANIC,ALANA,11,77
2011,FEMALE,HISPANIC,MEGAN,11,77
2011,FEMALE,HISPANIC,MIRANDA,11,77
2011,FEMALE,HISPANIC,MIRIAM,11,77
2011,FEMALE,HISPANIC,NATASHA,11,77
2011,FEMALE,HISPANIC,NINA,11,77
2011,FEMALE,HISPANIC,NOEMI,11,77
2011,FEMALE,HISPANIC,RAQUEL,11,77
2011,FEMALE,HISPANIC,ROSE,11,77
2011,FEMALE,HISPANIC,SADIE,11,77
2011,FEMALE,HISPANIC,STELLA,11,77
2011,FEMALE,HISPANIC,STEPHANY,11,77
2011,FEMALE,HISPANIC,TATIANA,11,77
2011,FEMALE,HISPANIC,TIANA,11,77
2011,FEMALE,HISPANIC,VIVIANA,11,77
2011,FEMALE,HISPANIC,YAMILET,11,77
2011,FEMALE,HISPANIC,CLARA,11,77
2011,FEMALE,HISPANIC,DAMARIS,11,77
2011,FEMALE,HISPANIC,KAELYN,11,77
2011,FEMALE,HISPANIC,KAILYN,11,77
2011,FEMALE,HISPANIC,ALANA,11,77
2011,FEMALE,HISPANIC,ALYSON,11,77
2011,FEMALE,HISPANIC,MEGAN,11,77
2011,FEMALE,HISPANIC,MIRANDA,11,77
2011,FEMALE,HISPANIC,MIRIAM,11,77
2011,FEMALE,HISPANIC,ANAYA,11,77
2011,FEMALE,HISPANIC,NATASHA,11,77
2011,FEMALE,HISPANIC,ANGELY,11,77
2011,FEMALE,HISPANIC,NOEMI,11,77
2011,FEMALE,HISPANIC,RAQUEL,11,77
2011,FEMALE,HISPANIC,ROSE,11,77
2011,FEMALE,HISPANIC,SADIE,11,77
2011,FEMALE,HISPANIC,BRIELLE,11,77
2011,FEMALE,HISPANIC,CAROLINA,11,77
2011,FEMALE,HISPANIC,CELESTE,11,77
2011,FEMALE,HISPANIC,CHARLOTTE,11,77
2011,FEMALE,HISPANIC,CLARA,11,77
2011,FEMALE,HISPANIC,STELLA,11,77
2011,FEMALE,HISPANIC,STEPHANY,11,77
2011,FEMALE,HISPANIC,DAMARIS,11,77
2011,FEMALE,HISPANIC,TATIANA,11,77
2011,FEMALE,HISPANIC,TIANA,11,77
2011,FEMALE,HISPANIC,VIVIANA,11,77
2011,FEMALE,HISPANIC,YAMILET,11,77
2011,FEMALE,HISPANIC,ELIANNA,11,77
2011,FEMALE,HISPANIC,JASLENE,11,77
2011,FEMALE,HISPANIC,JAMIE,11,77
2011,FEMALE,HISPANIC,JAELYNN,11,77
2011,FEMALE,HISPANIC,JIMENA,11,77
2011,FEMALE,HISPANIC,IMANI,11,77
2011,FEMALE,HISPANIC,INGRID,11,77
2011,FEMALE,HISPANIC,IRENE,11,77
2011,FEMALE,HISPANIC,BRIANNY,10,78
2011,FEMALE,HISPANIC,VERONICA,10,78
2011,FEMALE,HISPANIC,SAVANNA,10,78
2011,FEMALE,HISPANIC,STACY,10,78
2011,FEMALE,HISPANIC,SAVANNA,10,78
2011,FEMALE,HISPANIC,SASHA,10,78
2011,FEMALE,HISPANIC,ARIANNY,10,78
2011,FEMALE,HISPANIC,LEYLA,10,78
2011,FEMALE,HISPANIC,LEA,10,78
2011,FEMALE,HISPANIC,KYLEE,10,78
2011,FEMALE,HISPANIC,KAYLEIGH,10,78
2011,FEMALE,HISPANIC,KATELYNN,10,78
2011,FEMALE,HISPANIC,REBECCA,10,78
2011,FEMALE,HISPANIC,ABBY,10,78
2011,FEMALE,HISPANIC,CYNTHIA,10,78
2011,FEMALE,HISPANIC,ROSA,10,78
2011,FEMALE,HISPANIC,ARIANNY,10,78
2011,FEMALE,HISPANIC,CRISTINA,10,78
2011,FEMALE,HISPANIC,SARIAH,10,78
2011,FEMALE,HISPANIC,SASHA,10,78
2011,FEMALE,HISPANIC,SARIAH,10,78
2011,FEMALE,HISPANIC,CASSANDRA,10,78
2011,FEMALE,HISPANIC,JAYDA,10,78
2011,FEMALE,HISPANIC,BRIANNY,10,78
2011,FEMALE,HISPANIC,ROSA,10,78
2011,FEMALE,HISPANIC,STACY,10,78
2011,FEMALE,HISPANIC,REBECCA,10,78
2011,FEMALE,HISPANIC,IRIS,10,78
2011,FEMALE,HISPANIC,CRISTINA,10,78
2011,FEMALE,HISPANIC,CASSANDRA,10,78
2011,FEMALE,HISPANIC,CYNTHIA,10,78
2011,FEMALE,HISPANIC,IRIS,10,78
2011,FEMALE,HISPANIC,PAOLA,10,78
2011,FEMALE,HISPANIC,HAZEL,10,78
2011,FEMALE,HISPANIC,VERONICA,10,78
2011,FEMALE,HISPANIC,NATHALIA,10,78
2011,FEMALE,HISPANIC,NANCY,10,78
2011,FEMALE,HISPANIC,ABBY,10,78
2011,FEMALE,HISPANIC,ISABELA,10,78
2011,FEMALE,HISPANIC,MARISOL,10,78
2011,FEMALE,HISPANIC,JAYLYN,10,78
2011,FEMALE,HISPANIC,MARILYN,10,78
2011,FEMALE,HISPANIC,LEYLA,10,78
2011,FEMALE,HISPANIC,LEA,10,78
2011,FEMALE,HISPANIC,KYLEE,10,78
2011,FEMALE,HISPANIC,KAYLEIGH,10,78
2011,FEMALE,HISPANIC,KATELYNN,10,78
2011,FEMALE,HISPANIC,HAZEL,10,78
2011,FEMALE,HISPANIC,JAYLYN,10,78
2011,FEMALE,HISPANIC,JAYDA,10,78
2011,FEMALE,HISPANIC,ISABELA,10,78
2011,FEMALE,HISPANIC,NATHALIA,10,78
2011,FEMALE,HISPANIC,NANCY,10,78
2011,FEMALE,HISPANIC,MARISOL,10,78
2011,FEMALE,HISPANIC,MARILYN,10,78
2011,FEMALE,HISPANIC,PAOLA,10,78
2011,FEMALE,WHITE NON HISPANIC,ESTHER,224,1
2011,FEMALE,WHITE NON HISPANIC,ESTHER,224,1
2011,FEMALE,WHITE NON HISPANIC,EMMA,213,2
2011,FEMALE,WHITE NON HISPANIC,OLIVIA,213,2
2011,FEMALE,WHITE NON HISPANIC,OLIVIA,213,2
2011,FEMALE,WHITE NON HISPANIC,EMMA,213,2
2011,FEMALE,WHITE NON HISPANIC,LEAH,183,3
2011,FEMALE,WHITE NON HISPANIC,LEAH,183,3
2011,FEMALE,WHITE NON HISPANIC,SOPHIA,180,4
2011,FEMALE,WHITE NON HISPANIC,SOPHIA,180,4
2011,FEMALE,WHITE NON HISPANIC,CHAYA,178,5
2011,FEMALE,WHITE NON HISPANIC,CHAYA,178,5
2011,FEMALE,WHITE NON HISPANIC,SARAH,177,6
2011,FEMALE,WHITE NON HISPANIC,SARAH,177,6
2011,FEMALE,WHITE NON HISPANIC,RACHEL,171,7
2011,FEMALE,WHITE NON HISPANIC,RACHEL,171,7
2011,FEMALE,WHITE NON HISPANIC,AVA,162,8
2011,FEMALE,WHITE NON HISPANIC,AVA,162,8
2011,FEMALE,WHITE NON HISPANIC,ISABELLA,160,9
2011,FEMALE,WHITE NON HISPANIC,ISABELLA,160,9
2011,FEMALE,WHITE NON HISPANIC,CHANA,132,10
2011,FEMALE,WHITE NON HISPANIC,CHANA,132,10
2011,FEMALE,WHITE NON HISPANIC,MIRIAM,131,11
2011,FEMALE,WHITE NON HISPANIC,MIRIAM,131,11
2011,FEMALE,WHITE NON HISPANIC,CHARLOTTE,127,12
2011,FEMALE,WHITE NON HISPANIC,ELLA,127,12
2011,FEMALE,WHITE NON HISPANIC,ELLA,127,12
2011,FEMALE,WHITE NON HISPANIC,CHARLOTTE,127,12
2011,FEMALE,WHITE NON HISPANIC,SOFIA,122,13
2011,FEMALE,WHITE NON HISPANIC,SOFIA,122,13
2011,FEMALE,WHITE NON HISPANIC,EMILY,119,14
2011,FEMALE,WHITE NON HISPANIC,EMILY,119,14
2011,FEMALE,WHITE NON HISPANIC,JULIA,116,15
2011,FEMALE,WHITE NON HISPANIC,MIA,116,15
2011,FEMALE,WHITE NON HISPANIC,JULIA,116,15
2011,FEMALE,WHITE NON HISPANIC,MIA,116,15
2011,FEMALE,WHITE NON HISPANIC,RIVKA,113,16
2011,FEMALE,WHITE NON HISPANIC,RIVKA,113,16
2011,FEMALE,WHITE NON HISPANIC,ALEXANDRA,109,17
2011,FEMALE,WHITE NON HISPANIC,ALEXANDRA,109,17
2011,FEMALE,WHITE NON HISPANIC,SARA,107,18
2011,FEMALE,WHITE NON HISPANIC,SARA,107,18
2011,FEMALE,WHITE NON HISPANIC,ABIGAIL,103,19
2011,FEMALE,WHITE NON HISPANIC,ABIGAIL,103,19
2011,FEMALE,WHITE NON HISPANIC,GABRIELLA,102,20
2011,FEMALE,WHITE NON HISPANIC,GABRIELLA,102,20
2011,FEMALE,WHITE NON HISPANIC,ELIZABETH,100,21
2011,FEMALE,WHITE NON HISPANIC,ELIZABETH,100,21
2011,FEMALE,WHITE NON HISPANIC,CHLOE,95,22
2011,FEMALE,WHITE NON HISPANIC,CHLOE,95,22
2011,FEMALE,WHITE NON HISPANIC,MAYA,94,23
2011,FEMALE,WHITE NON HISPANIC,MAYA,94,23
2011,FEMALE,WHITE NON HISPANIC,GRACE,93,24
2011,FEMALE,WHITE NON HISPANIC,GRACE,93,24
2011,FEMALE,WHITE NON HISPANIC,ANNA,85,25
2011,FEMALE,WHITE NON HISPANIC,ANNA,85,25
2011,FEMALE,WHITE NON HISPANIC,VICTORIA,84,26
2011,FEMALE,WHITE NON HISPANIC,VICTORIA,84,26
2011,FEMALE,WHITE NON HISPANIC,GITTY,82,27
2011,FEMALE,WHITE NON HISPANIC,GITTY,82,27
2011,FEMALE,WHITE NON HISPANIC,LILY,81,28
2011,FEMALE,WHITE NON HISPANIC,ZOE,81,28
2011,FEMALE,WHITE NON HISPANIC,LILY,81,28
2011,FEMALE,WHITE NON HISPANIC,SAMANTHA,74,29
2011,FEMALE,WHITE NON HISPANIC,SAMANTHA,74,29
2011,FEMALE,WHITE NON HISPANIC,FAIGY,72,30
2011,FEMALE,WHITE NON HISPANIC,FAIGY,72,30
2011,FEMALE,WHITE NON HISPANIC,HANNAH,71,31
2011,FEMALE,WHITE NON HISPANIC,HANNAH,71,31
2011,FEMALE,WHITE NON HISPANIC,STELLA,69,32
2011,FEMALE,WHITE NON HISPANIC,STELLA,69,32
2011,FEMALE,WHITE NON HISPANIC,GIANNA,68,33
2011,FEMALE,WHITE NON HISPANIC,GIANNA,68,33
2011,FEMALE,WHITE NON HISPANIC,SOPHIE,65,34
2011,FEMALE,WHITE NON HISPANIC,SOPHIE,65,34
2011,FEMALE,WHITE NON HISPANIC,EVA,64,35
2011,FEMALE,WHITE NON HISPANIC,EVA,64,35
2011,FEMALE,WHITE NON HISPANIC,MALKA,63,36
2011,FEMALE,WHITE NON HISPANIC,MALKA,63,36
2011,FEMALE,WHITE NON HISPANIC,AMELIA,62,37
2011,FEMALE,WHITE NON HISPANIC,AMELIA,62,37
2011,FEMALE,WHITE NON HISPANIC,MALKY,59,38
2011,FEMALE,WHITE NON HISPANIC,MALKY,59,38
2011,FEMALE,WHITE NON HISPANIC,MADISON,57,39
2011,FEMALE,WHITE NON HISPANIC,MADISON,57,39
2011,FEMALE,WHITE NON HISPANIC,ALEXA,54,40
2011,FEMALE,WHITE NON HISPANIC,ALEXA,54,40
2011,FEMALE,WHITE NON HISPANIC,REBECCA,54,40
2011,FEMALE,WHITE NON HISPANIC,REBECCA,54,40
2011,FEMALE,WHITE NON HISPANIC,AVERY,52,41
2011,FEMALE,WHITE NON HISPANIC,CAROLINE,52,41
2011,FEMALE,WHITE NON HISPANIC,CAROLINE,52,41
2011,FEMALE,WHITE NON HISPANIC,AVERY,52,41
2011,FEMALE,WHITE NON HISPANIC,RAIZY,51,42
2011,FEMALE,WHITE NON HISPANIC,RAIZY,51,42
2011,FEMALE,WHITE NON HISPANIC,ALICE,50,43
2011,FEMALE,WHITE NON HISPANIC,ANGELINA,50,43
2011,FEMALE,WHITE NON HISPANIC,ALICE,50,43
2011,FEMALE,WHITE NON HISPANIC,ANGELINA,50,43
2011,FEMALE,WHITE NON HISPANIC,SHAINDY,48,44
2011,FEMALE,WHITE NON HISPANIC,SHAINDY,48,44
2011,FEMALE,WHITE NON HISPANIC,LUCY,47,45
2011,FEMALE,WHITE NON HISPANIC,LUCY,47,45
2011,FEMALE,WHITE NON HISPANIC,LILLIAN,47,45
2011,FEMALE,WHITE NON HISPANIC,LILLIAN,47,45
2011,FEMALE,WHITE NON HISPANIC,NAOMI,46,46
2011,FEMALE,WHITE NON HISPANIC,NAOMI,46,46
2011,FEMALE,WHITE NON HISPANIC,CHAVA,46,46
2011,FEMALE,WHITE NON HISPANIC,CHAVA,46,46
2011,FEMALE,WHITE NON HISPANIC,KAYLA,45,47
2011,FEMALE,WHITE NON HISPANIC,NICOLE,45,47
2011,FEMALE,WHITE NON HISPANIC,NICOLE,45,47
2011,FEMALE,WHITE NON HISPANIC,KAYLA,45,47
2011,FEMALE,WHITE NON HISPANIC,KATHERINE,44,48
2011,FEMALE,WHITE NON HISPANIC,DEVORAH,44,48
2011,FEMALE,WHITE NON HISPANIC,KATHERINE,44,48
2011,FEMALE,WHITE NON HISPANIC,DEVORAH,44,48
2011,FEMALE,WHITE NON HISPANIC,RIVKY,43,49
2011,FEMALE,WHITE NON HISPANIC,RIVKY,43,49
2011,FEMALE,WHITE NON HISPANIC,GIULIANA,41,50
2011,FEMALE,WHITE NON HISPANIC,DANIELLA,41,50
2011,FEMALE,WHITE NON HISPANIC,DINA,41,50
2011,FEMALE,WHITE NON HISPANIC,GIULIANA,41,50
2011,FEMALE,WHITE NON HISPANIC,DANIELLA,41,50
2011,FEMALE,WHITE NON HISPANIC,DINA,41,50
2011,FEMALE,WHITE NON HISPANIC,NATALIE,40,51
2011,FEMALE,WHITE NON HISPANIC,BAILA,40,51
2011,FEMALE,WHITE NON HISPANIC,BAILA,40,51
2011,FEMALE,WHITE NON HISPANIC,NATALIE,40,51
2011,FEMALE,WHITE NON HISPANIC,ELEANOR,39,52
2011,FEMALE,WHITE NON HISPANIC,EVELYN,39,52
2011,FEMALE,WHITE NON HISPANIC,MARIA,39,52
2011,FEMALE,WHITE NON HISPANIC,ELEANOR,39,52
2011,FEMALE,WHITE NON HISPANIC,TOBY,39,52
2011,FEMALE,WHITE NON HISPANIC,MADELINE,39,52
2011,FEMALE,WHITE NON HISPANIC,EVELYN,39,52
2011,FEMALE,WHITE NON HISPANIC,NINA,39,52
2011,FEMALE,WHITE NON HISPANIC,MADELINE,39,52
2011,FEMALE,WHITE NON HISPANIC,NINA,39,52
2011,FEMALE,WHITE NON HISPANIC,TOBY,39,52
2011,FEMALE,WHITE NON HISPANIC,MARIA,39,52
2011,FEMALE,WHITE NON HISPANIC,SIENNA,38,53
2011,FEMALE,WHITE NON HISPANIC,PENELOPE,38,53
2011,FEMALE,WHITE NON HISPANIC,SIENNA,38,53
2011,FEMALE,WHITE NON HISPANIC,PENELOPE,38,53
2011,FEMALE,WHITE NON HISPANIC,CHANY,38,53
2011,FEMALE,WHITE NON HISPANIC,JULIANA,38,53
2011,FEMALE,WHITE NON HISPANIC,CHANY,38,53
2011,FEMALE,WHITE NON HISPANIC,VIOLET,38,53
2011,FEMALE,WHITE NON HISPANIC,VIOLET,38,53
2011,FEMALE,WHITE NON HISPANIC,JULIANA,38,53
2011,FEMALE,WHITE NON HISPANIC,HINDY,37,54
2011,FEMALE,WHITE NON HISPANIC,HINDY,37,54
2011,FEMALE,WHITE NON HISPANIC,MOLLY,36,55
2011,FEMALE,WHITE NON HISPANIC,ELIANA,36,55
2011,FEMALE,WHITE NON HISPANIC,ELIANA,36,55
2011,FEMALE,WHITE NON HISPANIC,JULIET,36,55
2011,FEMALE,WHITE NON HISPANIC,MOLLY,36,55
2011,FEMALE,WHITE NON HISPANIC,JULIET,36,55
2011,FEMALE,WHITE NON HISPANIC,CLAIRE,35,56
2011,FEMALE,WHITE NON HISPANIC,CLAIRE,35,56
2011,FEMALE,WHITE NON HISPANIC,SYDNEY,35,56
2011,FEMALE,WHITE NON HISPANIC,MICHELLE,35,56
2011,FEMALE,WHITE NON HISPANIC,MICHELLE,35,56
2011,FEMALE,WHITE NON HISPANIC,ROSE,35,56
2011,FEMALE,WHITE NON HISPANIC,ROSE,35,56
2011,FEMALE,WHITE NON HISPANIC,SYDNEY,35,56
2011,FEMALE,WHITE NON HISPANIC,NOA,34,57
2011,FEMALE,WHITE NON HISPANIC,ISABEL,34,57
2011,FEMALE,WHITE NON HISPANIC,SABRINA,34,57
2011,FEMALE,WHITE NON HISPANIC,HAILEY,34,57
2011,FEMALE,WHITE NON HISPANIC,LILA,34,57
2011,FEMALE,WHITE NON HISPANIC,NOA,34,57
2011,FEMALE,WHITE NON HISPANIC,LILA,34,57
2011,FEMALE,WHITE NON HISPANIC,HAILEY,34,57
2011,FEMALE,WHITE NON HISPANIC,ISABEL,34,57
2011,FEMALE,WHITE NON HISPANIC,SABRINA,34,57
2011,FEMALE,WHITE NON HISPANIC,FRANCESCA,33,58
2011,FEMALE,WHITE NON HISPANIC,BEATRICE,33,58
2011,FEMALE,WHITE NON HISPANIC,BROOKE,33,58
2011,FEMALE,WHITE NON HISPANIC,EMILIA,33,58
2011,FEMALE,WHITE NON HISPANIC,EMILIA,33,58
2011,FEMALE,WHITE NON HISPANIC,BROOKE,33,58
2011,FEMALE,WHITE NON HISPANIC,CATHERINE,33,58
2011,FEMALE,WHITE NON HISPANIC,JOSEPHINE,33,58
2011,FEMALE,WHITE NON HISPANIC,JOSEPHINE,33,58
2011,FEMALE,WHITE NON HISPANIC,GOLDY,33,58
2011,FEMALE,WHITE NON HISPANIC,GOLDY,33,58
2011,FEMALE,WHITE NON HISPANIC,BEATRICE,33,58
2011,FEMALE,WHITE NON HISPANIC,FRANCESCA,33,58
2011,FEMALE,WHITE NON HISPANIC,CATHERINE,33,58
2011,FEMALE,WHITE NON HISPANIC,SADIE,32,59
2011,FEMALE,WHITE NON HISPANIC,SADIE,32,59
2011,FEMALE,WHITE NON HISPANIC,BRIANNA,32,59
2011,FEMALE,WHITE NON HISPANIC,BRIANNA,32,59
2011,FEMALE,WHITE NON HISPANIC,YITTY,32,59
2011,FEMALE,WHITE NON HISPANIC,YITTY,32,59
2011,FEMALE,WHITE NON HISPANIC,VALENTINA,31,60
2011,FEMALE,WHITE NON HISPANIC,SCARLETT,31,60
2011,FEMALE,WHITE NON HISPANIC,MILA,31,60
2011,FEMALE,WHITE NON HISPANIC,VALENTINA,31,60
2011,FEMALE,WHITE NON HISPANIC,MILA,31,60
2011,FEMALE,WHITE NON HISPANIC,SCARLETT,31,60
2011,FEMALE,WHITE NON HISPANIC,FIONA,30,61
2011,FEMALE,WHITE NON HISPANIC,VIVIAN,30,61
2011,FEMALE,WHITE NON HISPANIC,HARPER,30,61
2011,FEMALE,WHITE NON HISPANIC,FIONA,30,61
2011,FEMALE,WHITE NON HISPANIC,HARPER,30,61
2011,FEMALE,WHITE NON HISPANIC,VIVIAN,30,61
2011,FEMALE,WHITE NON HISPANIC,ADRIANA,29,62
2011,FEMALE,WHITE NON HISPANIC,LILIANA,29,62
2011,FEMALE,WHITE NON HISPANIC,LAYLA,29,62
2011,FEMALE,WHITE NON HISPANIC,LILIANA,29,62
2011,FEMALE,WHITE NON HISPANIC,LAYLA,29,62
2011,FEMALE,WHITE NON HISPANIC,LEA,29,62
2011,FEMALE,WHITE NON HISPANIC,LENA,29,62
2011,FEMALE,WHITE NON HISPANIC,LEA,29,62
2011,FEMALE,WHITE NON HISPANIC,ADRIANA,29,62
2011,FEMALE,WHITE NON HISPANIC,LENA,29,62
2011,FEMALE,WHITE NON HISPANIC,ARIANNA,28,63
2011,FEMALE,WHITE NON HISPANIC,ALYSSA,28,63
2011,FEMALE,WHITE NON HISPANIC,CLARA,28,63
2011,FEMALE,WHITE NON HISPANIC,RUBY,28,63
2011,FEMALE,WHITE NON HISPANIC,ALYSSA,28,63
2011,FEMALE,WHITE NON HISPANIC,JULIANNA,28,63
2011,FEMALE,WHITE NON HISPANIC,JULIANNA,28,63
2011,FEMALE,WHITE NON HISPANIC,ARIANNA,28,63
2011,FEMALE,WHITE NON HISPANIC,RILEY,28,63
2011,FEMALE,WHITE NON HISPANIC,CLARA,28,63
2011,FEMALE,WHITE NON HISPANIC,RILEY,28,63
2011,FEMALE,WHITE NON HISPANIC,RUBY,28,63
2011,FEMALE,WHITE NON HISPANIC,ARIANA,27,64
2011,FEMALE,WHITE NON HISPANIC,ANNABELLE,27,64
2011,FEMALE,WHITE NON HISPANIC,ALEXIS,27,64
2011,FEMALE,WHITE NON HISPANIC,ARIANA,27,64
2011,FEMALE,WHITE NON HISPANIC,JANE,27,64
2011,FEMALE,WHITE NON HISPANIC,ANNABELLE,27,64
2011,FEMALE,WHITE NON HISPANIC,JANE,27,64
2011,FEMALE,WHITE NON HISPANIC,ALEXIS,27,64
2011,FEMALE,WHITE NON HISPANIC,FRAIDY,26,65
2011,FEMALE,WHITE NON HISPANIC,LAUREN,26,65
2011,FEMALE,WHITE NON HISPANIC,ELLIE,26,65
2011,FEMALE,WHITE NON HISPANIC,PESSY,26,65
2011,FEMALE,WHITE NON HISPANIC,TALIA,26,65
2011,FEMALE,WHITE NON HISPANIC,AUDREY,26,65
2011,FEMALE,WHITE NON HISPANIC,ARIELLA,26,65
2011,FEMALE,WHITE NON HISPANIC,ELLIE,26,65
2011,FEMALE,WHITE NON HISPANIC,TALIA,26,65
2011,FEMALE,WHITE NON HISPANIC,GEORGIA,26,65
2011,FEMALE,WHITE NON HISPANIC,GIA,26,65
2011,FEMALE,WHITE NON HISPANIC,PESSY,26,65
2011,FEMALE,WHITE NON HISPANIC,GIA,26,65
2011,FEMALE,WHITE NON HISPANIC,ARIELLA,26,65
2011,FEMALE,WHITE NON HISPANIC,LAUREN,26,65
2011,FEMALE,WHITE NON HISPANIC,FRAIDY,26,65
2011,FEMALE,WHITE NON HISPANIC,GEORGIA,26,65
2011,FEMALE,WHITE NON HISPANIC,AUDREY,26,65
2011,FEMALE,WHITE NON HISPANIC,ISABELLE,25,66
2011,FEMALE,WHITE NON HISPANIC,YIDES,25,66
2011,FEMALE,WHITE NON HISPANIC,ZISSY,25,66
2011,FEMALE,WHITE NON HISPANIC,ELIZA,25,66
2011,FEMALE,WHITE NON HISPANIC,MARGARET,25,66
2011,FEMALE,WHITE NON HISPANIC,NECHAMA,25,66
2011,FEMALE,WHITE NON HISPANIC,ELIZA,25,66
2011,FEMALE,WHITE NON HISPANIC,NECHAMA,25,66
2011,FEMALE,WHITE NON HISPANIC,MARGARET,25,66
2011,FEMALE,WHITE NON HISPANIC,ISABELLE,25,66
2011,FEMALE,WHITE NON HISPANIC,ZISSY,25,66
2011,FEMALE,WHITE NON HISPANIC,YIDES,25,66
2011,FEMALE,WHITE NON HISPANIC,TAYLOR,25,66
2011,FEMALE,WHITE NON HISPANIC,TAYLOR,25,66
2011,FEMALE,WHITE NON HISPANIC,MINDY,24,67
2011,FEMALE,WHITE NON HISPANIC,MADELEINE,24,67
2011,FEMALE,WHITE NON HISPANIC,BRACHA,24,67
2011,FEMALE,WHITE NON HISPANIC,MINDY,24,67
2011,FEMALE,WHITE NON HISPANIC,ELOISE,24,67
2011,FEMALE,WHITE NON HISPANIC,MADELEINE,24,67
2011,FEMALE,WHITE NON HISPANIC,ELOISE,24,67
2011,FEMALE,WHITE NON HISPANIC,EDEN,24,67
2011,FEMALE,WHITE NON HISPANIC,EDEN,24,67
2011,FEMALE,WHITE NON HISPANIC,BRACHA,24,67
2011,FEMALE,WHITE NON HISPANIC,YEHUDIS,23,68
2011,FEMALE,WHITE NON HISPANIC,GITTEL,23,68
2011,FEMALE,WHITE NON HISPANIC,PHOEBE,23,68
2011,FEMALE,WHITE NON HISPANIC,PEARL,23,68
2011,FEMALE,WHITE NON HISPANIC,NORA,23,68
2011,FEMALE,WHITE NON HISPANIC,BLIMY,23,68
2011,FEMALE,WHITE NON HISPANIC,YEHUDIS,23,68
2011,FEMALE,WHITE NON HISPANIC,PHOEBE,23,68
2011,FEMALE,WHITE NON HISPANIC,LIBBY,23,68
2011,FEMALE,WHITE NON HISPANIC,PEARL,23,68
2011,FEMALE,WHITE NON HISPANIC,NORA,23,68
2011,FEMALE,WHITE NON HISPANIC,LIA,23,68
2011,FEMALE,WHITE NON HISPANIC,BLIMY,23,68
2011,FEMALE,WHITE NON HISPANIC,JULIETTE,23,68
2011,FEMALE,WHITE NON HISPANIC,LAILA,23,68
2011,FEMALE,WHITE NON HISPANIC,LAILA,23,68
2011,FEMALE,WHITE NON HISPANIC,GITTEL,23,68
2011,FEMALE,WHITE NON HISPANIC,LIA,23,68
2011,FEMALE,WHITE NON HISPANIC,LIBBY,23,68
2011,FEMALE,WHITE NON HISPANIC,JULIETTE,23,68
2011,FEMALE,WHITE NON HISPANIC,LUCIA,23,68
2011,FEMALE,WHITE NON HISPANIC,LOLA,22,69
2011,FEMALE,WHITE NON HISPANIC,JENNA,22,69
2011,FEMALE,WHITE NON HISPANIC,EVE,22,69
2011,FEMALE,WHITE NON HISPANIC,LOLA,22,69
2011,FEMALE,WHITE NON HISPANIC,ALIZA,22,69
2011,FEMALE,WHITE NON HISPANIC,JENNA,22,69
2011,FEMALE,WHITE NON HISPANIC,JESSICA,22,69
2011,FEMALE,WHITE NON HISPANIC,SHIRA,22,69
2011,FEMALE,WHITE NON HISPANIC,BELLA,22,69
2011,FEMALE,WHITE NON HISPANIC,EVE,22,69
2011,FEMALE,WHITE NON HISPANIC,ADELE,22,69
2011,FEMALE,WHITE NON HISPANIC,SHOSHANA,22,69
2011,FEMALE,WHITE NON HISPANIC,SHIRA,22,69
2011,FEMALE,WHITE NON HISPANIC,ALIZA,22,69
2011,FEMALE,WHITE NON HISPANIC,ROCHEL,22,69
2011,FEMALE,WHITE NON HISPANIC,ADELE,22,69
2011,FEMALE,WHITE NON HISPANIC,BELLA,22,69
2011,FEMALE,WHITE NON HISPANIC,ROCHEL,22,69
2011,FEMALE,WHITE NON HISPANIC,JESSICA,22,69
2011,FEMALE,WHITE NON HISPANIC,VERONICA,22,69
2011,FEMALE,WHITE NON HISPANIC,SHOSHANA,22,69
2011,FEMALE,WHITE NON HISPANIC,VERONICA,22,69
2011,FEMALE,WHITE NON HISPANIC,ZOEY,21,70
2011,FEMALE,WHITE NON HISPANIC,VIVIENNE,21,70
2011,FEMALE,WHITE NON HISPANIC,YAEL,21,70
2011,FEMALE,WHITE NON HISPANIC,LYLA,21,70
2011,FEMALE,WHITE NON HISPANIC,VIVIENNE,21,70
2011,FEMALE,WHITE NON HISPANIC,MAEVE,21,70
2011,FEMALE,WHITE NON HISPANIC,MAEVE,21,70
2011,FEMALE,WHITE NON HISPANIC,LYLA,21,70
2011,FEMALE,WHITE NON HISPANIC,YAEL,21,70
2011,FEMALE,WHITE NON HISPANIC,ZOEY,21,70
2011,FEMALE,WHITE NON HISPANIC,JACQUELINE,20,71
2011,FEMALE,WHITE NON HISPANIC,RAIZEL,20,71
2011,FEMALE,WHITE NON HISPANIC,SHIFRA,20,71
2011,FEMALE,WHITE NON HISPANIC,JACQUELINE,20,71
2011,FEMALE,WHITE NON HISPANIC,BATSHEVA,20,71
2011,FEMALE,WHITE NON HISPANIC,DYLAN,20,71
2011,FEMALE,WHITE NON HISPANIC,BLIMA,20,71
2011,FEMALE,WHITE NON HISPANIC,YOCHEVED,20,71
2011,FEMALE,WHITE NON HISPANIC,RAIZEL,20,71
2011,FEMALE,WHITE NON HISPANIC,SURY,20,71
2011,FEMALE,WHITE NON HISPANIC,NATALIA,20,71
2011,FEMALE,WHITE NON HISPANIC,ALESSANDRA,20,71
2011,FEMALE,WHITE NON HISPANIC,ASHLEY,20,71
2011,FEMALE,WHITE NON HISPANIC,LIBA,20,71
2011,FEMALE,WHITE NON HISPANIC,SURY,20,71
2011,FEMALE,WHITE NON HISPANIC,MORGAN,20,71
2011,FEMALE,WHITE NON HISPANIC,ALESSANDRA,20,71
2011,FEMALE,WHITE NON HISPANIC,NATALIA,20,71
2011,FEMALE,WHITE NON HISPANIC,BLIMA,20,71
2011,FEMALE,WHITE NON HISPANIC,BATSHEVA,20,71
2011,FEMALE,WHITE NON HISPANIC,MORGAN,20,71
2011,FEMALE,WHITE NON HISPANIC,DYLAN,20,71
2011,FEMALE,WHITE NON HISPANIC,YOCHEVED,20,71
2011,FEMALE,WHITE NON HISPANIC,SHIFRA,20,71
2011,FEMALE,WHITE NON HISPANIC,ASHLEY,20,71
2011,FEMALE,WHITE NON HISPANIC,LIBA,20,71
2011,FEMALE,WHITE NON HISPANIC,ANASTASIA,19,72
2011,FEMALE,WHITE NON HISPANIC,ADINA,19,72
2011,FEMALE,WHITE NON HISPANIC,ANASTASIA,19,72
2011,FEMALE,WHITE NON HISPANIC,ADDISON,19,72
2011,FEMALE,WHITE NON HISPANIC,SIMA,19,72
2011,FEMALE,WHITE NON HISPANIC,BRUCHA,19,72
2011,FEMALE,WHITE NON HISPANIC,BRUCHA,19,72
2011,FEMALE,WHITE NON HISPANIC,ADDISON,19,72
2011,FEMALE,WHITE NON HISPANIC,GABRIELA,19,72
2011,FEMALE,WHITE NON HISPANIC,ADINA,19,72
2011,FEMALE,WHITE NON HISPANIC,GABRIELA,19,72
2011,FEMALE,WHITE NON HISPANIC,ELENA,19,72
2011,FEMALE,WHITE NON HISPANIC,VERA,19,72
2011,FEMALE,WHITE NON HISPANIC,VERA,19,72
2011,FEMALE,WHITE NON HISPANIC,SIMA,19,72
2011,FEMALE,WHITE NON HISPANIC,ELENA,19,72
2011,FEMALE,WHITE NON HISPANIC,HAZEL,18,73
2011,FEMALE,WHITE NON HISPANIC,MACKENZIE,18,73
2011,FEMALE,WHITE NON HISPANIC,AVIVA,18,73
2011,FEMALE,WHITE NON HISPANIC,ADRIANNA,18,73
2011,FEMALE,WHITE NON HISPANIC,ESTY,18,73
2011,FEMALE,WHITE NON HISPANIC,HENNY,18,73
2011,FEMALE,WHITE NON HISPANIC,ADRIANNA,18,73
2011,FEMALE,WHITE NON HISPANIC,LAURA,18,73
2011,FEMALE,WHITE NON HISPANIC,HENNY,18,73
2011,FEMALE,WHITE NON HISPANIC,LAURA,18,73
2011,FEMALE,WHITE NON HISPANIC,HAZEL,18,73
2011,FEMALE,WHITE NON HISPANIC,AVIVA,18,73
2011,FEMALE,WHITE NON HISPANIC,MACKENZIE,18,73
2011,FEMALE,WHITE NON HISPANIC,ESTY,18,73
2011,FEMALE,WHITE NON HISPANIC,MARIAM,17,74
2011,FEMALE,WHITE NON HISPANIC,SALMA,17,74
2011,FEMALE,WHITE NON HISPANIC,KATE,17,74
2011,FEMALE,WHITE NON HISPANIC,KAITLYN,17,74
2011,FEMALE,WHITE NON HISPANIC,DEVORA,17,74
2011,FEMALE,WHITE NON HISPANIC,AMINA,17,74
2011,FEMALE,WHITE NON HISPANIC,DEVORA,17,74
2011,FEMALE,WHITE NON HISPANIC,LIANA,17,74
2011,FEMALE,WHITE NON HISPANIC,SLOANE,17,74
2011,FEMALE,WHITE NON HISPANIC,SKYLAR,17,74
2011,FEMALE,WHITE NON HISPANIC,LIANA,17,74
2011,FEMALE,WHITE NON HISPANIC,AMINA,17,74
2011,FEMALE,WHITE NON HISPANIC,ELLE,17,74
2011,FEMALE,WHITE NON HISPANIC,MARIAM,17,74
2011,FEMALE,WHITE NON HISPANIC,KAITLYN,17,74
2011,FEMALE,WHITE NON HISPANIC,SALMA,17,74
2011,FEMALE,WHITE NON HISPANIC,SKYLAR,17,74
2011,FEMALE,WHITE NON HISPANIC,SLOANE,17,74
2011,FEMALE,WHITE NON HISPANIC,ELLE,17,74
2011,FEMALE,WHITE NON HISPANIC,KATE,17,74
2011,FEMALE,WHITE NON HISPANIC,FAIGA,16,75
2011,FEMALE,WHITE NON HISPANIC,AHUVA,16,75
2011,FEMALE,WHITE NON HISPANIC,CECILIA,16,75
2011,FEMALE,WHITE NON HISPANIC,MARY,16,75
2011,FEMALE,WHITE NON HISPANIC,EMERSON,16,75
2011,FEMALE,WHITE NON HISPANIC,SASHA,16,75
2011,FEMALE,WHITE NON HISPANIC,SUMMER,16,75
2011,FEMALE,WHITE NON HISPANIC,SASHA,16,75
2011,FEMALE,WHITE NON HISPANIC,EMERSON,16,75
2011,FEMALE,WHITE NON HISPANIC,MICHAL,16,75
2011,FEMALE,WHITE NON HISPANIC,FRADEL,16,75
2011,FEMALE,WHITE NON HISPANIC,SHAINA,16,75
2011,FEMALE,WHITE NON HISPANIC,FRADEL,16,75
2011,FEMALE,WHITE NON HISPANIC,CECILIA,16,75
2011,FEMALE,WHITE NON HISPANIC,SERENA,16,75
2011,FEMALE,WHITE NON HISPANIC,SUMMER,16,75
2011,FEMALE,WHITE NON HISPANIC,SERENA,16,75
2011,FEMALE,WHITE NON HISPANIC,SHAINA,16,75
2011,FEMALE,WHITE NON HISPANIC,SAVANNAH,16,75
2011,FEMALE,WHITE NON HISPANIC,MARY,16,75
2011,FEMALE,WHITE NON HISPANIC,SIENA,16,75
2011,FEMALE,WHITE NON HISPANIC,SIENA,16,75
2011,FEMALE,WHITE NON HISPANIC,FAIGA,16,75
2011,FEMALE,WHITE NON HISPANIC,MICHAL,16,75
2011,FEMALE,WHITE NON HISPANIC,AHUVA,16,75
2011,FEMALE,WHITE NON HISPANIC,SAVANNAH,16,75
2011,FEMALE,WHITE NON HISPANIC,ALLISON,15,76
2011,FEMALE,WHITE NON HISPANIC,IVY,15,76
2011,FEMALE,WHITE NON HISPANIC,HADASSAH,15,76
2011,FEMALE,WHITE NON HISPANIC,MICHAELA,15,76
2011,FEMALE,WHITE NON HISPANIC,BATYA,15,76
2011,FEMALE,WHITE NON HISPANIC,GEMMA,15,76
2011,FEMALE,WHITE NON HISPANIC,GABRIELLE,15,76
2011,FEMALE,WHITE NON HISPANIC,AMANDA,15,76
2011,FEMALE,WHITE NON HISPANIC,AMELIE,15,76
2011,FEMALE,WHITE NON HISPANIC,ETTY,15,76
2011,FEMALE,WHITE NON HISPANIC,PEREL,15,76
2011,FEMALE,WHITE NON HISPANIC,BREINDY,15,76
2011,FEMALE,WHITE NON HISPANIC,ERIN,15,76
2011,FEMALE,WHITE NON HISPANIC,BROOKLYN,15,76
2011,FEMALE,WHITE NON HISPANIC,GABRIELLE,15,76
2011,FEMALE,WHITE NON HISPANIC,ETTY,15,76
2011,FEMALE,WHITE NON HISPANIC,GEMMA,15,76
2011,FEMALE,WHITE NON HISPANIC,IVY,15,76
2011,FEMALE,WHITE NON HISPANIC,SHAINDEL,15,76
2011,FEMALE,WHITE NON HISPANIC,ERIN,15,76
2011,FEMALE,WHITE NON HISPANIC,MADELYN,15,76
2011,FEMALE,WHITE NON HISPANIC,HADASSAH,15,76
2011,FEMALE,WHITE NON HISPANIC,AMANDA,15,76
2011,FEMALE,WHITE NON HISPANIC,MALAK,15,76
2011,FEMALE,WHITE NON HISPANIC,MICHAELA,15,76
2011,FEMALE,WHITE NON HISPANIC,BREINDY,15,76
2011,FEMALE,WHITE NON HISPANIC,DANIELLE,15,76
2011,FEMALE,WHITE NON HISPANIC,ALLISON,15,76
2011,FEMALE,WHITE NON HISPANIC,BATYA,15,76
2011,FEMALE,WHITE NON HISPANIC,DAHLIA,15,76
2011,FEMALE,WHITE NON HISPANIC,AMELIE,15,76
2011,FEMALE,WHITE NON HISPANIC,PEREL,15,76
2011,FEMALE,WHITE NON HISPANIC,DAHLIA,15,76
2011,FEMALE,WHITE NON HISPANIC,SIMONE,15,76
2011,FEMALE,WHITE NON HISPANIC,DANIELLE,15,76
2011,FEMALE,WHITE NON HISPANIC,SIMONE,15,76
2011,FEMALE,WHITE NON HISPANIC,MADELYN,15,76
2011,FEMALE,WHITE NON HISPANIC,MALAK,15,76
2011,FEMALE,WHITE NON HISPANIC,BROOKLYN,15,76
2011,FEMALE,WHITE NON HISPANIC,SHAINDEL,15,76
2011,FEMALE,WHITE NON HISPANIC,BLAKE,14,77
2011,FEMALE,WHITE NON HISPANIC,GOLDA,14,77
2011,FEMALE,WHITE NON HISPANIC,BRYNN,14,77
2011,FEMALE,WHITE NON HISPANIC,CHARLIE,14,77
2011,FEMALE,WHITE NON HISPANIC,CHRISTINA,14,77
2011,FEMALE,WHITE NON HISPANIC,COLETTE,14,77
2011,FEMALE,WHITE NON HISPANIC,ELISHEVA,14,77
2011,FEMALE,WHITE NON HISPANIC,ESTER,14,77
2011,FEMALE,WHITE NON HISPANIC,GOLDA,14,77
2011,FEMALE,WHITE NON HISPANIC,ISLA,14,77
2011,FEMALE,WHITE NON HISPANIC,JASMINE,14,77
2011,FEMALE,WHITE NON HISPANIC,JOYCE,14,77
2011,FEMALE,WHITE NON HISPANIC,MATILDA,14,77
2011,FEMALE,WHITE NON HISPANIC,RYAN,14,77
2011,FEMALE,WHITE NON HISPANIC,ESTER,14,77
2011,FEMALE,WHITE NON HISPANIC,VANESSA,14,77
2011,FEMALE,WHITE NON HISPANIC,TZIVIA,14,77
2011,FEMALE,WHITE NON HISPANIC,TESSA,14,77
2011,FEMALE,WHITE NON HISPANIC,SURI,14,77
2011,FEMALE,WHITE NON HISPANIC,SURI,14,77
2011,FEMALE,WHITE NON HISPANIC,TESSA,14,77
2011,FEMALE,WHITE NON HISPANIC,TZIVIA,14,77
2011,FEMALE,WHITE NON HISPANIC,VANESSA,14,77
2011,FEMALE,WHITE NON HISPANIC,ISLA,14,77
2011,FEMALE,WHITE NON HISPANIC,JASMINE,14,77
2011,FEMALE,WHITE NON HISPANIC,JOYCE,14,77
2011,FEMALE,WHITE NON HISPANIC,MATILDA,14,77
2011,FEMALE,WHITE NON HISPANIC,RYAN,14,77
2011,FEMALE,WHITE NON HISPANIC,BRIDGET,14,77
2011,FEMALE,WHITE NON HISPANIC,ARIEL,14,77
2011,FEMALE,WHITE NON HISPANIC,ANNABEL,14,77
2011,FEMALE,WHITE NON HISPANIC,ALISA,14,77
2011,FEMALE,WHITE NON HISPANIC,ELISHEVA,14,77
2011,FEMALE,WHITE NON HISPANIC,ALESSIA,14,77
2011,FEMALE,WHITE NON HISPANIC,COLETTE,14,77
2011,FEMALE,WHITE NON HISPANIC,CHRISTINA,14,77
2011,FEMALE,WHITE NON HISPANIC,CHARLIE,14,77
2011,FEMALE,WHITE NON HISPANIC,BRYNN,14,77
2011,FEMALE,WHITE NON HISPANIC,BRIDGET,14,77
2011,FEMALE,WHITE NON HISPANIC,BLAKE,14,77
2011,FEMALE,WHITE NON HISPANIC,ARIEL,14,77
2011,FEMALE,WHITE NON HISPANIC,ANNABEL,14,77
2011,FEMALE,WHITE NON HISPANIC,ALISA,14,77
2011,FEMALE,WHITE NON HISPANIC,ALESSIA,14,77
2011,FEMALE,WHITE NON HISPANIC,IRIS,13,78
2011,FEMALE,WHITE NON HISPANIC,DIANA,13,78
2011,FEMALE,WHITE NON HISPANIC,DANIELA,13,78
2011,FEMALE,WHITE NON HISPANIC,DAISY,13,78
2011,FEMALE,WHITE NON HISPANIC,PARKER,13,78
2011,FEMALE,WHITE NON HISPANIC,PAIGE,13,78
2011,FEMALE,WHITE NON HISPANIC,MILENA,13,78
2011,FEMALE,WHITE NON HISPANIC,LARA,13,78
2011,FEMALE,WHITE NON HISPANIC,DANIELA,13,78
2011,FEMALE,WHITE NON HISPANIC,YACHET,13,78
2011,FEMALE,WHITE NON HISPANIC,DIANA,13,78
2011,FEMALE,WHITE NON HISPANIC,BRUCHY,13,78
2011,FEMALE,WHITE NON HISPANIC,MILENA,13,78
2011,FEMALE,WHITE NON HISPANIC,LINA,13,78
2011,FEMALE,WHITE NON HISPANIC,LILLY,13,78
2011,FEMALE,WHITE NON HISPANIC,PAIGE,13,78
2011,FEMALE,WHITE NON HISPANIC,PARKER,13,78
2011,FEMALE,WHITE NON HISPANIC,LARA,13,78
2011,FEMALE,WHITE NON HISPANIC,KYLIE,13,78
2011,FEMALE,WHITE NON HISPANIC,REESE,13,78
2011,FEMALE,WHITE NON HISPANIC,KYLIE,13,78
2011,FEMALE,WHITE NON HISPANIC,RIFKY,13,78
2011,FEMALE,WHITE NON HISPANIC,ROIZY,13,78
2011,FEMALE,WHITE NON HISPANIC,BRUCHY,13,78
2011,FEMALE,WHITE NON HISPANIC,YACHET,13,78
2011,FEMALE,WHITE NON HISPANIC,WILLA,13,78
2011,FEMALE,WHITE NON HISPANIC,ELISE,13,78
2011,FEMALE,WHITE NON HISPANIC,WILLA,13,78
2011,FEMALE,WHITE NON HISPANIC,ROIZY,13,78
2011,FEMALE,WHITE NON HISPANIC,LILLY,13,78
2011,FEMALE,WHITE NON HISPANIC,DAISY,13,78
2011,FEMALE,WHITE NON HISPANIC,ELISE,13,78
2011,FEMALE,WHITE NON HISPANIC,RIFKY,13,78
2011,FEMALE,WHITE NON HISPANIC,LINA,13,78
2011,FEMALE,WHITE NON HISPANIC,REESE,13,78
2011,FEMALE,WHITE NON HISPANIC,TZIPORA,12,79
2011,FEMALE,WHITE NON HISPANIC,GENEVIEVE,12,79
2011,FEMALE,WHITE NON HISPANIC,KATHRYN,12,79
2011,FEMALE,WHITE NON HISPANIC,LEORA,12,79
2011,FEMALE,WHITE NON HISPANIC,LILAH,12,79
2011,FEMALE,WHITE NON HISPANIC,MAKAYLA,12,79
2011,FEMALE,WHITE NON HISPANIC,RUCHY,12,79
2011,FEMALE,WHITE NON HISPANIC,MELANIE,12,79
2011,FEMALE,WHITE NON HISPANIC,MIKAYLA,12,79
2011,FEMALE,WHITE NON HISPANIC,RIFKA,12,79
2011,FEMALE,WHITE NON HISPANIC,RUCHY,12,79
2011,FEMALE,WHITE NON HISPANIC,GRETA,12,79
2011,FEMALE,WHITE NON HISPANIC,BARBARA,12,79
2011,FEMALE,WHITE NON HISPANIC,RIFKA,12,79
2011,FEMALE,WHITE NON HISPANIC,ADELINE,12,79
2011,FEMALE,WHITE NON HISPANIC,MIKAYLA,12,79
2011,FEMALE,WHITE NON HISPANIC,CASEY,12,79
2011,FEMALE,WHITE NON HISPANIC,MELANIE,12,79
2011,FEMALE,WHITE NON HISPANIC,CASEY,12,79
2011,FEMALE,WHITE NON HISPANIC,MAKAYLA,12,79
2011,FEMALE,WHITE NON HISPANIC,LILAH,12,79
2011,FEMALE,WHITE NON HISPANIC,LEORA,12,79
2011,FEMALE,WHITE NON HISPANIC,BARBARA,12,79
2011,FEMALE,WHITE NON HISPANIC,KATHRYN,12,79
2011,FEMALE,WHITE NON HISPANIC,ADELINE,12,79
2011,FEMALE,WHITE NON HISPANIC,GRETA,12,79
2011,FEMALE,WHITE NON HISPANIC,TZIPORA,12,79
2011,FEMALE,WHITE NON HISPANIC,GENEVIEVE,12,79
2011,FEMALE,WHITE NON HISPANIC,KAYLEE,11,80
2011,FEMALE,WHITE NON HISPANIC,JORDYN,11,80
2011,FEMALE,WHITE NON HISPANIC,ELLIANA,11,80
2011,FEMALE,WHITE NON HISPANIC,VERONIKA,11,80
2011,FEMALE,WHITE NON HISPANIC,VALERIE,11,80
2011,FEMALE,WHITE NON HISPANIC,TAMAR,11,80
2011,FEMALE,WHITE NON HISPANIC,SYLVIA,11,80
2011,FEMALE,WHITE NON HISPANIC,AMY,11,80
2011,FEMALE,WHITE NON HISPANIC,AMIRA,11,80
2011,FEMALE,WHITE NON HISPANIC,SYLVIA,11,80
2011,FEMALE,WHITE NON HISPANIC,TAMAR,11,80
2011,FEMALE,WHITE NON HISPANIC,FINLEY,11,80
2011,FEMALE,WHITE NON HISPANIC,HANNA,11,80
2011,FEMALE,WHITE NON HISPANIC,VALERIE,11,80
2011,FEMALE,WHITE NON HISPANIC,ELLIANA,11,80
2011,FEMALE,WHITE NON HISPANIC,VERONIKA,11,80
2011,FEMALE,WHITE NON HISPANIC,HADASSA,11,80
2011,FEMALE,WHITE NON HISPANIC,HANNA,11,80
2011,FEMALE,WHITE NON HISPANIC,JORDYN,11,80
2011,FEMALE,WHITE NON HISPANIC,AVIGAIL,11,80
2011,FEMALE,WHITE NON HISPANIC,KAYLEE,11,80
2011,FEMALE,WHITE NON HISPANIC,KIRA,11,80
2011,FEMALE,WHITE NON HISPANIC,CAITLIN,11,80
2011,FEMALE,WHITE NON HISPANIC,FINLEY,11,80
2011,FEMALE,WHITE NON HISPANIC,CAMERON,11,80
2011,FEMALE,WHITE NON HISPANIC,CAITLIN,11,80
2011,FEMALE,WHITE NON HISPANIC,CAMERON,11,80
2011,FEMALE,WHITE NON HISPANIC,PIPER,11,80
2011,FEMALE,WHITE NON HISPANIC,HADASSA,11,80
2011,FEMALE,WHITE NON HISPANIC,ALICIA,11,80
2011,FEMALE,WHITE NON HISPANIC,ALINA,11,80
2011,FEMALE,WHITE NON HISPANIC,AMIRA,11,80
2011,FEMALE,WHITE NON HISPANIC,AMY,11,80
2011,FEMALE,WHITE NON HISPANIC,ALICIA,11,80
2011,FEMALE,WHITE NON HISPANIC,AVIGAIL,11,80
2011,FEMALE,WHITE NON HISPANIC,ALINA,11,80
2011,FEMALE,WHITE NON HISPANIC,RUTH,11,80
2011,FEMALE,WHITE NON HISPANIC,PIPER,11,80
2011,FEMALE,WHITE NON HISPANIC,RUTH,11,80
2011,FEMALE,WHITE NON HISPANIC,KIRA,11,80
2011,FEMALE,WHITE NON HISPANIC,IZABELLA,10,81
2011,FEMALE,WHITE NON HISPANIC,SHEVY,10,81
2011,FEMALE,WHITE NON HISPANIC,SIMI,10,81
2011,FEMALE,WHITE NON HISPANIC,LEILA,10,81
2011,FEMALE,WHITE NON HISPANIC,TZIPORAH,10,81
2011,FEMALE,WHITE NON HISPANIC,TZIPPY,10,81
2011,FEMALE,WHITE NON HISPANIC,QUINN,10,81
2011,FEMALE,WHITE NON HISPANIC,YASMINE,10,81
2011,FEMALE,WHITE NON HISPANIC,GIOVANNA,10,81
2011,FEMALE,WHITE NON HISPANIC,SHEVY,10,81
2011,FEMALE,WHITE NON HISPANIC,ARIELA,10,81
2011,FEMALE,WHITE NON HISPANIC,IDY,10,81
2011,FEMALE,WHITE NON HISPANIC,ILANA,10,81
2011,FEMALE,WHITE NON HISPANIC,ATARA,10,81
2011,FEMALE,WHITE NON HISPANIC,AUBREY,10,81
2011,FEMALE,WHITE NON HISPANIC,IZABELLA,10,81
2011,FEMALE,WHITE NON HISPANIC,AUTUMN,10,81
2011,FEMALE,WHITE NON HISPANIC,JULIE,10,81
2011,FEMALE,WHITE NON HISPANIC,NICOLETTE,10,81
2011,FEMALE,WHITE NON HISPANIC,FRIMET,10,81
2011,FEMALE,WHITE NON HISPANIC,AYLA,10,81
2011,FEMALE,WHITE NON HISPANIC,SIMI,10,81
2011,FEMALE,WHITE NON HISPANIC,MIRI,10,81
2011,FEMALE,WHITE NON HISPANIC,BIANCA,10,81
2011,FEMALE,WHITE NON HISPANIC,LEILA,10,81
2011,FEMALE,WHITE NON HISPANIC,LONDON,10,81
2011,FEMALE,WHITE NON HISPANIC,IDY,10,81
2011,FEMALE,WHITE NON HISPANIC,CELIA,10,81
2011,FEMALE,WHITE NON HISPANIC,MIRI,10,81
2011,FEMALE,WHITE NON HISPANIC,NICOLETTE,10,81
2011,FEMALE,WHITE NON HISPANIC,CELIA,10,81
2011,FEMALE,WHITE NON HISPANIC,ILANA,10,81
2011,FEMALE,WHITE NON HISPANIC,CHAVY,10,81
2011,FEMALE,WHITE NON HISPANIC,QUINN,10,81
2011,FEMALE,WHITE NON HISPANIC,GIOVANNA,10,81
2011,FEMALE,WHITE NON HISPANIC,CORA,10,81
2011,FEMALE,WHITE NON HISPANIC,DALIA,10,81
2011,FEMALE,WHITE NON HISPANIC,CHAVY,10,81
2011,FEMALE,WHITE NON HISPANIC,CORA,10,81
2011,FEMALE,WHITE NON HISPANIC,JULIE,10,81
2011,FEMALE,WHITE NON HISPANIC,LONDON,10,81
2011,FEMALE,WHITE NON HISPANIC,ANGELICA,10,81
2011,FEMALE,WHITE NON HISPANIC,DALIA,10,81
2011,FEMALE,WHITE NON HISPANIC,ARIELA,10,81
2011,FEMALE,WHITE NON HISPANIC,ATARA,10,81
2011,FEMALE,WHITE NON HISPANIC,AUBREY,10,81
2011,FEMALE,WHITE NON HISPANIC,AUTUMN,10,81
2011,FEMALE,WHITE NON HISPANIC,YASMINE,10,81
2011,FEMALE,WHITE NON HISPANIC,AYLA,10,81
2011,FEMALE,WHITE NON HISPANIC,ANGELICA,10,81
2011,FEMALE,WHITE NON HISPANIC,TZIPPY,10,81
2011,FEMALE,WHITE NON HISPANIC,TZIPORAH,10,81
2011,FEMALE,WHITE NON HISPANIC,FRIMET,10,81
2011,FEMALE,WHITE NON HISPANIC,BIANCA,10,81
2011,MALE,ASIAN AND PACIFIC ISLANDER,ETHAN,177,1
2011,MALE,ASIAN AND PACIFIC ISLANDER,ETHAN,177,1
2011,MALE,ASIAN AND PACIFIC ISLANDER,JAYDEN,173,2
2011,MALE,ASIAN AND PACIFIC ISLANDER,JAYDEN,173,2
2011,MALE,ASIAN AND PACIFIC ISLANDER,RYAN,150,3
2011,MALE,ASIAN AND PACIFIC ISLANDER,RYAN,150,3
2011,MALE,ASIAN AND PACIFIC ISLANDER,JUSTIN,110,4
2011,MALE,ASIAN AND PACIFIC ISLANDER,JUSTIN,110,4
2011,MALE,ASIAN AND PACIFIC ISLANDER,LUCAS,103,5
2011,MALE,ASIAN AND PACIFIC ISLANDER,LUCAS,103,5
2011,MALE,ASIAN AND PACIFIC ISLANDER,JASON,98,6
2011,MALE,ASIAN AND PACIFIC ISLANDER,JASON,98,6
2011,MALE,ASIAN AND PACIFIC ISLANDER,AIDEN,96,7
2011,MALE,ASIAN AND PACIFIC ISLANDER,AIDEN,96,7
2011,MALE,ASIAN AND PACIFIC ISLANDER,KEVIN,92,8
2011,MALE,ASIAN AND PACIFIC ISLANDER,KEVIN,92,8
2011,MALE,ASIAN AND PACIFIC ISLANDER,ERIC,85,9
2011,MALE,ASIAN AND PACIFIC ISLANDER,ERIC,85,9
2011,MALE,ASIAN AND PACIFIC ISLANDER,DANIEL,84,10
2011,MALE,ASIAN AND PACIFIC ISLANDER,DANIEL,84,10
2011,MALE,ASIAN AND PACIFIC ISLANDER,MUHAMMAD,76,11
2011,MALE,ASIAN AND PACIFIC ISLANDER,MUHAMMAD,76,11
2011,MALE,ASIAN AND PACIFIC ISLANDER,MATTHEW,74,12
2011,MALE,ASIAN AND PACIFIC ISLANDER,MATTHEW,74,12
2011,MALE,ASIAN AND PACIFIC ISLANDER,VINCENT,71,13
2011,MALE,ASIAN AND PACIFIC ISLANDER,VINCENT,71,13
2011,MALE,ASIAN AND PACIFIC ISLANDER,ANDREW,70,14
2011,MALE,ASIAN AND PACIFIC ISLANDER,ANDREW,70,14
2011,MALE,ASIAN AND PACIFIC ISLANDER,WILLIAM,66,15
2011,MALE,ASIAN AND PACIFIC ISLANDER,IVAN,66,15
2011,MALE,ASIAN AND PACIFIC ISLANDER,WILLIAM,66,15
2011,MALE,ASIAN AND PACIFIC ISLANDER,IVAN,66,15
2011,MALE,ASIAN AND PACIFIC ISLANDER,AUSTIN,64,16
2011,MALE,ASIAN AND PACIFIC ISLANDER,AUSTIN,64,16
2011,MALE,ASIAN AND PACIFIC ISLANDER,DYLAN,53,17
2011,MALE,ASIAN AND PACIFIC ISLANDER,DYLAN,53,17
2011,MALE,ASIAN AND PACIFIC ISLANDER,ALEX,52,18
2011,MALE,ASIAN AND PACIFIC ISLANDER,ALEX,52,18
2011,MALE,ASIAN AND PACIFIC ISLANDER,EVAN,51,19
2011,MALE,ASIAN AND PACIFIC ISLANDER,AARON,51,19
2011,MALE,ASIAN AND PACIFIC ISLANDER,AARON,51,19
2011,MALE,ASIAN AND PACIFIC ISLANDER,EVAN,51,19
2011,MALE,ASIAN AND PACIFIC ISLANDER,JONATHAN,50,20
2011,MALE,ASIAN AND PACIFIC ISLANDER,JONATHAN,50,20
2011,MALE,ASIAN AND PACIFIC ISLANDER,JACOB,49,21
2011,MALE,ASIAN AND PACIFIC ISLANDER,JACOB,49,21
2011,MALE,ASIAN AND PACIFIC ISLANDER,ALEXANDER,47,22
2011,MALE,ASIAN AND PACIFIC ISLANDER,ALEXANDER,47,22
2011,MALE,ASIAN AND PACIFIC ISLANDER,MOHAMMAD,46,23
2011,MALE,ASIAN AND PACIFIC ISLANDER,ANTHONY,46,23
2011,MALE,ASIAN AND PACIFIC ISLANDER,ANTHONY,46,23
2011,MALE,ASIAN AND PACIFIC ISLANDER,MOHAMMAD,46,23
2011,MALE,ASIAN AND PACIFIC ISLANDER,KYLE,45,24
2011,MALE,ASIAN AND PACIFIC ISLANDER,KYLE,45,24
2011,MALE,ASIAN AND PACIFIC ISLANDER,ANDY,43,25
2011,MALE,ASIAN AND PACIFIC ISLANDER,ALVIN,43,25
2011,MALE,ASIAN AND PACIFIC ISLANDER,ANDY,43,25
2011,MALE,ASIAN AND PACIFIC ISLANDER,ALVIN,43,25
2011,MALE,ASIAN AND PACIFIC ISLANDER,NATHAN,41,26
2011,MALE,ASIAN AND PACIFIC ISLANDER,NATHAN,41,26
2011,MALE,ASIAN AND PACIFIC ISLANDER,MOHAMMED,41,26
2011,MALE,ASIAN AND PACIFIC ISLANDER,MOHAMMED,41,26
2011,MALE,ASIAN AND PACIFIC ISLANDER,LEO,40,27
2011,MALE,ASIAN AND PACIFIC ISLANDER,LEO,40,27
2011,MALE,ASIAN AND PACIFIC ISLANDER,BRIAN,40,27
2011,MALE,ASIAN AND PACIFIC ISLANDER,BRIAN,40,27
2011,MALE,ASIAN AND PACIFIC ISLANDER,BENJAMIN,39,28
2011,MALE,ASIAN AND PACIFIC ISLANDER,BENJAMIN,39,28
2011,MALE,ASIAN AND PACIFIC ISLANDER,MICHAEL,38,29
2011,MALE,ASIAN AND PACIFIC ISLANDER,MICHAEL,38,29
2011,MALE,ASIAN AND PACIFIC ISLANDER,ALAN,37,30
2011,MALE,ASIAN AND PACIFIC ISLANDER,ALAN,37,30
2011,MALE,ASIAN AND PACIFIC ISLANDER,KINGSLEY,36,31
2011,MALE,ASIAN AND PACIFIC ISLANDER,JOSHUA,36,31
2011,MALE,ASIAN AND PACIFIC ISLANDER,JAMES,36,31
2011,MALE,ASIAN AND PACIFIC ISLANDER,KINGSLEY,36,31
2011,MALE,ASIAN AND PACIFIC ISLANDER,JAMES,36,31
2011,MALE,ASIAN AND PACIFIC ISLANDER,JOSHUA,36,31
2011,MALE,ASIAN AND PACIFIC ISLANDER,STEVEN,35,32
2011,MALE,ASIAN AND PACIFIC ISLANDER,STEVEN,35,32
2011,MALE,ASIAN AND PACIFIC ISLANDER,MASON,34,33
2011,MALE,ASIAN AND PACIFIC ISLANDER,MASON,34,33
2011,MALE,ASIAN AND PACIFIC ISLANDER,AIDAN,32,34
2011,MALE,ASIAN AND PACIFIC ISLANDER,DEREK,32,34
2011,MALE,ASIAN AND PACIFIC ISLANDER,AIDAN,32,34
2011,MALE,ASIAN AND PACIFIC ISLANDER,DEREK,32,34
2011,MALE,ASIAN AND PACIFIC ISLANDER,TYLER,31,35
2011,MALE,ASIAN AND PACIFIC ISLANDER,AYAAN,31,35
2011,MALE,ASIAN AND PACIFIC ISLANDER,AYAAN,31,35
2011,MALE,ASIAN AND PACIFIC ISLANDER,TYLER,31,35
2011,MALE,ASIAN AND PACIFIC ISLANDER,ABDULLAH,30,36
2011,MALE,ASIAN AND PACIFIC ISLANDER,SAMUEL,30,36
2011,MALE,ASIAN AND PACIFIC ISLANDER,ABDULLAH,30,36
2011,MALE,ASIAN AND PACIFIC ISLANDER,SAMUEL,30,36
2011,MALE,ASIAN AND PACIFIC ISLANDER,BRANDON,29,37
2011,MALE,ASIAN AND PACIFIC ISLANDER,BRANDON,29,37
2011,MALE,ASIAN AND PACIFIC ISLANDER,DAVID,28,38
2011,MALE,ASIAN AND PACIFIC ISLANDER,DAVID,28,38
2011,MALE,ASIAN AND PACIFIC ISLANDER,ADAM,28,38
2011,MALE,ASIAN AND PACIFIC ISLANDER,ADAM,28,38
2011,MALE,ASIAN AND PACIFIC ISLANDER,ARJUN,27,39
2011,MALE,ASIAN AND PACIFIC ISLANDER,OWEN,27,39
2011,MALE,ASIAN AND PACIFIC ISLANDER,RAYMOND,27,39
2011,MALE,ASIAN AND PACIFIC ISLANDER,GAVIN,27,39
2011,MALE,ASIAN AND PACIFIC ISLANDER,GAVIN,27,39
2011,MALE,ASIAN AND PACIFIC ISLANDER,RAYMOND,27,39
2011,MALE,ASIAN AND PACIFIC ISLANDER,OWEN,27,39
2011,MALE,ASIAN AND PACIFIC ISLANDER,ARJUN,27,39
2011,MALE,ASIAN AND PACIFIC ISLANDER,NICHOLAS,26,40
2011,MALE,ASIAN AND PACIFIC ISLANDER,RICHARD,26,40
2011,MALE,ASIAN AND PACIFIC ISLANDER,NICHOLAS,26,40
2011,MALE,ASIAN AND PACIFIC ISLANDER,RICHARD,26,40
2011,MALE,ASIAN AND PACIFIC ISLANDER,LIAM,25,41
2011,MALE,ASIAN AND PACIFIC ISLANDER,LIAM,25,41
2011,MALE,ASIAN AND PACIFIC ISLANDER,JEFFREY,25,41
2011,MALE,ASIAN AND PACIFIC ISLANDER,JERRY,25,41
2011,MALE,ASIAN AND PACIFIC ISLANDER,OSCAR,25,41
2011,MALE,ASIAN AND PACIFIC ISLANDER,JEFFREY,25,41
2011,MALE,ASIAN AND PACIFIC ISLANDER,OSCAR,25,41
2011,MALE,ASIAN AND PACIFIC ISLANDER,JERRY,25,41
2011,MALE,ASIAN AND PACIFIC ISLANDER,AYDEN,24,42
2011,MALE,ASIAN AND PACIFIC ISLANDER,AYDEN,24,42
2011,MALE,ASIAN AND PACIFIC ISLANDER,TENZIN,24,42
2011,MALE,ASIAN AND PACIFIC ISLANDER,TENZIN,24,42
2011,MALE,ASIAN AND PACIFIC ISLANDER,JORDAN,23,43
2011,MALE,ASIAN AND PACIFIC ISLANDER,WILSON,23,43
2011,MALE,ASIAN AND PACIFIC ISLANDER,STANLEY,23,43
2011,MALE,ASIAN AND PACIFIC ISLANDER,JADEN,23,43
2011,MALE,ASIAN AND PACIFIC ISLANDER,JADEN,23,43
2011,MALE,ASIAN AND PACIFIC ISLANDER,JORDAN,23,43
2011,MALE,ASIAN AND PACIFIC ISLANDER,STANLEY,23,43
2011,MALE,ASIAN AND PACIFIC ISLANDER,WILSON,23,43
2011,MALE,ASIAN AND PACIFIC ISLANDER,IAN,22,44
2011,MALE,ASIAN AND PACIFIC ISLANDER,IAN,22,44
2011,MALE,ASIAN AND PACIFIC ISLANDER,FELIX,22,44
2011,MALE,ASIAN AND PACIFIC ISLANDER,FELIX,22,44
2011,MALE,ASIAN AND PACIFIC ISLANDER,CHRISTOPHER,21,45
2011,MALE,ASIAN AND PACIFIC ISLANDER,JOSEPH,21,45
2011,MALE,ASIAN AND PACIFIC ISLANDER,CHRISTIAN,21,45
2011,MALE,ASIAN AND PACIFIC ISLANDER,AHMED,21,45
2011,MALE,ASIAN AND PACIFIC ISLANDER,HENRY,21,45
2011,MALE,ASIAN AND PACIFIC ISLANDER,JACK,21,45
2011,MALE,ASIAN AND PACIFIC ISLANDER,DEVIN,21,45
2011,MALE,ASIAN AND PACIFIC ISLANDER,AHMED,21,45
2011,MALE,ASIAN AND PACIFIC ISLANDER,JOSEPH,21,45
2011,MALE,ASIAN AND PACIFIC ISLANDER,JOHN,21,45
2011,MALE,ASIAN AND PACIFIC ISLANDER,CHRISTIAN,21,45
2011,MALE,ASIAN AND PACIFIC ISLANDER,JACK,21,45
2011,MALE,ASIAN AND PACIFIC ISLANDER,CHRISTOPHER,21,45
2011,MALE,ASIAN AND PACIFIC ISLANDER,DARREN,21,45
2011,MALE,ASIAN AND PACIFIC ISLANDER,HENRY,21,45
2011,MALE,ASIAN AND PACIFIC ISLANDER,JOHN,21,45
2011,MALE,ASIAN AND PACIFIC ISLANDER,DARREN,21,45
2011,MALE,ASIAN AND PACIFIC ISLANDER,DEVIN,21,45
2011,MALE,ASIAN AND PACIFIC ISLANDER,JACKY,20,46
2011,MALE,ASIAN AND PACIFIC ISLANDER,CARSON,20,46
2011,MALE,ASIAN AND PACIFIC ISLANDER,DANNY,20,46
2011,MALE,ASIAN AND PACIFIC ISLANDER,ABDUL,20,46
2011,MALE,ASIAN AND PACIFIC ISLANDER,CARSON,20,46
2011,MALE,ASIAN AND PACIFIC ISLANDER,ABDUL,20,46
2011,MALE,ASIAN AND PACIFIC ISLANDER,JACKY,20,46
2011,MALE,ASIAN AND PACIFIC ISLANDER,DANNY,20,46
2011,MALE,ASIAN AND PACIFIC ISLANDER,MARCUS,20,46
2011,MALE,ASIAN AND PACIFIC ISLANDER,MARCUS,20,46
2011,MALE,ASIAN AND PACIFIC ISLANDER,LOGAN,19,47
2011,MALE,ASIAN AND PACIFIC ISLANDER,ADRIAN,19,47
2011,MALE,ASIAN AND PACIFIC ISLANDER,LOGAN,19,47
2011,MALE,ASIAN AND PACIFIC ISLANDER,ADRIAN,19,47
2011,MALE,ASIAN AND PACIFIC ISLANDER,NOAH,19,47
2011,MALE,ASIAN AND PACIFIC ISLANDER,NOAH,19,47
2011,MALE,ASIAN AND PACIFIC ISLANDER,BENSON,19,47
2011,MALE,ASIAN AND PACIFIC ISLANDER,BENSON,19,47
2011,MALE,ASIAN AND PACIFIC ISLANDER,JOHNNY,18,48
2011,MALE,ASIAN AND PACIFIC ISLANDER,ARYAN,18,48
2011,MALE,ASIAN AND PACIFIC ISLANDER,THOMAS,18,48
2011,MALE,ASIAN AND PACIFIC ISLANDER,JOHNNY,18,48
2011,MALE,ASIAN AND PACIFIC ISLANDER,ARYAN,18,48
2011,MALE,ASIAN AND PACIFIC ISLANDER,THOMAS,18,48
2011,MALE,ASIAN AND PACIFIC ISLANDER,ANSON,18,48
2011,MALE,ASIAN AND PACIFIC ISLANDER,ANSON,18,48
2011,MALE,ASIAN AND PACIFIC ISLANDER,LEON,17,49
2011,MALE,ASIAN AND PACIFIC ISLANDER,JAKE,17,49
2011,MALE,ASIAN AND PACIFIC ISLANDER,JEREMY,17,49
2011,MALE,ASIAN AND PACIFIC ISLANDER,IBRAHIM,17,49
2011,MALE,ASIAN AND PACIFIC ISLANDER,VICTOR,17,49
2011,MALE,ASIAN AND PACIFIC ISLANDER,LEON,17,49
2011,MALE,ASIAN AND PACIFIC ISLANDER,VICTOR,17,49
2011,MALE,ASIAN AND PACIFIC ISLANDER,JEREMY,17,49
2011,MALE,ASIAN AND PACIFIC ISLANDER,FARHAN,17,49
2011,MALE,ASIAN AND PACIFIC ISLANDER,FARHAN,17,49
2011,MALE,ASIAN AND PACIFIC ISLANDER,JAKE,17,49
2011,MALE,ASIAN AND PACIFIC ISLANDER,CHARLES,17,49
2011,MALE,ASIAN AND PACIFIC ISLANDER,CHARLES,17,49
2011,MALE,ASIAN AND PACIFIC ISLANDER,IBRAHIM,17,49
2011,MALE,ASIAN AND PACIFIC ISLANDER,SYED,16,50
2011,MALE,ASIAN AND PACIFIC ISLANDER,RICKY,16,50
2011,MALE,ASIAN AND PACIFIC ISLANDER,NATHANIEL,16,50
2011,MALE,ASIAN AND PACIFIC ISLANDER,TIMOTHY,16,50
2011,MALE,ASIAN AND PACIFIC ISLANDER,TONY,16,50
2011,MALE,ASIAN AND PACIFIC ISLANDER,CALEB,16,50
2011,MALE,ASIAN AND PACIFIC ISLANDER,RICKY,16,50
2011,MALE,ASIAN AND PACIFIC ISLANDER,SYED,16,50
2011,MALE,ASIAN AND PACIFIC ISLANDER,TIMOTHY,16,50
2011,MALE,ASIAN AND PACIFIC ISLANDER,TONY,16,50
2011,MALE,ASIAN AND PACIFIC ISLANDER,CALEB,16,50
2011,MALE,ASIAN AND PACIFIC ISLANDER,NATHANIEL,16,50
2011,MALE,ASIAN AND PACIFIC ISLANDER,ARMAAN,15,51
2011,MALE,ASIAN AND PACIFIC ISLANDER,AARAV,15,51
2011,MALE,ASIAN AND PACIFIC ISLANDER,ROHAN,15,51
2011,MALE,ASIAN AND PACIFIC ISLANDER,ARMAAN,15,51
2011,MALE,ASIAN AND PACIFIC ISLANDER,JIA,15,51
2011,MALE,ASIAN AND PACIFIC ISLANDER,AARAV,15,51
2011,MALE,ASIAN AND PACIFIC ISLANDER,EDWIN,15,51
2011,MALE,ASIAN AND PACIFIC ISLANDER,BRYAN,15,51
2011,MALE,ASIAN AND PACIFIC ISLANDER,ROHAN,15,51
2011,MALE,ASIAN AND PACIFIC ISLANDER,EDWIN,15,51
2011,MALE,ASIAN AND PACIFIC ISLANDER,BRYAN,15,51
2011,MALE,ASIAN AND PACIFIC ISLANDER,JIA,15,51
2011,MALE,ASIAN AND PACIFIC ISLANDER,MAX,14,52
2011,MALE,ASIAN AND PACIFIC ISLANDER,EDISON,14,52
2011,MALE,ASIAN AND PACIFIC ISLANDER,PATRICK,14,52
2011,MALE,ASIAN AND PACIFIC ISLANDER,LAWRENCE,14,52
2011,MALE,ASIAN AND PACIFIC ISLANDER,PATRICK,14,52
2011,MALE,ASIAN AND PACIFIC ISLANDER,SIMON,14,52
2011,MALE,ASIAN AND PACIFIC ISLANDER,EDISON,14,52
2011,MALE,ASIAN AND PACIFIC ISLANDER,SEBASTIAN,14,52
2011,MALE,ASIAN AND PACIFIC ISLANDER,SEAN,14,52
2011,MALE,ASIAN AND PACIFIC ISLANDER,MAX,14,52
2011,MALE,ASIAN AND PACIFIC ISLANDER,ALLEN,14,52
2011,MALE,ASIAN AND PACIFIC ISLANDER,LAWRENCE,14,52
2011,MALE,ASIAN AND PACIFIC ISLANDER,SEAN,14,52
2011,MALE,ASIAN AND PACIFIC ISLANDER,SEBASTIAN,14,52
2011,MALE,ASIAN AND PACIFIC ISLANDER,SIMON,14,52
2011,MALE,ASIAN AND PACIFIC ISLANDER,MARTIN,14,52
2011,MALE,ASIAN AND PACIFIC ISLANDER,JAY,14,52
2011,MALE,ASIAN AND PACIFIC ISLANDER,MARTIN,14,52
2011,MALE,ASIAN AND PACIFIC ISLANDER,ADITYA,14,52
2011,MALE,ASIAN AND PACIFIC ISLANDER,ALLEN,14,52
2011,MALE,ASIAN AND PACIFIC ISLANDER,ADITYA,14,52
2011,MALE,ASIAN AND PACIFIC ISLANDER,JAY,14,52
2011,MALE,ASIAN AND PACIFIC ISLANDER,ISAAC,13,53
2011,MALE,ASIAN AND PACIFIC ISLANDER,ALI,13,53
2011,MALE,ASIAN AND PACIFIC ISLANDER,JACKSON,13,53
2011,MALE,ASIAN AND PACIFIC ISLANDER,CALVIN,13,53
2011,MALE,ASIAN AND PACIFIC ISLANDER,MOHAMED,13,53
2011,MALE,ASIAN AND PACIFIC ISLANDER,GABRIEL,13,53
2011,MALE,ASIAN AND PACIFIC ISLANDER,MOHAMED,13,53
2011,MALE,ASIAN AND PACIFIC ISLANDER,HARRISON,13,53
2011,MALE,ASIAN AND PACIFIC ISLANDER,ALI,13,53
2011,MALE,ASIAN AND PACIFIC ISLANDER,HARRISON,13,53
2011,MALE,ASIAN AND PACIFIC ISLANDER,GABRIEL,13,53
2011,MALE,ASIAN AND PACIFIC ISLANDER,ISAAC,13,53
2011,MALE,ASIAN AND PACIFIC ISLANDER,JACKSON,13,53
2011,MALE,ASIAN AND PACIFIC ISLANDER,CALVIN,13,53
2011,MALE,ASIAN AND PACIFIC ISLANDER,NELSON,12,54
2011,MALE,ASIAN AND PACIFIC ISLANDER,GEORGE,12,54
2011,MALE,ASIAN AND PACIFIC ISLANDER,ELIJAH,12,54
2011,MALE,ASIAN AND PACIFIC ISLANDER,ZACHARY,12,54
2011,MALE,ASIAN AND PACIFIC ISLANDER,ZAIN,12,54
2011,MALE,ASIAN AND PACIFIC ISLANDER,ELIJAH,12,54
2011,MALE,ASIAN AND PACIFIC ISLANDER,GEORGE,12,54
2011,MALE,ASIAN AND PACIFIC ISLANDER,KAI,12,54
2011,MALE,ASIAN AND PACIFIC ISLANDER,NELSON,12,54
2011,MALE,ASIAN AND PACIFIC ISLANDER,ZACHARY,12,54
2011,MALE,ASIAN AND PACIFIC ISLANDER,ZAIN,12,54
2011,MALE,ASIAN AND PACIFIC ISLANDER,KAI,12,54
2011,MALE,ASIAN AND PACIFIC ISLANDER,LUKE,11,55
2011,MALE,ASIAN AND PACIFIC ISLANDER,LUKE,11,55
2011,MALE,ASIAN AND PACIFIC ISLANDER,JULIAN,11,55
2011,MALE,ASIAN AND PACIFIC ISLANDER,CONNOR,11,55
2011,MALE,ASIAN AND PACIFIC ISLANDER,ELVIS,11,55
2011,MALE,ASIAN AND PACIFIC ISLANDER,PETER,11,55
2011,MALE,ASIAN AND PACIFIC ISLANDER,TRAVIS,11,55
2011,MALE,ASIAN AND PACIFIC ISLANDER,PETER,11,55
2011,MALE,ASIAN AND PACIFIC ISLANDER,JULIAN,11,55
2011,MALE,ASIAN AND PACIFIC ISLANDER,TERRY,11,55
2011,MALE,ASIAN AND PACIFIC ISLANDER,CONNOR,11,55
2011,MALE,ASIAN AND PACIFIC ISLANDER,TRAVIS,11,55
2011,MALE,ASIAN AND PACIFIC ISLANDER,TERRY,11,55
2011,MALE,ASIAN AND PACIFIC ISLANDER,ELVIS,11,55
2011,MALE,ASIAN AND PACIFIC ISLANDER,RAYAN,10,56
2011,MALE,ASIAN AND PACIFIC ISLANDER,SHAWN,10,56
2011,MALE,ASIAN AND PACIFIC ISLANDER,ISHAAN,10,56
2011,MALE,ASIAN AND PACIFIC ISLANDER,HAYDEN,10,56
2011,MALE,ASIAN AND PACIFIC ISLANDER,CODY,10,56
2011,MALE,ASIAN AND PACIFIC ISLANDER,HAYDEN,10,56
2011,MALE,ASIAN AND PACIFIC ISLANDER,ZAYAN,10,56
2011,MALE,ASIAN AND PACIFIC ISLANDER,XAVIER,10,56
2011,MALE,ASIAN AND PACIFIC ISLANDER,EASON,10,56
2011,MALE,ASIAN AND PACIFIC ISLANDER,SHAWN,10,56
2011,MALE,ASIAN AND PACIFIC ISLANDER,RAYAN,10,56
2011,MALE,ASIAN AND PACIFIC ISLANDER,CODY,10,56
2011,MALE,ASIAN AND PACIFIC ISLANDER,LOUIS,10,56
2011,MALE,ASIAN AND PACIFIC ISLANDER,OLIVER,10,56
2011,MALE,ASIAN AND PACIFIC ISLANDER,MILES,10,56
2011,MALE,ASIAN AND PACIFIC ISLANDER,LOUIS,10,56
2011,MALE,ASIAN AND PACIFIC ISLANDER,MILES,10,56
2011,MALE,ASIAN AND PACIFIC ISLANDER,OLIVER,10,56
2011,MALE,ASIAN AND PACIFIC ISLANDER,XAVIER,10,56
2011,MALE,ASIAN AND PACIFIC ISLANDER,EASON,10,56
2011,MALE,ASIAN AND PACIFIC ISLANDER,ZAYAN,10,56
2011,MALE,ASIAN AND PACIFIC ISLANDER,ISHAAN,10,56
2011,MALE,BLACK NON HISPANIC,JAYDEN,184,1
2011,MALE,BLACK NON HISPANIC,JAYDEN,184,1
2011,MALE,BLACK NON HISPANIC,AIDEN,167,2
2011,MALE,BLACK NON HISPANIC,AIDEN,167,2
2011,MALE,BLACK NON HISPANIC,ELIJAH,156,3
2011,MALE,BLACK NON HISPANIC,ELIJAH,156,3
2011,MALE,BLACK NON HISPANIC,JEREMIAH,153,4
2011,MALE,BLACK NON HISPANIC,JEREMIAH,153,4
2011,MALE,BLACK NON HISPANIC,JOSHUA,128,5
2011,MALE,BLACK NON HISPANIC,JOSHUA,128,5
2011,MALE,BLACK NON HISPANIC,ETHAN,124,6
2011,MALE,BLACK NON HISPANIC,ETHAN,124,6
2011,MALE,BLACK NON HISPANIC,JOSIAH,121,7
2011,MALE,BLACK NON HISPANIC,JOSIAH,121,7
2011,MALE,BLACK NON HISPANIC,ISAIAH,105,8
2011,MALE,BLACK NON HISPANIC,ISAIAH,105,8
2011,MALE,BLACK NON HISPANIC,TYLER,101,9
2011,MALE,BLACK NON HISPANIC,TYLER,101,9
2011,MALE,BLACK NON HISPANIC,MICHAEL,93,10
2011,MALE,BLACK NON HISPANIC,MICHAEL,93,10
2011,MALE,BLACK NON HISPANIC,NOAH,91,11
2011,MALE,BLACK NON HISPANIC,NOAH,91,11
2011,MALE,BLACK NON HISPANIC,CHRISTIAN,91,11
2011,MALE,BLACK NON HISPANIC,CHRISTIAN,91,11
2011,MALE,BLACK NON HISPANIC,AMIR,89,12
2011,MALE,BLACK NON HISPANIC,AMIR,89,12
2011,MALE,BLACK NON HISPANIC,AYDEN,88,13
2011,MALE,BLACK NON HISPANIC,AYDEN,88,13
2011,MALE,BLACK NON HISPANIC,JUSTIN,85,14
2011,MALE,BLACK NON HISPANIC,JUSTIN,85,14
2011,MALE,BLACK NON HISPANIC,DAVID,84,15
2011,MALE,BLACK NON HISPANIC,DAVID,84,15
2011,MALE,BLACK NON HISPANIC,MASON,83,16
2011,MALE,BLACK NON HISPANIC,MASON,83,16
2011,MALE,BLACK NON HISPANIC,JACOB,82,17
2011,MALE,BLACK NON HISPANIC,JACOB,82,17
2011,MALE,BLACK NON HISPANIC,DANIEL,81,18
2011,MALE,BLACK NON HISPANIC,DANIEL,81,18
2011,MALE,BLACK NON HISPANIC,CHRISTOPHER,80,19
2011,MALE,BLACK NON HISPANIC,CHRISTOPHER,80,19
2011,MALE,BLACK NON HISPANIC,JADEN,75,20
2011,MALE,BLACK NON HISPANIC,JADEN,75,20
2011,MALE,BLACK NON HISPANIC,MALACHI,72,21
2011,MALE,BLACK NON HISPANIC,MALACHI,72,21
2011,MALE,BLACK NON HISPANIC,ANTHONY,66,22
2011,MALE,BLACK NON HISPANIC,ANTHONY,66,22
2011,MALE,BLACK NON HISPANIC,NATHANIEL,64,23
2011,MALE,BLACK NON HISPANIC,NATHANIEL,64,23
2011,MALE,BLACK NON HISPANIC,LIAM,61,24
2011,MALE,BLACK NON HISPANIC,LIAM,61,24
2011,MALE,BLACK NON HISPANIC,MATTHEW,59,25
2011,MALE,BLACK NON HISPANIC,MATTHEW,59,25
2011,MALE,BLACK NON HISPANIC,XAVIER,58,26
2011,MALE,BLACK NON HISPANIC,TRISTAN,58,26
2011,MALE,BLACK NON HISPANIC,XAVIER,58,26
2011,MALE,BLACK NON HISPANIC,TRISTAN,58,26
2011,MALE,BLACK NON HISPANIC,AMARI,57,27
2011,MALE,BLACK NON HISPANIC,BRANDON,57,27
2011,MALE,BLACK NON HISPANIC,BRANDON,57,27
2011,MALE,BLACK NON HISPANIC,AMARI,57,27
2011,MALE,BLACK NON HISPANIC,JONATHAN,53,28
2011,MALE,BLACK NON HISPANIC,AARON,53,28
2011,MALE,BLACK NON HISPANIC,JORDAN,53,28
2011,MALE,BLACK NON HISPANIC,JONATHAN,53,28
2011,MALE,BLACK NON HISPANIC,AARON,53,28
2011,MALE,BLACK NON HISPANIC,JORDAN,53,28
2011,MALE,BLACK NON HISPANIC,CAMERON,47,29
2011,MALE,BLACK NON HISPANIC,CAMERON,47,29
2011,MALE,BLACK NON HISPANIC,EMMANUEL,46,30
2011,MALE,BLACK NON HISPANIC,EMMANUEL,46,30
2011,MALE,BLACK NON HISPANIC,CALEB,44,31
2011,MALE,BLACK NON HISPANIC,CALEB,44,31
2011,MALE,BLACK NON HISPANIC,JASON,44,31
2011,MALE,BLACK NON HISPANIC,JASON,44,31
2011,MALE,BLACK NON HISPANIC,DYLAN,42,32
2011,MALE,BLACK NON HISPANIC,DYLAN,42,32
2011,MALE,BLACK NON HISPANIC,CHASE,41,33
2011,MALE,BLACK NON HISPANIC,RYAN,41,33
2011,MALE,BLACK NON HISPANIC,CHASE,41,33
2011,MALE,BLACK NON HISPANIC,RYAN,41,33
2011,MALE,BLACK NON HISPANIC,KYLE,40,34
2011,MALE,BLACK NON HISPANIC,KYLE,40,34
2011,MALE,BLACK NON HISPANIC,ALEXANDER,39,35
2011,MALE,BLACK NON HISPANIC,ALEXANDER,39,35
2011,MALE,BLACK NON HISPANIC,JAYLEN,38,36
2011,MALE,BLACK NON HISPANIC,JAYLEN,38,36
2011,MALE,BLACK NON HISPANIC,MOHAMED,37,37
2011,MALE,BLACK NON HISPANIC,MOHAMED,37,37
2011,MALE,BLACK NON HISPANIC,KAYDEN,37,37
2011,MALE,BLACK NON HISPANIC,JOEL,37,37
2011,MALE,BLACK NON HISPANIC,JOEL,37,37
2011,MALE,BLACK NON HISPANIC,KAYDEN,37,37
2011,MALE,BLACK NON HISPANIC,ANDREW,36,38
2011,MALE,BLACK NON HISPANIC,GABRIEL,36,38
2011,MALE,BLACK NON HISPANIC,GABRIEL,36,38
2011,MALE,BLACK NON HISPANIC,ANDREW,36,38
2011,MALE,BLACK NON HISPANIC,JAIDEN,35,39
2011,MALE,BLACK NON HISPANIC,CARTER,35,39
2011,MALE,BLACK NON HISPANIC,BRYCE,35,39
2011,MALE,BLACK NON HISPANIC,JOSEPH,35,39
2011,MALE,BLACK NON HISPANIC,ZION,35,39
2011,MALE,BLACK NON HISPANIC,JAIDEN,35,39
2011,MALE,BLACK NON HISPANIC,ZION,35,39
2011,MALE,BLACK NON HISPANIC,CARTER,35,39
2011,MALE,BLACK NON HISPANIC,JOSEPH,35,39
2011,MALE,BLACK NON HISPANIC,BRYCE,35,39
2011,MALE,BLACK NON HISPANIC,JOHN,34,40
2011,MALE,BLACK NON HISPANIC,JOHN,34,40
2011,MALE,BLACK NON HISPANIC,MEKHI,33,41
2011,MALE,BLACK NON HISPANIC,NASIR,33,41
2011,MALE,BLACK NON HISPANIC,NASIR,33,41
2011,MALE,BLACK NON HISPANIC,MEKHI,33,41
2011,MALE,BLACK NON HISPANIC,JAMES,33,41
2011,MALE,BLACK NON HISPANIC,JAMES,33,41
2011,MALE,BLACK NON HISPANIC,NATHAN,32,42
2011,MALE,BLACK NON HISPANIC,PRINCE,32,42
2011,MALE,BLACK NON HISPANIC,PRINCE,32,42
2011,MALE,BLACK NON HISPANIC,NATHAN,32,42
2011,MALE,BLACK NON HISPANIC,NICHOLAS,31,43
2011,MALE,BLACK NON HISPANIC,NICHOLAS,31,43
2011,MALE,BLACK NON HISPANIC,SAMUEL,30,44
2011,MALE,BLACK NON HISPANIC,SAMUEL,30,44
2011,MALE,BLACK NON HISPANIC,MICAH,29,45
2011,MALE,BLACK NON HISPANIC,ROBERT,29,45
2011,MALE,BLACK NON HISPANIC,SEAN,29,45
2011,MALE,BLACK NON HISPANIC,SEAN,29,45
2011,MALE,BLACK NON HISPANIC,MICAH,29,45
2011,MALE,BLACK NON HISPANIC,ROBERT,29,45
2011,MALE,BLACK NON HISPANIC,KAIDEN,28,46
2011,MALE,BLACK NON HISPANIC,ADAM,28,46
2011,MALE,BLACK NON HISPANIC,KEVIN,28,46
2011,MALE,BLACK NON HISPANIC,KEVIN,28,46
2011,MALE,BLACK NON HISPANIC,KAIDEN,28,46
2011,MALE,BLACK NON HISPANIC,ADAM,28,46
2011,MALE,BLACK NON HISPANIC,WILLIAM,27,47
2011,MALE,BLACK NON HISPANIC,MAMADOU,27,47
2011,MALE,BLACK NON HISPANIC,WILLIAM,27,47
2011,MALE,BLACK NON HISPANIC,MAMADOU,27,47
2011,MALE,BLACK NON HISPANIC,EVAN,26,48
2011,MALE,BLACK NON HISPANIC,EVAN,26,48
2011,MALE,BLACK NON HISPANIC,LOGAN,25,49
2011,MALE,BLACK NON HISPANIC,IBRAHIM,25,49
2011,MALE,BLACK NON HISPANIC,LOGAN,25,49
2011,MALE,BLACK NON HISPANIC,DEVIN,24,50
2011,MALE,BLACK NON HISPANIC,MALIK,24,50
2011,MALE,BLACK NON HISPANIC,SINCERE,24,50
2011,MALE,BLACK NON HISPANIC,MARCUS,24,50
2011,MALE,BLACK NON HISPANIC,MALIK,24,50
2011,MALE,BLACK NON HISPANIC,MARCUS,24,50
2011,MALE,BLACK NON HISPANIC,SINCERE,24,50
2011,MALE,BLACK NON HISPANIC,DEVIN,24,50
2011,MALE,BLACK NON HISPANIC,MESSIAH,23,51
2011,MALE,BLACK NON HISPANIC,MESSIAH,23,51
2011,MALE,BLACK NON HISPANIC,MOHAMMED,23,51
2011,MALE,BLACK NON HISPANIC,MOHAMMED,23,51
2011,MALE,BLACK NON HISPANIC,ZACHARY,22,52
2011,MALE,BLACK NON HISPANIC,ELI,22,52
2011,MALE,BLACK NON HISPANIC,ELI,22,52
2011,MALE,BLACK NON HISPANIC,BRIAN,22,52
2011,MALE,BLACK NON HISPANIC,ZACHARY,22,52
2011,MALE,BLACK NON HISPANIC,KADEN,22,52
2011,MALE,BLACK NON HISPANIC,KADEN,22,52
2011,MALE,BLACK NON HISPANIC,BRIAN,22,52
2011,MALE,BLACK NON HISPANIC,ANDRE,22,52
2011,MALE,BLACK NON HISPANIC,ANDRE,22,52
2011,MALE,BLACK NON HISPANIC,IAN,21,53
2011,MALE,BLACK NON HISPANIC,JACE,21,53
2011,MALE,BLACK NON HISPANIC,JACE,21,53
2011,MALE,BLACK NON HISPANIC,IAN,21,53
2011,MALE,BLACK NON HISPANIC,AIDAN,20,54
2011,MALE,BLACK NON HISPANIC,AIDAN,20,54
2011,MALE,BLACK NON HISPANIC,OMARI,19,55
2011,MALE,BLACK NON HISPANIC,KYMANI,19,55
2011,MALE,BLACK NON HISPANIC,OMARI,19,55
2011,MALE,BLACK NON HISPANIC,PRESTON,19,55
2011,MALE,BLACK NON HISPANIC,ZAIRE,19,55
2011,MALE,BLACK NON HISPANIC,ADEN,19,55
2011,MALE,BLACK NON HISPANIC,AVERY,19,55
2011,MALE,BLACK NON HISPANIC,KHALIL,19,55
2011,MALE,BLACK NON HISPANIC,KYMANI,19,55
2011,MALE,BLACK NON HISPANIC,JULIAN,19,55
2011,MALE,BLACK NON HISPANIC,BLAKE,19,55
2011,MALE,BLACK NON HISPANIC,KHALIL,19,55
2011,MALE,BLACK NON HISPANIC,ADEN,19,55
2011,MALE,BLACK NON HISPANIC,AVERY,19,55
2011,MALE,BLACK NON HISPANIC,BLAKE,19,55
2011,MALE,BLACK NON HISPANIC,PRESTON,19,55
2011,MALE,BLACK NON HISPANIC,ZAIRE,19,55
2011,MALE,BLACK NON HISPANIC,ISAAC,18,56
2011,MALE,BLACK NON HISPANIC,GAVIN,18,56
2011,MALE,BLACK NON HISPANIC,ADRIAN,18,56
2011,MALE,BLACK NON HISPANIC,KALEB,18,56
2011,MALE,BLACK NON HISPANIC,ISAAC,18,56
2011,MALE,BLACK NON HISPANIC,ASHTON,18,56
2011,MALE,BLACK NON HISPANIC,KALEB,18,56
2011,MALE,BLACK NON HISPANIC,SHAWN,18,56
2011,MALE,BLACK NON HISPANIC,GAVIN,18,56
2011,MALE,BLACK NON HISPANIC,ASHTON,18,56
2011,MALE,BLACK NON HISPANIC,ADRIAN,18,56
2011,MALE,BLACK NON HISPANIC,DOMINIC,17,57
2011,MALE,BLACK NON HISPANIC,TRAVIS,17,57
2011,MALE,BLACK NON HISPANIC,DOMINIC,17,57
2011,MALE,BLACK NON HISPANIC,KAMARI,17,57
2011,MALE,BLACK NON HISPANIC,KAMARI,17,57
2011,MALE,BLACK NON HISPANIC,TRAVIS,17,57
2011,MALE,BLACK NON HISPANIC,KENNETH,16,58
2011,MALE,BLACK NON HISPANIC,MAURICE,16,58
2011,MALE,BLACK NON HISPANIC,JASIAH,16,58
2011,MALE,BLACK NON HISPANIC,JERMAINE,16,58
2011,MALE,BLACK NON HISPANIC,JASIAH,16,58
2011,MALE,BLACK NON HISPANIC,JERMAINE,16,58
2011,MALE,BLACK NON HISPANIC,KENNETH,16,58
2011,MALE,BLACK NON HISPANIC,ABDOUL,16,58
2011,MALE,BLACK NON HISPANIC,ABDOUL,16,58
2011,MALE,BLACK NON HISPANIC,MAURICE,16,58
2011,MALE,BLACK NON HISPANIC,SEKOU,15,59
2011,MALE,BLACK NON HISPANIC,AMADOU,15,59
2011,MALE,BLACK NON HISPANIC,MYLES,15,59
2011,MALE,BLACK NON HISPANIC,JEREMY,15,59
2011,MALE,BLACK NON HISPANIC,LEVI,15,59
2011,MALE,BLACK NON HISPANIC,AMADOU,15,59
2011,MALE,BLACK NON HISPANIC,AMARE,15,59
2011,MALE,BLACK NON HISPANIC,RICHARD,15,59
2011,MALE,BLACK NON HISPANIC,JALEN,15,59
2011,MALE,BLACK NON HISPANIC,AMARE,15,59
2011,MALE,BLACK NON HISPANIC,CHARLES,15,59
2011,MALE,BLACK NON HISPANIC,CHANCE,15,59
2011,MALE,BLACK NON HISPANIC,JEREMY,15,59
2011,MALE,BLACK NON HISPANIC,ANTONIO,15,59
2011,MALE,BLACK NON HISPANIC,SEKOU,15,59
2011,MALE,BLACK NON HISPANIC,MYLES,15,59
2011,MALE,BLACK NON HISPANIC,LEVI,15,59
2011,MALE,BLACK NON HISPANIC,LAMAR,15,59
2011,MALE,BLACK NON HISPANIC,ANTONIO,15,59
2011,MALE,BLACK NON HISPANIC,JALEN,15,59
2011,MALE,BLACK NON HISPANIC,RICHARD,15,59
2011,MALE,BLACK NON HISPANIC,CHARLES,15,59
2011,MALE,BLACK NON HISPANIC,CHANCE,15,59
2011,MALE,BLACK NON HISPANIC,LAMAR,15,59
2011,MALE,BLACK NON HISPANIC,TIMOTHY,14,60
2011,MALE,BLACK NON HISPANIC,JAHMIR,14,60
2011,MALE,BLACK NON HISPANIC,GIOVANNI,14,60
2011,MALE,BLACK NON HISPANIC,ERIC,14,60
2011,MALE,BLACK NON HISPANIC,ELIAS,14,60
2011,MALE,BLACK NON HISPANIC,ELIAS,14,60
2011,MALE,BLACK NON HISPANIC,ZYAIRE,14,60
2011,MALE,BLACK NON HISPANIC,DWAYNE,14,60
2011,MALE,BLACK NON HISPANIC,KAI,14,60
2011,MALE,BLACK NON HISPANIC,ERIC,14,60
2011,MALE,BLACK NON HISPANIC,BRYSON,14,60
2011,MALE,BLACK NON HISPANIC,PATRICK,14,60
2011,MALE,BLACK NON HISPANIC,OUSMANE,14,60
2011,MALE,BLACK NON HISPANIC,OMAR,14,60
2011,MALE,BLACK NON HISPANIC,JAYSON,14,60
2011,MALE,BLACK NON HISPANIC,KAMERON,14,60
2011,MALE,BLACK NON HISPANIC,GIOVANNI,14,60
2011,MALE,BLACK NON HISPANIC,BRYSON,14,60
2011,MALE,BLACK NON HISPANIC,KING,14,60
2011,MALE,BLACK NON HISPANIC,JAYSON,14,60
2011,MALE,BLACK NON HISPANIC,KAI,14,60
2011,MALE,BLACK NON HISPANIC,KAMERON,14,60
2011,MALE,BLACK NON HISPANIC,ZYAIRE,14,60
2011,MALE,BLACK NON HISPANIC,JAHMIR,14,60
2011,MALE,BLACK NON HISPANIC,KING,14,60
2011,MALE,BLACK NON HISPANIC,TIMOTHY,14,60
2011,MALE,BLACK NON HISPANIC,PATRICK,14,60
2011,MALE,BLACK NON HISPANIC,OUSMANE,14,60
2011,MALE,BLACK NON HISPANIC,OMAR,14,60
2011,MALE,BLACK NON HISPANIC,DWAYNE,14,60
2011,MALE,BLACK NON HISPANIC,NEHEMIAH,13,61
2011,MALE,BLACK NON HISPANIC,AUSTIN,13,61
2011,MALE,BLACK NON HISPANIC,BENJAMIN,13,61
2011,MALE,BLACK NON HISPANIC,NEHEMIAH,13,61
2011,MALE,BLACK NON HISPANIC,CARMELO,13,61
2011,MALE,BLACK NON HISPANIC,JAMEL,13,61
2011,MALE,BLACK NON HISPANIC,TROY,13,61
2011,MALE,BLACK NON HISPANIC,BENJAMIN,13,61
2011,MALE,BLACK NON HISPANIC,ABDOULAYE,13,61
2011,MALE,BLACK NON HISPANIC,JAMAL,13,61
2011,MALE,BLACK NON HISPANIC,ABDOULAYE,13,61
2011,MALE,BLACK NON HISPANIC,JAMAL,13,61
2011,MALE,BLACK NON HISPANIC,TROY,13,61
2011,MALE,BLACK NON HISPANIC,AUSTIN,13,61
2011,MALE,BLACK NON HISPANIC,JAMEL,13,61
2011,MALE,BLACK NON HISPANIC,CARMELO,13,61
2011,MALE,BLACK NON HISPANIC,VICTOR,12,62
2011,MALE,BLACK NON HISPANIC,LUCAS,12,62
2011,MALE,BLACK NON HISPANIC,STEVEN,12,62
2011,MALE,BLACK NON HISPANIC,JARED,12,62
2011,MALE,BLACK NON HISPANIC,JAMIR,12,62
2011,MALE,BLACK NON HISPANIC,SETH,12,62
2011,MALE,BLACK NON HISPANIC,CHAD,12,62
2011,MALE,BLACK NON HISPANIC,DARIUS,12,62
2011,MALE,BLACK NON HISPANIC,AMAR'E,12,62
2011,MALE,BLACK NON HISPANIC,DARIUS,12,62
2011,MALE,BLACK NON HISPANIC,KEITH,12,62
2011,MALE,BLACK NON HISPANIC,DARREN,12,62
2011,MALE,BLACK NON HISPANIC,DARREN,12,62
2011,MALE,BLACK NON HISPANIC,AMAR'E,12,62
2011,MALE,BLACK NON HISPANIC,KEITH,12,62
2011,MALE,BLACK NON HISPANIC,KIYAN,12,62
2011,MALE,BLACK NON HISPANIC,JESSE,12,62
2011,MALE,BLACK NON HISPANIC,JESSE,12,62
2011,MALE,BLACK NON HISPANIC,HAYDEN,12,62
2011,MALE,BLACK NON HISPANIC,SETH,12,62
2011,MALE,BLACK NON HISPANIC,HUNTER,12,62
2011,MALE,BLACK NON HISPANIC,KIYAN,12,62
2011,MALE,BLACK NON HISPANIC,HUNTER,12,62
2011,MALE,BLACK NON HISPANIC,JARED,12,62
2011,MALE,BLACK NON HISPANIC,CHAD,12,62
2011,MALE,BLACK NON HISPANIC,JAMIR,12,62
2011,MALE,BLACK NON HISPANIC,VICTOR,12,62
2011,MALE,BLACK NON HISPANIC,STEVEN,12,62
2011,MALE,BLACK NON HISPANIC,HAYDEN,12,62
2011,MALE,BLACK NON HISPANIC,LUCAS,12,62
2011,MALE,BLACK NON HISPANIC,JELANI,11,63
2011,MALE,BLACK NON HISPANIC,TERRENCE,11,63
2011,MALE,BLACK NON HISPANIC,SEBASTIAN,11,63
2011,MALE,BLACK NON HISPANIC,NICOLAS,11,63
2011,MALE,BLACK NON HISPANIC,MOUSSA,11,63
2011,MALE,BLACK NON HISPANIC,MARC,11,63
2011,MALE,BLACK NON HISPANIC,MALCOLM,11,63
2011,MALE,BLACK NON HISPANIC,LANDON,11,63
2011,MALE,BLACK NON HISPANIC,JUSTICE,11,63
2011,MALE,BLACK NON HISPANIC,JACKSON,11,63
2011,MALE,BLACK NON HISPANIC,ISIAH,11,63
2011,MALE,BLACK NON HISPANIC,IBRAHIMA,11,63
2011,MALE,BLACK NON HISPANIC,CAYDEN,11,63
2011,MALE,BLACK NON HISPANIC,ALI,11,63
2011,MALE,BLACK NON HISPANIC,AHMED,11,63
2011,MALE,BLACK NON HISPANIC,ADONIS,11,63
2011,MALE,BLACK NON HISPANIC,TERRENCE,11,63
2011,MALE,BLACK NON HISPANIC,SEBASTIAN,11,63
2011,MALE,BLACK NON HISPANIC,NICOLAS,11,63
2011,MALE,BLACK NON HISPANIC,MOUSSA,11,63
2011,MALE,BLACK NON HISPANIC,MARC,11,63
2011,MALE,BLACK NON HISPANIC,MALCOLM,11,63
2011,MALE,BLACK NON HISPANIC,LANDON,11,63
2011,MALE,BLACK NON HISPANIC,JUSTICE,11,63
2011,MALE,BLACK NON HISPANIC,JELANI,11,63
2011,MALE,BLACK NON HISPANIC,JACKSON,11,63
2011,MALE,BLACK NON HISPANIC,ISIAH,11,63
2011,MALE,BLACK NON HISPANIC,IBRAHIMA,11,63
2011,MALE,BLACK NON HISPANIC,CAYDEN,11,63
2011,MALE,BLACK NON HISPANIC,ALI,11,63
2011,MALE,BLACK NON HISPANIC,AHMED,11,63
2011,MALE,BLACK NON HISPANIC,ADONIS,11,63
2011,MALE,BLACK NON HISPANIC,ISHMAEL,10,64
2011,MALE,BLACK NON HISPANIC,GEORGE,10,64
2011,MALE,BLACK NON HISPANIC,DONOVAN,10,64
2011,MALE,BLACK NON HISPANIC,DEVON,10,64
2011,MALE,BLACK NON HISPANIC,ANGEL,10,64
2011,MALE,BLACK NON HISPANIC,DERRICK,10,64
2011,MALE,BLACK NON HISPANIC,COREY,10,64
2011,MALE,BLACK NON HISPANIC,CODY,10,64
2011,MALE,BLACK NON HISPANIC,CHRIS,10,64
2011,MALE,BLACK NON HISPANIC,BRYAN,10,64
2011,MALE,BLACK NON HISPANIC,ANGEL,10,64
2011,MALE,BLACK NON HISPANIC,ALVIN,10,64
2011,MALE,BLACK NON HISPANIC,ALVIN,10,64
2011,MALE,BLACK NON HISPANIC,ALIJAH,10,64
2011,MALE,BLACK NON HISPANIC,ALIJAH,10,64
2011,MALE,BLACK NON HISPANIC,HASSAN,10,64
2011,MALE,BLACK NON HISPANIC,TERRELL,10,64
2011,MALE,BLACK NON HISPANIC,STEPHEN,10,64
2011,MALE,BLACK NON HISPANIC,CHRIS,10,64
2011,MALE,BLACK NON HISPANIC,RODNEY,10,64
2011,MALE,BLACK NON HISPANIC,CODY,10,64
2011,MALE,BLACK NON HISPANIC,COREY,10,64
2011,MALE,BLACK NON HISPANIC,RICARDO,10,64
2011,MALE,BLACK NON HISPANIC,DERRICK,10,64
2011,MALE,BLACK NON HISPANIC,QUINCY,10,64
2011,MALE,BLACK NON HISPANIC,DEVON,10,64
2011,MALE,BLACK NON HISPANIC,DONOVAN,10,64
2011,MALE,BLACK NON HISPANIC,EDWARD,10,64
2011,MALE,BLACK NON HISPANIC,NIGEL,10,64
2011,MALE,BLACK NON HISPANIC,NANA,10,64
2011,MALE,BLACK NON HISPANIC,MILES,10,64
2011,MALE,BLACK NON HISPANIC,GEORGE,10,64
2011,MALE,BLACK NON HISPANIC,HASSAN,10,64
2011,MALE,BLACK NON HISPANIC,MARQUIS,10,64
2011,MALE,BLACK NON HISPANIC,EDWARD,10,64
2011,MALE,BLACK NON HISPANIC,ISHMAEL,10,64
2011,MALE,BLACK NON HISPANIC,MAKAI,10,64
2011,MALE,BLACK NON HISPANIC,JAHEIM,10,64
2011,MALE,BLACK NON HISPANIC,JAHEIM,10,64
2011,MALE,BLACK NON HISPANIC,MAKAI,10,64
2011,MALE,BLACK NON HISPANIC,MARQUIS,10,64
2011,MALE,BLACK NON HISPANIC,MILES,10,64
2011,MALE,BLACK NON HISPANIC,BRYAN,10,64
2011,MALE,BLACK NON HISPANIC,NANA,10,64
2011,MALE,BLACK NON HISPANIC,TERRELL,10,64
2011,MALE,BLACK NON HISPANIC,NIGEL,10,64
2011,MALE,BLACK NON HISPANIC,QUINCY,10,64
2011,MALE,BLACK NON HISPANIC,RICARDO,10,64
2011,MALE,BLACK NON HISPANIC,RODNEY,10,64
2011,MALE,BLACK NON HISPANIC,STEPHEN,10,64
2011,MALE,HISPANIC,JAYDEN,426,1
2011,MALE,HISPANIC,JUSTIN,310,2
2011,MALE,HISPANIC,JUSTIN,310,2
2011,MALE,HISPANIC,JACOB,303,3
2011,MALE,HISPANIC,JACOB,303,3
2011,MALE,HISPANIC,MATTHEW,276,4
2011,MALE,HISPANIC,MATTHEW,276,4
2011,MALE,HISPANIC,ANGEL,253,5
2011,MALE,HISPANIC,ANGEL,253,5
2011,MALE,HISPANIC,ETHAN,251,6
2011,MALE,HISPANIC,CHRISTOPHER,239,7
2011,MALE,HISPANIC,CHRISTOPHER,239,7
2011,MALE,HISPANIC,DANIEL,221,8
2011,MALE,HISPANIC,DANIEL,221,8
2011,MALE,HISPANIC,ALEXANDER,219,9
2011,MALE,HISPANIC,ALEXANDER,219,9
2011,MALE,HISPANIC,ANTHONY,207,10
2011,MALE,HISPANIC,ANTHONY,207,10
2011,MALE,HISPANIC,JOSHUA,190,11
2011,MALE,HISPANIC,JOSHUA,190,11
2011,MALE,HISPANIC,AIDEN,188,12
2011,MALE,HISPANIC,AIDEN,188,12
2011,MALE,HISPANIC,BRANDON,184,13
2011,MALE,HISPANIC,BRANDON,184,13
2011,MALE,HISPANIC,SEBASTIAN,183,14
2011,MALE,HISPANIC,JONATHAN,183,14
2011,MALE,HISPANIC,KEVIN,183,14
2011,MALE,HISPANIC,SEBASTIAN,183,14
2011,MALE,HISPANIC,KEVIN,183,14
2011,MALE,HISPANIC,JONATHAN,183,14
2011,MALE,HISPANIC,DAVID,178,15
2011,MALE,HISPANIC,MICHAEL,174,16
2011,MALE,HISPANIC,MICHAEL,174,16
2011,MALE,HISPANIC,MASON,173,17
2011,MALE,HISPANIC,MASON,173,17
2011,MALE,HISPANIC,GABRIEL,158,18
2011,MALE,HISPANIC,GABRIEL,158,18
2011,MALE,HISPANIC,NOAH,157,19
2011,MALE,HISPANIC,ADRIAN,157,19
2011,MALE,HISPANIC,ADRIAN,157,19
2011,MALE,HISPANIC,NOAH,157,19
2011,MALE,HISPANIC,CHRISTIAN,151,20
2011,MALE,HISPANIC,CHRISTIAN,151,20
2011,MALE,HISPANIC,JOSE,144,21
2011,MALE,HISPANIC,JOSE,144,21
2011,MALE,HISPANIC,JOSEPH,140,22
2011,MALE,HISPANIC,JOSEPH,140,22
2011,MALE,HISPANIC,DYLAN,136,23
2011,MALE,HISPANIC,DYLAN,136,23
2011,MALE,HISPANIC,LUIS,131,24
2011,MALE,HISPANIC,LUIS,131,24
2011,MALE,HISPANIC,ANDREW,125,25
2011,MALE,HISPANIC,ANDREW,125,25
2011,MALE,HISPANIC,LUCAS,122,26
2011,MALE,HISPANIC,RYAN,122,26
2011,MALE,HISPANIC,LUCAS,122,26
2011,MALE,HISPANIC,RYAN,122,26
2011,MALE,HISPANIC,JEREMIAH,120,27
2011,MALE,HISPANIC,JEREMIAH,120,27
2011,MALE,HISPANIC,JEREMY,118,28
2011,MALE,HISPANIC,JEREMY,118,28
2011,MALE,HISPANIC,ELIJAH,110,29
2011,MALE,HISPANIC,ELIJAH,110,29
2011,MALE,HISPANIC,CARLOS,109,30
2011,MALE,HISPANIC,CARLOS,109,30
2011,MALE,HISPANIC,STEVEN,104,31
2011,MALE,HISPANIC,AYDEN,104,31
2011,MALE,HISPANIC,AYDEN,104,31
2011,MALE,HISPANIC,STEVEN,104,31
2011,MALE,HISPANIC,LIAM,103,32
2011,MALE,HISPANIC,NICHOLAS,103,32
2011,MALE,HISPANIC,NICHOLAS,103,32
2011,MALE,HISPANIC,LIAM,103,32
2011,MALE,HISPANIC,AARON,102,33
2011,MALE,HISPANIC,AARON,102,33
2011,MALE,HISPANIC,MIGUEL,101,34
2011,MALE,HISPANIC,MIGUEL,101,34
2011,MALE,HISPANIC,JUAN,99,35
2011,MALE,HISPANIC,JULIAN,99,35
2011,MALE,HISPANIC,JULIAN,99,35
2011,MALE,HISPANIC,BRYAN,99,35
2011,MALE,HISPANIC,JUAN,99,35
2011,MALE,HISPANIC,BRYAN,99,35
2011,MALE,HISPANIC,WILLIAM,98,36
2011,MALE,HISPANIC,WILLIAM,98,36
2011,MALE,HISPANIC,JOHN,96,37
2011,MALE,HISPANIC,JOHN,96,37
2011,MALE,HISPANIC,XAVIER,92,38
2011,MALE,HISPANIC,JASON,92,38
2011,MALE,HISPANIC,XAVIER,92,38
2011,MALE,HISPANIC,JASON,92,38
2011,MALE,HISPANIC,JOEL,82,39
2011,MALE,HISPANIC,JOEL,82,39
2011,MALE,HISPANIC,EVAN,81,40
2011,MALE,HISPANIC,EVAN,81,40
2011,MALE,HISPANIC,SAMUEL,74,41
2011,MALE,HISPANIC,SAMUEL,74,41
2011,MALE,HISPANIC,ISAAC,73,42
2011,MALE,HISPANIC,ISAAC,73,42
2011,MALE,HISPANIC,JADEN,73,42
2011,MALE,HISPANIC,JADEN,73,42
2011,MALE,HISPANIC,JORDAN,72,43
2011,MALE,HISPANIC,IAN,72,43
2011,MALE,HISPANIC,IAN,72,43
2011,MALE,HISPANIC,EDWIN,71,44
2011,MALE,HISPANIC,EDWIN,71,44
2011,MALE,HISPANIC,ISAIAH,70,45
2011,MALE,HISPANIC,JAMES,70,45
2011,MALE,HISPANIC,JESUS,70,45
2011,MALE,HISPANIC,JESUS,70,45
2011,MALE,HISPANIC,JAMES,70,45
2011,MALE,HISPANIC,ISAIAH,70,45
2011,MALE,HISPANIC,AXEL,69,46
2011,MALE,HISPANIC,AXEL,69,46
2011,MALE,HISPANIC,GIOVANNI,68,47
2011,MALE,HISPANIC,ALEJANDRO,68,47
2011,MALE,HISPANIC,ALEX,68,47
2011,MALE,HISPANIC,ALEJANDRO,68,47
2011,MALE,HISPANIC,GIOVANNI,68,47
2011,MALE,HISPANIC,ALEX,68,47
2011,MALE,HISPANIC,ELIAS,66,48
2011,MALE,HISPANIC,ELIAS,66,48
2011,MALE,HISPANIC,NATHANIEL,63,49
2011,MALE,HISPANIC,NATHANIEL,63,49
2011,MALE,HISPANIC,DEREK,62,50
2011,MALE,HISPANIC,DEREK,62,50
2011,MALE,HISPANIC,ERIC,60,51
2011,MALE,HISPANIC,ERIC,60,51
2011,MALE,HISPANIC,ERICK,60,51
2011,MALE,HISPANIC,ERICK,60,51
2011,MALE,HISPANIC,BRIAN,59,52
2011,MALE,HISPANIC,EMMANUEL,57,53
2011,MALE,HISPANIC,EMMANUEL,57,53
2011,MALE,HISPANIC,LEONARDO,55,54
2011,MALE,HISPANIC,ALEXIS,55,54
2011,MALE,HISPANIC,LEONARDO,55,54
2011,MALE,HISPANIC,ALEXIS,55,54
2011,MALE,HISPANIC,DIEGO,54,55
2011,MALE,HISPANIC,DIEGO,54,55
2011,MALE,HISPANIC,NICOLAS,53,56
2011,MALE,HISPANIC,CRISTIAN,53,56
2011,MALE,HISPANIC,NICOLAS,53,56
2011,MALE,HISPANIC,CRISTIAN,53,56
2011,MALE,HISPANIC,ANDRES,51,57
2011,MALE,HISPANIC,JADIEL,51,57
2011,MALE,HISPANIC,JADIEL,51,57
2011,MALE,HISPANIC,BENJAMIN,51,57
2011,MALE,HISPANIC,BENJAMIN,51,57
2011,MALE,HISPANIC,ANDRES,51,57
2011,MALE,HISPANIC,JOSIAH,50,58
2011,MALE,HISPANIC,SANTIAGO,50,58
2011,MALE,HISPANIC,JOSIAH,50,58
2011,MALE,HISPANIC,SANTIAGO,50,58
2011,MALE,HISPANIC,VICTOR,48,59
2011,MALE,HISPANIC,VICTOR,48,59
2011,MALE,HISPANIC,RANDY,48,59
2011,MALE,HISPANIC,RANDY,48,59
2011,MALE,HISPANIC,TYLER,48,59
2011,MALE,HISPANIC,TYLER,48,59
2011,MALE,HISPANIC,NATHAN,47,60
2011,MALE,HISPANIC,NATHAN,47,60
2011,MALE,HISPANIC,LOGAN,45,61
2011,MALE,HISPANIC,LOGAN,45,61
2011,MALE,HISPANIC,EDUARDO,45,61
2011,MALE,HISPANIC,EDUARDO,45,61
2011,MALE,HISPANIC,MATEO,44,62
2011,MALE,HISPANIC,MATEO,44,62
2011,MALE,HISPANIC,HENRY,43,63
2011,MALE,HISPANIC,HENRY,43,63
2011,MALE,HISPANIC,CALEB,42,64
2011,MALE,HISPANIC,CALEB,42,64
2011,MALE,HISPANIC,OLIVER,42,64
2011,MALE,HISPANIC,OLIVER,42,64
2011,MALE,HISPANIC,JAIDEN,42,64
2011,MALE,HISPANIC,JAIDEN,42,64
2011,MALE,HISPANIC,IVAN,42,64
2011,MALE,HISPANIC,IVAN,42,64
2011,MALE,HISPANIC,JORGE,39,65
2011,MALE,HISPANIC,OMAR,39,65
2011,MALE,HISPANIC,JORGE,39,65
2011,MALE,HISPANIC,OMAR,39,65
2011,MALE,HISPANIC,JEAN,38,66
2011,MALE,HISPANIC,ELI,38,66
2011,MALE,HISPANIC,ELI,38,66
2011,MALE,HISPANIC,JAVIER,38,66
2011,MALE,HISPANIC,RICHARD,38,66
2011,MALE,HISPANIC,ALAN,38,66
2011,MALE,HISPANIC,ALAN,38,66
2011,MALE,HISPANIC,RICHARD,38,66
2011,MALE,HISPANIC,JEAN,38,66
2011,MALE,HISPANIC,JAVIER,38,66
2011,MALE,HISPANIC,ANDY,37,67
2011,MALE,HISPANIC,JACE,37,67
2011,MALE,HISPANIC,JACE,37,67
2011,MALE,HISPANIC,ANDY,37,67
2011,MALE,HISPANIC,AIDAN,36,68
2011,MALE,HISPANIC,AIDAN,36,68
2011,MALE,HISPANIC,ROBERT,35,69
2011,MALE,HISPANIC,JOSUE,35,69
2011,MALE,HISPANIC,JOSUE,35,69
2011,MALE,HISPANIC,ROBERT,35,69
2011,MALE,HISPANIC,TRISTAN,34,70
2011,MALE,HISPANIC,ADRIEL,34,70
2011,MALE,HISPANIC,TRISTAN,34,70
2011,MALE,HISPANIC,ADRIEL,34,70
2011,MALE,HISPANIC,ANDERSON,33,71
2011,MALE,HISPANIC,MAX,33,71
2011,MALE,HISPANIC,MARCUS,33,71
2011,MALE,HISPANIC,KENNETH,33,71
2011,MALE,HISPANIC,MAX,33,71
2011,MALE,HISPANIC,ANDERSON,33,71
2011,MALE,HISPANIC,MARCUS,33,71
2011,MALE,HISPANIC,KENNETH,33,71
2011,MALE,HISPANIC,ADAM,32,72
2011,MALE,HISPANIC,ANTONIO,32,72
2011,MALE,HISPANIC,FRANCISCO,32,72
2011,MALE,HISPANIC,ANTONIO,32,72
2011,MALE,HISPANIC,ADAM,32,72
2011,MALE,HISPANIC,FRANCISCO,32,72
2011,MALE,HISPANIC,MANUEL,31,73
2011,MALE,HISPANIC,DARIEL,31,73
2011,MALE,HISPANIC,HECTOR,31,73
2011,MALE,HISPANIC,DARIEL,31,73
2011,MALE,HISPANIC,MANUEL,31,73
2011,MALE,HISPANIC,HECTOR,31,73
2011,MALE,HISPANIC,DANNY,31,73
2011,MALE,HISPANIC,RAFAEL,31,73
2011,MALE,HISPANIC,DANNY,31,73
2011,MALE,HISPANIC,RAFAEL,31,73
2011,MALE,HISPANIC,SEAN,30,74
2011,MALE,HISPANIC,SEAN,30,74
2011,MALE,HISPANIC,GEORGE,30,74
2011,MALE,HISPANIC,GEORGE,30,74
2011,MALE,HISPANIC,EDWARD,30,74
2011,MALE,HISPANIC,EDWARD,30,74
2011,MALE,HISPANIC,PEDRO,29,75
2011,MALE,HISPANIC,MARCOS,29,75
2011,MALE,HISPANIC,EDGAR,29,75
2011,MALE,HISPANIC,PEDRO,29,75
2011,MALE,HISPANIC,MARCOS,29,75
2011,MALE,HISPANIC,EDGAR,29,75
2011,MALE,HISPANIC,CESAR,29,75
2011,MALE,HISPANIC,CESAR,29,75
2011,MALE,HISPANIC,ANGELO,28,76
2011,MALE,HISPANIC,FERNANDO,28,76
2011,MALE,HISPANIC,JOHAN,28,76
2011,MALE,HISPANIC,ANGELO,28,76
2011,MALE,HISPANIC,FERNANDO,28,76
2011,MALE,HISPANIC,JOHAN,28,76
2011,MALE,HISPANIC,JULIO,27,77
2011,MALE,HISPANIC,JAKE,27,77
2011,MALE,HISPANIC,OSCAR,27,77
2011,MALE,HISPANIC,JAKE,27,77
2011,MALE,HISPANIC,OSCAR,27,77
2011,MALE,HISPANIC,CHRIS,27,77
2011,MALE,HISPANIC,CHRIS,27,77
2011,MALE,HISPANIC,JULIO,27,77
2011,MALE,HISPANIC,ARIEL,26,78
2011,MALE,HISPANIC,DAMIAN,26,78
2011,MALE,HISPANIC,THOMAS,26,78
2011,MALE,HISPANIC,JULIUS,26,78
2011,MALE,HISPANIC,EMANUEL,26,78
2011,MALE,HISPANIC,ARIEL,26,78
2011,MALE,HISPANIC,JULIUS,26,78
2011,MALE,HISPANIC,THOMAS,26,78
2011,MALE,HISPANIC,EMANUEL,26,78
2011,MALE,HISPANIC,DAMIAN,26,78
2011,MALE,HISPANIC,DEVIN,25,79
2011,MALE,HISPANIC,KAYDEN,25,79
2011,MALE,HISPANIC,JARIEL,25,79
2011,MALE,HISPANIC,YADIEL,25,79
2011,MALE,HISPANIC,KAYDEN,25,79
2011,MALE,HISPANIC,JARIEL,25,79
2011,MALE,HISPANIC,PABLO,25,79
2011,MALE,HISPANIC,RICARDO,25,79
2011,MALE,HISPANIC,RICARDO,25,79
2011,MALE,HISPANIC,DEVIN,25,79
2011,MALE,HISPANIC,YADIEL,25,79
2011,MALE,HISPANIC,PABLO,25,79
2011,MALE,HISPANIC,JAYSON,24,80
2011,MALE,HISPANIC,NOEL,24,80
2011,MALE,HISPANIC,BRADLEY,24,80
2011,MALE,HISPANIC,RAYMOND,24,80
2011,MALE,HISPANIC,BRADLEY,24,80
2011,MALE,HISPANIC,NOEL,24,80
2011,MALE,HISPANIC,JAYSON,24,80
2011,MALE,HISPANIC,RAYMOND,24,80
2011,MALE,HISPANIC,JOAQUIN,23,81
2011,MALE,HISPANIC,BRAYAN,23,81
2011,MALE,HISPANIC,MARIO,23,81
2011,MALE,HISPANIC,BRAYAN,23,81
2011,MALE,HISPANIC,JOAQUIN,23,81
2011,MALE,HISPANIC,MARIO,23,81
2011,MALE,HISPANIC,CHASE,22,82
2011,MALE,HISPANIC,ABRAHAM,22,82
2011,MALE,HISPANIC,DOMINIC,22,82
2011,MALE,HISPANIC,MARCO,22,82
2011,MALE,HISPANIC,ALLEN,22,82
2011,MALE,HISPANIC,MARCO,22,82
2011,MALE,HISPANIC,KELVIN,22,82
2011,MALE,HISPANIC,ABRAHAM,22,82
2011,MALE,HISPANIC,DOMINIC,22,82
2011,MALE,HISPANIC,ISRAEL,22,82
2011,MALE,HISPANIC,ALLEN,22,82
2011,MALE,HISPANIC,KELVIN,22,82
2011,MALE,HISPANIC,CHASE,22,82
2011,MALE,HISPANIC,ISRAEL,22,82
2011,MALE,HISPANIC,JACK,21,83
2011,MALE,HISPANIC,JACK,21,83
2011,MALE,HISPANIC,EMILIO,21,83
2011,MALE,HISPANIC,URIEL,21,83
2011,MALE,HISPANIC,AMIR,21,83
2011,MALE,HISPANIC,DANTE,21,83
2011,MALE,HISPANIC,AMIR,21,83
2011,MALE,HISPANIC,URIEL,21,83
2011,MALE,HISPANIC,EMILIO,21,83
2011,MALE,HISPANIC,DANTE,21,83
2011,MALE,HISPANIC,ARMANI,20,84
2011,MALE,HISPANIC,KENNY,20,84
2011,MALE,HISPANIC,MATIAS,20,84
2011,MALE,HISPANIC,CHARLES,20,84
2011,MALE,HISPANIC,ARMANI,20,84
2011,MALE,HISPANIC,KENNY,20,84
2011,MALE,HISPANIC,CHARLES,20,84
2011,MALE,HISPANIC,MATIAS,20,84
2011,MALE,HISPANIC,LANDON,19,85
2011,MALE,HISPANIC,RUBEN,19,85
2011,MALE,HISPANIC,JEFFREY,19,85
2011,MALE,HISPANIC,MARK,19,85
2011,MALE,HISPANIC,MATHEW,19,85
2011,MALE,HISPANIC,GAVIN,19,85
2011,MALE,HISPANIC,CAMERON,19,85
2011,MALE,HISPANIC,BYRON,19,85
2011,MALE,HISPANIC,JEFFREY,19,85
2011,MALE,HISPANIC,MARK,19,85
2011,MALE,HISPANIC,BYRON,19,85
2011,MALE,HISPANIC,RUBEN,19,85
2011,MALE,HISPANIC,MATHEW,19,85
2011,MALE,HISPANIC,LANDON,19,85
2011,MALE,HISPANIC,CAMERON,19,85
2011,MALE,HISPANIC,GAVIN,19,85
2011,MALE,HISPANIC,RILEY,18,86
2011,MALE,HISPANIC,RILEY,18,86
2011,MALE,HISPANIC,JAY,18,86
2011,MALE,HISPANIC,MOISES,18,86
2011,MALE,HISPANIC,JOHNNY,18,86
2011,MALE,HISPANIC,GAEL,18,86
2011,MALE,HISPANIC,JOHNNY,18,86
2011,MALE,HISPANIC,ERIK,18,86
2011,MALE,HISPANIC,DARWIN,18,86
2011,MALE,HISPANIC,JUNIOR,18,86
2011,MALE,HISPANIC,JUNIOR,18,86
2011,MALE,HISPANIC,JAY,18,86
2011,MALE,HISPANIC,DERICK,18,86
2011,MALE,HISPANIC,GAEL,18,86
2011,MALE,HISPANIC,DARWIN,18,86
2011,MALE,HISPANIC,DERICK,18,86
2011,MALE,HISPANIC,MOISES,18,86
2011,MALE,HISPANIC,ERIK,18,86
2011,MALE,HISPANIC,LUKE,17,87
2011,MALE,HISPANIC,FRANK,17,87
2011,MALE,HISPANIC,ASHTON,17,87
2011,MALE,HISPANIC,MIKE,17,87
2011,MALE,HISPANIC,VINCENT,17,87
2011,MALE,HISPANIC,MIKE,17,87
2011,MALE,HISPANIC,ISMAEL,17,87
2011,MALE,HISPANIC,FRANK,17,87
2011,MALE,HISPANIC,ELIAN,17,87
2011,MALE,HISPANIC,ISMAEL,17,87
2011,MALE,HISPANIC,JARED,17,87
2011,MALE,HISPANIC,JARED,17,87
2011,MALE,HISPANIC,VINCENT,17,87
2011,MALE,HISPANIC,LUKE,17,87
2011,MALE,HISPANIC,ELIAN,17,87
2011,MALE,HISPANIC,BRYANT,17,87
2011,MALE,HISPANIC,ASHTON,17,87
2011,MALE,HISPANIC,BRYANT,17,87
2011,MALE,HISPANIC,MARVIN,16,88
2011,MALE,HISPANIC,PAUL,16,88
2011,MALE,HISPANIC,ZACHARY,16,88
2011,MALE,HISPANIC,MARTIN,16,88
2011,MALE,HISPANIC,LEANDRO,16,88
2011,MALE,HISPANIC,DOMINICK,16,88
2011,MALE,HISPANIC,MARVIN,16,88
2011,MALE,HISPANIC,GREGORY,16,88
2011,MALE,HISPANIC,LEANDRO,16,88
2011,MALE,HISPANIC,PAUL,16,88
2011,MALE,HISPANIC,DOMINICK,16,88
2011,MALE,HISPANIC,NELSON,16,88
2011,MALE,HISPANIC,YAHIR,16,88
2011,MALE,HISPANIC,ADONIS,16,88
2011,MALE,HISPANIC,GREGORY,16,88
2011,MALE,HISPANIC,JOHNATHAN,16,88
2011,MALE,HISPANIC,TIMOTHY,16,88
2011,MALE,HISPANIC,ADONIS,16,88
2011,MALE,HISPANIC,CARMELO,16,88
2011,MALE,HISPANIC,NELSON,16,88
2011,MALE,HISPANIC,MARTIN,16,88
2011,MALE,HISPANIC,CARMELO,16,88
2011,MALE,HISPANIC,ZACHARY,16,88
2011,MALE,HISPANIC,BRAYDEN,16,88
2011,MALE,HISPANIC,YAHIR,16,88
2011,MALE,HISPANIC,JOHNATHAN,16,88
2011,MALE,HISPANIC,BRAYDEN,16,88
2011,MALE,HISPANIC,TIMOTHY,16,88
2011,MALE,HISPANIC,GUSTAVO,15,89
2011,MALE,HISPANIC,SHAWN,15,89
2011,MALE,HISPANIC,JONAH,15,89
2011,MALE,HISPANIC,MAXIMUS,15,89
2011,MALE,HISPANIC,RODRIGO,15,89
2011,MALE,HISPANIC,HUNTER,15,89
2011,MALE,HISPANIC,GUSTAVO,15,89
2011,MALE,HISPANIC,AUSTIN,15,89
2011,MALE,HISPANIC,ALFREDO,15,89
2011,MALE,HISPANIC,ALBERTO,15,89
2011,MALE,HISPANIC,DENNIS,15,89
2011,MALE,HISPANIC,PETER,15,89
2011,MALE,HISPANIC,RODRIGO,15,89
2011,MALE,HISPANIC,SHAWN,15,89
2011,MALE,HISPANIC,PETER,15,89
2011,MALE,HISPANIC,JONAH,15,89
2011,MALE,HISPANIC,DENNIS,15,89
2011,MALE,HISPANIC,DAMIEN,15,89
2011,MALE,HISPANIC,DAMIEN,15,89
2011,MALE,HISPANIC,AUSTIN,15,89
2011,MALE,HISPANIC,ALFREDO,15,89
2011,MALE,HISPANIC,HUNTER,15,89
2011,MALE,HISPANIC,MAXIMUS,15,89
2011,MALE,HISPANIC,ALBERTO,15,89
2011,MALE,HISPANIC,JEREMIAS,14,90
2011,MALE,HISPANIC,JIMMY,14,90
2011,MALE,HISPANIC,PRESTON,14,90
2011,MALE,HISPANIC,LOUIS,14,90
2011,MALE,HISPANIC,JULIEN,14,90
2011,MALE,HISPANIC,ENRIQUE,14,90
2011,MALE,HISPANIC,LORENZO,14,90
2011,MALE,HISPANIC,JEFFERSON,14,90
2011,MALE,HISPANIC,JEREMIAS,14,90
2011,MALE,HISPANIC,PRINCE,14,90
2011,MALE,HISPANIC,JIMMY,14,90
2011,MALE,HISPANIC,ROMEO,14,90
2011,MALE,HISPANIC,LORENZO,14,90
2011,MALE,HISPANIC,LOUIS,14,90
2011,MALE,HISPANIC,FRANKLIN,14,90
2011,MALE,HISPANIC,PRINCE,14,90
2011,MALE,HISPANIC,PRESTON,14,90
2011,MALE,HISPANIC,ABEL,14,90
2011,MALE,HISPANIC,ABEL,14,90
2011,MALE,HISPANIC,FRANKLIN,14,90
2011,MALE,HISPANIC,JULIEN,14,90
2011,MALE,HISPANIC,ENRIQUE,14,90
2011,MALE,HISPANIC,ROMEO,14,90
2011,MALE,HISPANIC,JEFFERSON,14,90
2011,MALE,HISPANIC,GIOVANNY,13,91
2011,MALE,HISPANIC,GIOVANNY,13,91
2011,MALE,HISPANIC,YERIK,13,91
2011,MALE,HISPANIC,CRISTOPHER,13,91
2011,MALE,HISPANIC,IKER,13,91
2011,MALE,HISPANIC,ESTEBAN,13,91
2011,MALE,HISPANIC,EMILIANO,13,91
2011,MALE,HISPANIC,ADEN,13,91
2011,MALE,HISPANIC,ZION,13,91
2011,MALE,HISPANIC,YERIK,13,91
2011,MALE,HISPANIC,EMILIANO,13,91
2011,MALE,HISPANIC,ALBERT,13,91
2011,MALE,HISPANIC,FREDDY,13,91
2011,MALE,HISPANIC,TRAVIS,13,91
2011,MALE,HISPANIC,ADEN,13,91
2011,MALE,HISPANIC,FREDDY,13,91
2011,MALE,HISPANIC,KADEN,13,91
2011,MALE,HISPANIC,ESTEBAN,13,91
2011,MALE,HISPANIC,MAXIMILIANO,13,91
2011,MALE,HISPANIC,SERGIO,13,91
2011,MALE,HISPANIC,ZION,13,91
2011,MALE,HISPANIC,TRAVIS,13,91
2011,MALE,HISPANIC,IKER,13,91
2011,MALE,HISPANIC,KADEN,13,91
2011,MALE,HISPANIC,CRISTOPHER,13,91
2011,MALE,HISPANIC,AVERY,13,91
2011,MALE,HISPANIC,SERGIO,13,91
2011,MALE,HISPANIC,AVERY,13,91
2011,MALE,HISPANIC,MAXIMILIANO,13,91
2011,MALE,HISPANIC,ALBERT,13,91
2011,MALE,HISPANIC,JOHANN,12,92
2011,MALE,HISPANIC,EDDIE,12,92
2011,MALE,HISPANIC,FELIX,12,92
2011,MALE,HISPANIC,GERARDO,12,92
2011,MALE,HISPANIC,JAYCE,12,92
2011,MALE,HISPANIC,JOHANN,12,92
2011,MALE,HISPANIC,LEONEL,12,92
2011,MALE,HISPANIC,MAURICIO,12,92
2011,MALE,HISPANIC,MAXIMO,12,92
2011,MALE,HISPANIC,MELVIN,12,92
2011,MALE,HISPANIC,ABDIEL,12,92
2011,MALE,HISPANIC,OWEN,12,92
2011,MALE,HISPANIC,PATRICK,12,92
2011,MALE,HISPANIC,YANDEL,12,92
2011,MALE,HISPANIC,YARIEL,12,92
2011,MALE,HISPANIC,ABDIEL,12,92
2011,MALE,HISPANIC,EDDIE,12,92
2011,MALE,HISPANIC,FELIX,12,92
2011,MALE,HISPANIC,GERARDO,12,92
2011,MALE,HISPANIC,JAYCE,12,92
2011,MALE,HISPANIC,LEONEL,12,92
2011,MALE,HISPANIC,MAURICIO,12,92
2011,MALE,HISPANIC,MAXIMO,12,92
2011,MALE,HISPANIC,MELVIN,12,92
2011,MALE,HISPANIC,OWEN,12,92
2011,MALE,HISPANIC,PATRICK,12,92
2011,MALE,HISPANIC,YANDEL,12,92
2011,MALE,HISPANIC,YARIEL,12,92
2011,MALE,HISPANIC,CRISTOFER,11,93
2011,MALE,HISPANIC,JANUEL,11,93
2011,MALE,HISPANIC,JAIME,11,93
2011,MALE,HISPANIC,JERRY,11,93
2011,MALE,HISPANIC,EDISON,11,93
2011,MALE,HISPANIC,LEO,11,93
2011,MALE,HISPANIC,LUKAS,11,93
2011,MALE,HISPANIC,CRISTOFER,11,93
2011,MALE,HISPANIC,WILSON,11,93
2011,MALE,HISPANIC,JENCARLOS,11,93
2011,MALE,HISPANIC,EDISON,11,93
2011,MALE,HISPANIC,JERRY,11,93
2011,MALE,HISPANIC,WILSON,11,93
2011,MALE,HISPANIC,ROYCE,11,93
2011,MALE,HISPANIC,EZEKIEL,11,93
2011,MALE,HISPANIC,EZEQUIEL,11,93
2011,MALE,HISPANIC,JENCARLOS,11,93
2011,MALE,HISPANIC,DERECK,11,93
2011,MALE,HISPANIC,ARMANDO,11,93
2011,MALE,HISPANIC,ROYCE,11,93
2011,MALE,HISPANIC,ROGER,11,93
2011,MALE,HISPANIC,ROBERTO,11,93
2011,MALE,HISPANIC,ROGER,11,93
2011,MALE,HISPANIC,DERECK,11,93
2011,MALE,HISPANIC,EZEKIEL,11,93
2011,MALE,HISPANIC,EZEQUIEL,11,93
2011,MALE,HISPANIC,LEO,11,93
2011,MALE,HISPANIC,ROBERTO,11,93
2011,MALE,HISPANIC,ARMANDO,11,93
2011,MALE,HISPANIC,JANUEL,11,93
2011,MALE,HISPANIC,JAIME,11,93
2011,MALE,HISPANIC,LUKAS,11,93
2011,MALE,HISPANIC,STEPHEN,10,94
2011,MALE,HISPANIC,TAYLOR,10,94
2011,MALE,HISPANIC,LARRY,10,94
2011,MALE,HISPANIC,ARTURO,10,94
2011,MALE,HISPANIC,JEANCARLOS,10,94
2011,MALE,HISPANIC,ALVIN,10,94
2011,MALE,HISPANIC,ALLAN,10,94
2011,MALE,HISPANIC,MARLON,10,94
2011,MALE,HISPANIC,GIOVANI,10,94
2011,MALE,HISPANIC,STEVE,10,94
2011,MALE,HISPANIC,ARTURO,10,94
2011,MALE,HISPANIC,JEANCARLOS,10,94
2011,MALE,HISPANIC,ALDO,10,94
2011,MALE,HISPANIC,BRYCE,10,94
2011,MALE,HISPANIC,STEVE,10,94
2011,MALE,HISPANIC,STEPHEN,10,94
2011,MALE,HISPANIC,YAIR,10,94
2011,MALE,HISPANIC,ELVIS,10,94
2011,MALE,HISPANIC,JESSE,10,94
2011,MALE,HISPANIC,JANIEL,10,94
2011,MALE,HISPANIC,SHANE,10,94
2011,MALE,HISPANIC,TOMAS,10,94
2011,MALE,HISPANIC,JANIEL,10,94
2011,MALE,HISPANIC,YANIEL,10,94
2011,MALE,HISPANIC,YAIR,10,94
2011,MALE,HISPANIC,YANIEL,10,94
2011,MALE,HISPANIC,ELVIS,10,94
2011,MALE,HISPANIC,MARLON,10,94
2011,MALE,HISPANIC,ANDRE,10,94
2011,MALE,HISPANIC,JESSE,10,94
2011,MALE,HISPANIC,LARRY,10,94
2011,MALE,HISPANIC,ALLAN,10,94
2011,MALE,HISPANIC,TOMAS,10,94
2011,MALE,HISPANIC,BRYCE,10,94
2011,MALE,HISPANIC,GIOVANI,10,94
2011,MALE,HISPANIC,ALVIN,10,94
2011,MALE,HISPANIC,ALDO,10,94
2011,MALE,HISPANIC,ANDRE,10,94
2011,MALE,HISPANIC,SHANE,10,94
2011,MALE,HISPANIC,TAYLOR,10,94
2011,MALE,WHITE NON HISPANIC,MICHAEL,292,1
2011,MALE,WHITE NON HISPANIC,MICHAEL,292,1
2011,MALE,WHITE NON HISPANIC,JOSEPH,281,2
2011,MALE,WHITE NON HISPANIC,JOSEPH,281,2
2011,MALE,WHITE NON HISPANIC,JACOB,265,3
2011,MALE,WHITE NON HISPANIC,DAVID,258,4
2011,MALE,WHITE NON HISPANIC,DAVID,258,4
2011,MALE,WHITE NON HISPANIC,BENJAMIN,230,5
2011,MALE,WHITE NON HISPANIC,BENJAMIN,230,5
2011,MALE,WHITE NON HISPANIC,MOSHE,224,6
2011,MALE,WHITE NON HISPANIC,MOSHE,224,6
2011,MALE,WHITE NON HISPANIC,DANIEL,210,7
2011,MALE,WHITE NON HISPANIC,DANIEL,210,7
2011,MALE,WHITE NON HISPANIC,ALEXANDER,197,8
2011,MALE,WHITE NON HISPANIC,ALEXANDER,197,8
2011,MALE,WHITE NON HISPANIC,MATTHEW,189,9
2011,MALE,WHITE NON HISPANIC,MATTHEW,189,9
2011,MALE,WHITE NON HISPANIC,JACK,183,10
2011,MALE,WHITE NON HISPANIC,JACK,183,10
2011,MALE,WHITE NON HISPANIC,SAMUEL,181,11
2011,MALE,WHITE NON HISPANIC,SAMUEL,181,11
2011,MALE,WHITE NON HISPANIC,ABRAHAM,172,12
2011,MALE,WHITE NON HISPANIC,JAMES,172,12
2011,MALE,WHITE NON HISPANIC,JAMES,172,12
2011,MALE,WHITE NON HISPANIC,ABRAHAM,172,12
2011,MALE,WHITE NON HISPANIC,WILLIAM,170,13
2011,MALE,WHITE NON HISPANIC,WILLIAM,170,13
2011,MALE,WHITE NON HISPANIC,JOHN,166,14
2011,MALE,WHITE NON HISPANIC,JOHN,166,14
2011,MALE,WHITE NON HISPANIC,NICHOLAS,153,15
2011,MALE,WHITE NON HISPANIC,NICHOLAS,153,15
2011,MALE,WHITE NON HISPANIC,HENRY,149,16
2011,MALE,WHITE NON HISPANIC,HENRY,149,16
2011,MALE,WHITE NON HISPANIC,CHAIM,147,17
2011,MALE,WHITE NON HISPANIC,CHAIM,147,17
2011,MALE,WHITE NON HISPANIC,ANTHONY,135,18
2011,MALE,WHITE NON HISPANIC,ANTHONY,135,18
2011,MALE,WHITE NON HISPANIC,ANDREW,133,19
2011,MALE,WHITE NON HISPANIC,ANDREW,133,19
2011,MALE,WHITE NON HISPANIC,LIAM,131,20
2011,MALE,WHITE NON HISPANIC,LIAM,131,20
2011,MALE,WHITE NON HISPANIC,CHARLES,129,21
2011,MALE,WHITE NON HISPANIC,ADAM,129,21
2011,MALE,WHITE NON HISPANIC,CHARLES,129,21
2011,MALE,WHITE NON HISPANIC,ADAM,129,21
2011,MALE,WHITE NON HISPANIC,LUCAS,128,22
2011,MALE,WHITE NON HISPANIC,LUCAS,128,22
2011,MALE,WHITE NON HISPANIC,DYLAN,127,23
2011,MALE,WHITE NON HISPANIC,RYAN,126,24
2011,MALE,WHITE NON HISPANIC,RYAN,126,24
2011,MALE,WHITE NON HISPANIC,THOMAS,121,25
2011,MALE,WHITE NON HISPANIC,THOMAS,121,25
2011,MALE,WHITE NON HISPANIC,ETHAN,118,26
2011,MALE,WHITE NON HISPANIC,ETHAN,118,26
2011,MALE,WHITE NON HISPANIC,MENACHEM,103,27
2011,MALE,WHITE NON HISPANIC,MENACHEM,103,27
2011,MALE,WHITE NON HISPANIC,YOSEF,102,28
2011,MALE,WHITE NON HISPANIC,YOSEF,102,28
2011,MALE,WHITE NON HISPANIC,LUKE,101,29
2011,MALE,WHITE NON HISPANIC,LUKE,101,29
2011,MALE,WHITE NON HISPANIC,OLIVER,100,30
2011,MALE,WHITE NON HISPANIC,OLIVER,100,30
2011,MALE,WHITE NON HISPANIC,NOAH,99,31
2011,MALE,WHITE NON HISPANIC,NOAH,99,31
2011,MALE,WHITE NON HISPANIC,ELI,97,32
2011,MALE,WHITE NON HISPANIC,ELI,97,32
2011,MALE,WHITE NON HISPANIC,GABRIEL,96,33
2011,MALE,WHITE NON HISPANIC,GABRIEL,96,33
2011,MALE,WHITE NON HISPANIC,MAX,95,34
2011,MALE,WHITE NON HISPANIC,MAX,95,34
2011,MALE,WHITE NON HISPANIC,SHIMON,94,35
2011,MALE,WHITE NON HISPANIC,SHIMON,94,35
2011,MALE,WHITE NON HISPANIC,CHRISTOPHER,92,36
2011,MALE,WHITE NON HISPANIC,ISAAC,92,36
2011,MALE,WHITE NON HISPANIC,CHRISTOPHER,92,36
2011,MALE,WHITE NON HISPANIC,ISAAC,92,36
2011,MALE,WHITE NON HISPANIC,JOSHUA,89,37
2011,MALE,WHITE NON HISPANIC,JOSHUA,89,37
2011,MALE,WHITE NON HISPANIC,ZACHARY,86,38
2011,MALE,WHITE NON HISPANIC,ZACHARY,86,38
2011,MALE,WHITE NON HISPANIC,LEO,85,39
2011,MALE,WHITE NON HISPANIC,LEO,85,39
2011,MALE,WHITE NON HISPANIC,JULIAN,79,40
2011,MALE,WHITE NON HISPANIC,JULIAN,79,40
2011,MALE,WHITE NON HISPANIC,AIDEN,78,41
2011,MALE,WHITE NON HISPANIC,AIDEN,78,41
2011,MALE,WHITE NON HISPANIC,JACKSON,77,42
2011,MALE,WHITE NON HISPANIC,JAKE,77,42
2011,MALE,WHITE NON HISPANIC,JAKE,77,42
2011,MALE,WHITE NON HISPANIC,JACKSON,77,42
2011,MALE,WHITE NON HISPANIC,CHRISTIAN,76,43
2011,MALE,WHITE NON HISPANIC,CHRISTIAN,76,43
2011,MALE,WHITE NON HISPANIC,MORDECHAI,76,43
2011,MALE,WHITE NON HISPANIC,MORDECHAI,76,43
2011,MALE,WHITE NON HISPANIC,MASON,75,44
2011,MALE,WHITE NON HISPANIC,MASON,75,44
2011,MALE,WHITE NON HISPANIC,YISROEL,75,44
2011,MALE,WHITE NON HISPANIC,YISROEL,75,44
2011,MALE,WHITE NON HISPANIC,YEHUDA,74,45
2011,MALE,WHITE NON HISPANIC,YEHUDA,74,45
2011,MALE,WHITE NON HISPANIC,SEBASTIAN,71,46
2011,MALE,WHITE NON HISPANIC,NATHAN,71,46
2011,MALE,WHITE NON HISPANIC,LUCA,71,46
2011,MALE,WHITE NON HISPANIC,NATHAN,71,46
2011,MALE,WHITE NON HISPANIC,JONATHAN,71,46
2011,MALE,WHITE NON HISPANIC,SEBASTIAN,71,46
2011,MALE,WHITE NON HISPANIC,JONATHAN,71,46
2011,MALE,WHITE NON HISPANIC,LUCA,71,46
2011,MALE,WHITE NON HISPANIC,MARK,70,47
2011,MALE,WHITE NON HISPANIC,MARK,70,47
2011,MALE,WHITE NON HISPANIC,ROBERT,69,48
2011,MALE,WHITE NON HISPANIC,ROBERT,69,48
2011,MALE,WHITE NON HISPANIC,AARON,67,49
2011,MALE,WHITE NON HISPANIC,LOGAN,67,49
2011,MALE,WHITE NON HISPANIC,AARON,67,49
2011,MALE,WHITE NON HISPANIC,GEORGE,66,50
2011,MALE,WHITE NON HISPANIC,GEORGE,66,50
2011,MALE,WHITE NON HISPANIC,OWEN,65,51
2011,MALE,WHITE NON HISPANIC,OWEN,65,51
2011,MALE,WHITE NON HISPANIC,VINCENT,64,52
2011,MALE,WHITE NON HISPANIC,VINCENT,64,52
2011,MALE,WHITE NON HISPANIC,TYLER,61,53
2011,MALE,WHITE NON HISPANIC,SHLOMO,61,53
2011,MALE,WHITE NON HISPANIC,SHLOMO,61,53
2011,MALE,WHITE NON HISPANIC,TYLER,61,53
2011,MALE,WHITE NON HISPANIC,YAKOV,60,54
2011,MALE,WHITE NON HISPANIC,EVAN,60,54
2011,MALE,WHITE NON HISPANIC,ARON,60,54
2011,MALE,WHITE NON HISPANIC,ARON,60,54
2011,MALE,WHITE NON HISPANIC,YAKOV,60,54
2011,MALE,WHITE NON HISPANIC,EVAN,60,54
2011,MALE,WHITE NON HISPANIC,AIDAN,58,55
2011,MALE,WHITE NON HISPANIC,AIDAN,58,55
2011,MALE,WHITE NON HISPANIC,PATRICK,56,56
2011,MALE,WHITE NON HISPANIC,YITZCHOK,56,56
2011,MALE,WHITE NON HISPANIC,PATRICK,56,56
2011,MALE,WHITE NON HISPANIC,YITZCHOK,56,56
2011,MALE,WHITE NON HISPANIC,ASHER,55,57
2011,MALE,WHITE NON HISPANIC,ASHER,55,57
2011,MALE,WHITE NON HISPANIC,CONNOR,53,58
2011,MALE,WHITE NON HISPANIC,THEODORE,53,58
2011,MALE,WHITE NON HISPANIC,HUDSON,53,58
2011,MALE,WHITE NON HISPANIC,HUDSON,53,58
2011,MALE,WHITE NON HISPANIC,GAVIN,53,58
2011,MALE,WHITE NON HISPANIC,GAVIN,53,58
2011,MALE,WHITE NON HISPANIC,THEODORE,53,58
2011,MALE,WHITE NON HISPANIC,CONNOR,53,58
2011,MALE,WHITE NON HISPANIC,JONAH,52,59
2011,MALE,WHITE NON HISPANIC,PETER,52,59
2011,MALE,WHITE NON HISPANIC,JONAH,52,59
2011,MALE,WHITE NON HISPANIC,PETER,52,59
2011,MALE,WHITE NON HISPANIC,SOLOMON,48,60
2011,MALE,WHITE NON HISPANIC,SOLOMON,48,60
2011,MALE,WHITE NON HISPANIC,SIMON,47,61
2011,MALE,WHITE NON HISPANIC,ZEV,47,61
2011,MALE,WHITE NON HISPANIC,SIMON,47,61
2011,MALE,WHITE NON HISPANIC,MEIR,47,61
2011,MALE,WHITE NON HISPANIC,ZEV,47,61
2011,MALE,WHITE NON HISPANIC,MEIR,47,61
2011,MALE,WHITE NON HISPANIC,JUSTIN,46,62
2011,MALE,WHITE NON HISPANIC,MILES,46,62
2011,MALE,WHITE NON HISPANIC,DOV,46,62
2011,MALE,WHITE NON HISPANIC,DOV,46,62
2011,MALE,WHITE NON HISPANIC,JUSTIN,46,62
2011,MALE,WHITE NON HISPANIC,NATHANIEL,46,62
2011,MALE,WHITE NON HISPANIC,MILES,46,62
2011,MALE,WHITE NON HISPANIC,NATHANIEL,46,62
2011,MALE,WHITE NON HISPANIC,YAAKOV,45,63
2011,MALE,WHITE NON HISPANIC,YAAKOV,45,63
2011,MALE,WHITE NON HISPANIC,BRANDON,44,64
2011,MALE,WHITE NON HISPANIC,SHMUEL,44,64
2011,MALE,WHITE NON HISPANIC,BRANDON,44,64
2011,MALE,WHITE NON HISPANIC,SHMUEL,44,64
2011,MALE,WHITE NON HISPANIC,SHULEM,42,65
2011,MALE,WHITE NON HISPANIC,SHULEM,42,65
2011,MALE,WHITE NON HISPANIC,EDWARD,41,66
2011,MALE,WHITE NON HISPANIC,TZVI,41,66
2011,MALE,WHITE NON HISPANIC,TZVI,41,66
2011,MALE,WHITE NON HISPANIC,EDWARD,41,66
2011,MALE,WHITE NON HISPANIC,HARRISON,40,67
2011,MALE,WHITE NON HISPANIC,LEVI,40,67
2011,MALE,WHITE NON HISPANIC,LEVI,40,67
2011,MALE,WHITE NON HISPANIC,DOVID,40,67
2011,MALE,WHITE NON HISPANIC,HARRISON,40,67
2011,MALE,WHITE NON HISPANIC,DOVID,40,67
2011,MALE,WHITE NON HISPANIC,JAYDEN,39,68
2011,MALE,WHITE NON HISPANIC,JAYDEN,39,68
2011,MALE,WHITE NON HISPANIC,AVRAHAM,38,69
2011,MALE,WHITE NON HISPANIC,MOHAMED,38,69
2011,MALE,WHITE NON HISPANIC,AVRAHAM,38,69
2011,MALE,WHITE NON HISPANIC,MAXWELL,38,69
2011,MALE,WHITE NON HISPANIC,ELIEZER,38,69
2011,MALE,WHITE NON HISPANIC,ELIEZER,38,69
2011,MALE,WHITE NON HISPANIC,MOHAMED,38,69
2011,MALE,WHITE NON HISPANIC,MAXWELL,38,69
2011,MALE,WHITE NON HISPANIC,COLE,37,70
2011,MALE,WHITE NON HISPANIC,COLE,37,70
2011,MALE,WHITE NON HISPANIC,ELIYAHU,36,71
2011,MALE,WHITE NON HISPANIC,ELIYAHU,36,71
2011,MALE,WHITE NON HISPANIC,MENDEL,36,71
2011,MALE,WHITE NON HISPANIC,MENDEL,36,71
2011,MALE,WHITE NON HISPANIC,SALVATORE,36,71
2011,MALE,WHITE NON HISPANIC,SALVATORE,36,71
2011,MALE,WHITE NON HISPANIC,SEAN,36,71
2011,MALE,WHITE NON HISPANIC,SEAN,36,71
2011,MALE,WHITE NON HISPANIC,ELIJAH,35,72
2011,MALE,WHITE NON HISPANIC,SAM,35,72
2011,MALE,WHITE NON HISPANIC,JASON,35,72
2011,MALE,WHITE NON HISPANIC,SAM,35,72
2011,MALE,WHITE NON HISPANIC,ADRIAN,35,72
2011,MALE,WHITE NON HISPANIC,GIOVANNI,35,72
2011,MALE,WHITE NON HISPANIC,GIOVANNI,35,72
2011,MALE,WHITE NON HISPANIC,JASON,35,72
2011,MALE,WHITE NON HISPANIC,ADRIAN,35,72
2011,MALE,WHITE NON HISPANIC,ELIJAH,35,72
2011,MALE,WHITE NON HISPANIC,JUDAH,34,73
2011,MALE,WHITE NON HISPANIC,ALEX,34,73
2011,MALE,WHITE NON HISPANIC,JUDAH,34,73
2011,MALE,WHITE NON HISPANIC,ALEX,34,73
2011,MALE,WHITE NON HISPANIC,VICTOR,34,73
2011,MALE,WHITE NON HISPANIC,VICTOR,34,73
2011,MALE,WHITE NON HISPANIC,EZRA,33,74
2011,MALE,WHITE NON HISPANIC,ALI,33,74
2011,MALE,WHITE NON HISPANIC,OMAR,33,74
2011,MALE,WHITE NON HISPANIC,ALI,33,74
2011,MALE,WHITE NON HISPANIC,OMAR,33,74
2011,MALE,WHITE NON HISPANIC,ELLIOT,33,74
2011,MALE,WHITE NON HISPANIC,EZRA,33,74
2011,MALE,WHITE NON HISPANIC,ELLIOT,33,74
2011,MALE,WHITE NON HISPANIC,DECLAN,32,75
2011,MALE,WHITE NON HISPANIC,STEVEN,32,75
2011,MALE,WHITE NON HISPANIC,SIMCHA,32,75
2011,MALE,WHITE NON HISPANIC,JORDAN,32,75
2011,MALE,WHITE NON HISPANIC,COLIN,32,75
2011,MALE,WHITE NON HISPANIC,DECLAN,32,75
2011,MALE,WHITE NON HISPANIC,JORDAN,32,75
2011,MALE,WHITE NON HISPANIC,COLIN,32,75
2011,MALE,WHITE NON HISPANIC,STEVEN,32,75
2011,MALE,WHITE NON HISPANIC,SIMCHA,32,75
2011,MALE,WHITE NON HISPANIC,CALEB,31,76
2011,MALE,WHITE NON HISPANIC,MOSES,31,76
2011,MALE,WHITE NON HISPANIC,MOSES,31,76
2011,MALE,WHITE NON HISPANIC,CALEB,31,76
2011,MALE,WHITE NON HISPANIC,ARI,30,77
2011,MALE,WHITE NON HISPANIC,JOEL,30,77
2011,MALE,WHITE NON HISPANIC,ARI,30,77
2011,MALE,WHITE NON HISPANIC,ARIEL,30,77
2011,MALE,WHITE NON HISPANIC,MATTEO,30,77
2011,MALE,WHITE NON HISPANIC,MATTEO,30,77
2011,MALE,WHITE NON HISPANIC,SHIA,30,77
2011,MALE,WHITE NON HISPANIC,OSCAR,30,77
2011,MALE,WHITE NON HISPANIC,COOPER,30,77
2011,MALE,WHITE NON HISPANIC,SHIA,30,77
2011,MALE,WHITE NON HISPANIC,BRIAN,30,77
2011,MALE,WHITE NON HISPANIC,JOEL,30,77
2011,MALE,WHITE NON HISPANIC,COOPER,30,77
2011,MALE,WHITE NON HISPANIC,BRIAN,30,77
2011,MALE,WHITE NON HISPANIC,HUNTER,29,78
2011,MALE,WHITE NON HISPANIC,ARTHUR,29,78
2011,MALE,WHITE NON HISPANIC,USHER,29,78
2011,MALE,WHITE NON HISPANIC,MAXIMILIAN,29,78
2011,MALE,WHITE NON HISPANIC,KEVIN,29,78
2011,MALE,WHITE NON HISPANIC,FRANK,29,78
2011,MALE,WHITE NON HISPANIC,HUNTER,29,78
2011,MALE,WHITE NON HISPANIC,ARTHUR,29,78
2011,MALE,WHITE NON HISPANIC,LEONARDO,29,78
2011,MALE,WHITE NON HISPANIC,MAXIMILIAN,29,78
2011,MALE,WHITE NON HISPANIC,KEVIN,29,78
2011,MALE,WHITE NON HISPANIC,LEONARDO,29,78
2011,MALE,WHITE NON HISPANIC,USHER,29,78
2011,MALE,WHITE NON HISPANIC,FRANK,29,78
2011,MALE,WHITE NON HISPANIC,ANTONIO,28,79
2011,MALE,WHITE NON HISPANIC,IAN,28,79
2011,MALE,WHITE NON HISPANIC,IAN,28,79
2011,MALE,WHITE NON HISPANIC,ISRAEL,28,79
2011,MALE,WHITE NON HISPANIC,ISRAEL,28,79
2011,MALE,WHITE NON HISPANIC,ANTONIO,28,79
2011,MALE,WHITE NON HISPANIC,NICOLAS,28,79
2011,MALE,WHITE NON HISPANIC,NICOLAS,28,79
2011,MALE,WHITE NON HISPANIC,RAFAEL,27,80
2011,MALE,WHITE NON HISPANIC,AVROHOM,27,80
2011,MALE,WHITE NON HISPANIC,RAFAEL,27,80
2011,MALE,WHITE NON HISPANIC,MAXIM,27,80
2011,MALE,WHITE NON HISPANIC,YECHIEL,27,80
2011,MALE,WHITE NON HISPANIC,ERIC,27,80
2011,MALE,WHITE NON HISPANIC,CAMERON,27,80
2011,MALE,WHITE NON HISPANIC,ERIC,27,80
2011,MALE,WHITE NON HISPANIC,AVROHOM,27,80
2011,MALE,WHITE NON HISPANIC,YECHIEL,27,80
2011,MALE,WHITE NON HISPANIC,MAXIM,27,80
2011,MALE,WHITE NON HISPANIC,AHMED,26,81
2011,MALE,WHITE NON HISPANIC,RICHARD,26,81
2011,MALE,WHITE NON HISPANIC,AHMED,26,81
2011,MALE,WHITE NON HISPANIC,SHAYA,26,81
2011,MALE,WHITE NON HISPANIC,SHAYA,26,81
2011,MALE,WHITE NON HISPANIC,PHILIP,26,81
2011,MALE,WHITE NON HISPANIC,RICHARD,26,81
2011,MALE,WHITE NON HISPANIC,PHILIP,26,81
2011,MALE,WHITE NON HISPANIC,PAUL,26,81
2011,MALE,WHITE NON HISPANIC,AUSTIN,26,81
2011,MALE,WHITE NON HISPANIC,AUSTIN,26,81
2011,MALE,WHITE NON HISPANIC,PAUL,26,81
2011,MALE,WHITE NON HISPANIC,EFRAIM,25,82
2011,MALE,WHITE NON HISPANIC,EFRAIM,25,82
2011,MALE,WHITE NON HISPANIC,WYATT,25,82
2011,MALE,WHITE NON HISPANIC,WYATT,25,82
2011,MALE,WHITE NON HISPANIC,CHASE,25,82
2011,MALE,WHITE NON HISPANIC,ARYEH,24,83
2011,MALE,WHITE NON HISPANIC,HERSHEL,24,83
2011,MALE,WHITE NON HISPANIC,KYLE,24,83
2011,MALE,WHITE NON HISPANIC,ARYEH,24,83
2011,MALE,WHITE NON HISPANIC,TRISTAN,24,83
2011,MALE,WHITE NON HISPANIC,TIMOTHY,24,83
2011,MALE,WHITE NON HISPANIC,DEAN,24,83
2011,MALE,WHITE NON HISPANIC,DEAN,24,83
2011,MALE,WHITE NON HISPANIC,TRISTAN,24,83
2011,MALE,WHITE NON HISPANIC,TIMOTHY,24,83
2011,MALE,WHITE NON HISPANIC,MAYER,24,83
2011,MALE,WHITE NON HISPANIC,MAYER,24,83
2011,MALE,WHITE NON HISPANIC,KYLE,24,83
2011,MALE,WHITE NON HISPANIC,HERSHEL,24,83
2011,MALE,WHITE NON HISPANIC,FELIX,23,84
2011,MALE,WHITE NON HISPANIC,BRENDAN,23,84
2011,MALE,WHITE NON HISPANIC,LOUIS,23,84
2011,MALE,WHITE NON HISPANIC,BRENDAN,23,84
2011,MALE,WHITE NON HISPANIC,FINN,23,84
2011,MALE,WHITE NON HISPANIC,LOUIS,23,84
2011,MALE,WHITE NON HISPANIC,FELIX,23,84
2011,MALE,WHITE NON HISPANIC,FINN,23,84
2011,MALE,WHITE NON HISPANIC,LORENZO,22,85
2011,MALE,WHITE NON HISPANIC,LORENZO,22,85
2011,MALE,WHITE NON HISPANIC,YEHOSHUA,22,85
2011,MALE,WHITE NON HISPANIC,BEN,22,85
2011,MALE,WHITE NON HISPANIC,YEHOSHUA,22,85
2011,MALE,WHITE NON HISPANIC,BEN,22,85
2011,MALE,WHITE NON HISPANIC,ALAN,21,86
2011,MALE,WHITE NON HISPANIC,ALAN,21,86
2011,MALE,WHITE NON HISPANIC,BARUCH,21,86
2011,MALE,WHITE NON HISPANIC,BARUCH,21,86
2011,MALE,WHITE NON HISPANIC,GRAHAM,21,86
2011,MALE,WHITE NON HISPANIC,HERSHY,21,86
2011,MALE,WHITE NON HISPANIC,HERSHY,21,86
2011,MALE,WHITE NON HISPANIC,GRIFFIN,21,86
2011,MALE,WHITE NON HISPANIC,RAPHAEL,21,86
2011,MALE,WHITE NON HISPANIC,SHANE,21,86
2011,MALE,WHITE NON HISPANIC,GRAHAM,21,86
2011,MALE,WHITE NON HISPANIC,SHOLOM,21,86
2011,MALE,WHITE NON HISPANIC,DOMINICK,21,86
2011,MALE,WHITE NON HISPANIC,RAPHAEL,21,86
2011,MALE,WHITE NON HISPANIC,MARTIN,21,86
2011,MALE,WHITE NON HISPANIC,LUKA,21,86
2011,MALE,WHITE NON HISPANIC,GRIFFIN,21,86
2011,MALE,WHITE NON HISPANIC,ELIAS,21,86
2011,MALE,WHITE NON HISPANIC,ELIAS,21,86
2011,MALE,WHITE NON HISPANIC,MARTIN,21,86
2011,MALE,WHITE NON HISPANIC,DOMINICK,21,86
2011,MALE,WHITE NON HISPANIC,SHANE,21,86
2011,MALE,WHITE NON HISPANIC,LUKA,21,86
2011,MALE,WHITE NON HISPANIC,SHOLOM,21,86
2011,MALE,WHITE NON HISPANIC,AKIVA,20,87
2011,MALE,WHITE NON HISPANIC,JASPER,20,87
2011,MALE,WHITE NON HISPANIC,LAZER,20,87
2011,MALE,WHITE NON HISPANIC,LEON,20,87
2011,MALE,WHITE NON HISPANIC,MILO,20,87
2011,MALE,WHITE NON HISPANIC,YOEL,20,87
2011,MALE,WHITE NON HISPANIC,CHARLIE,20,87
2011,MALE,WHITE NON HISPANIC,LEON,20,87
2011,MALE,WHITE NON HISPANIC,LAZER,20,87
2011,MALE,WHITE NON HISPANIC,JASPER,20,87
2011,MALE,WHITE NON HISPANIC,CHARLIE,20,87
2011,MALE,WHITE NON HISPANIC,AKIVA,20,87
2011,MALE,WHITE NON HISPANIC,YOEL,20,87
2011,MALE,WHITE NON HISPANIC,MILO,20,87
2011,MALE,WHITE NON HISPANIC,AHARON,19,88
2011,MALE,WHITE NON HISPANIC,FRANCESCO,19,88
2011,MALE,WHITE NON HISPANIC,LIPA,19,88
2011,MALE,WHITE NON HISPANIC,ROCCO,19,88
2011,MALE,WHITE NON HISPANIC,FRANCESCO,19,88
2011,MALE,WHITE NON HISPANIC,CARTER,19,88
2011,MALE,WHITE NON HISPANIC,GRAYSON,19,88
2011,MALE,WHITE NON HISPANIC,GRAYSON,19,88
2011,MALE,WHITE NON HISPANIC,BRODY,19,88
2011,MALE,WHITE NON HISPANIC,ROCCO,19,88
2011,MALE,WHITE NON HISPANIC,BRODY,19,88
2011,MALE,WHITE NON HISPANIC,CARTER,19,88
2011,MALE,WHITE NON HISPANIC,AHARON,19,88
2011,MALE,WHITE NON HISPANIC,LIPA,19,88
2011,MALE,WHITE NON HISPANIC,DEVIN,18,89
2011,MALE,WHITE NON HISPANIC,MOISHE,18,89
2011,MALE,WHITE NON HISPANIC,MOISHE,18,89
2011,MALE,WHITE NON HISPANIC,XAVIER,18,89
2011,MALE,WHITE NON HISPANIC,XAVIER,18,89
2011,MALE,WHITE NON HISPANIC,NAFTALI,18,89
2011,MALE,WHITE NON HISPANIC,DEVIN,18,89
2011,MALE,WHITE NON HISPANIC,NAFTALI,18,89
2011,MALE,WHITE NON HISPANIC,NAFTULI,18,89
2011,MALE,WHITE NON HISPANIC,NAFTULI,18,89
2011,MALE,WHITE NON HISPANIC,SHLOME,17,90
2011,MALE,WHITE NON HISPANIC,ILAN,17,90
2011,MALE,WHITE NON HISPANIC,SHMIEL,17,90
2011,MALE,WHITE NON HISPANIC,YITZCHAK,17,90
2011,MALE,WHITE NON HISPANIC,SHLOME,17,90
2011,MALE,WHITE NON HISPANIC,MATEO,17,90
2011,MALE,WHITE NON HISPANIC,YITZCHAK,17,90
2011,MALE,WHITE NON HISPANIC,MATEO,17,90
2011,MALE,WHITE NON HISPANIC,SHMIEL,17,90
2011,MALE,WHITE NON HISPANIC,ILAN,17,90
2011,MALE,WHITE NON HISPANIC,AHRON,17,90
2011,MALE,WHITE NON HISPANIC,AHRON,17,90
2011,MALE,WHITE NON HISPANIC,AUGUST,16,91
2011,MALE,WHITE NON HISPANIC,BORUCH,16,91
2011,MALE,WHITE NON HISPANIC,ISAIAH,16,91
2011,MALE,WHITE NON HISPANIC,LUKAS,16,91
2011,MALE,WHITE NON HISPANIC,MARC,16,91
2011,MALE,WHITE NON HISPANIC,GREGORY,16,91
2011,MALE,WHITE NON HISPANIC,BORUCH,16,91
2011,MALE,WHITE NON HISPANIC,MARCO,16,91
2011,MALE,WHITE NON HISPANIC,ANGELO,16,91
2011,MALE,WHITE NON HISPANIC,LUKAS,16,91
2011,MALE,WHITE NON HISPANIC,MARC,16,91
2011,MALE,WHITE NON HISPANIC,MARCO,16,91
2011,MALE,WHITE NON HISPANIC,PARKER,16,91
2011,MALE,WHITE NON HISPANIC,ANGELO,16,91
2011,MALE,WHITE NON HISPANIC,ELIMELECH,16,91
2011,MALE,WHITE NON HISPANIC,RAYAN,16,91
2011,MALE,WHITE NON HISPANIC,RYDER,16,91
2011,MALE,WHITE NON HISPANIC,AUGUST,16,91
2011,MALE,WHITE NON HISPANIC,SHEA,16,91
2011,MALE,WHITE NON HISPANIC,GREGORY,16,91
2011,MALE,WHITE NON HISPANIC,HARRY,16,91
2011,MALE,WHITE NON HISPANIC,HARRY,16,91
2011,MALE,WHITE NON HISPANIC,PARKER,16,91
2011,MALE,WHITE NON HISPANIC,ISAIAH,16,91
2011,MALE,WHITE NON HISPANIC,RAYAN,16,91
2011,MALE,WHITE NON HISPANIC,ELIMELECH,16,91
2011,MALE,WHITE NON HISPANIC,RYDER,16,91
2011,MALE,WHITE NON HISPANIC,SHEA,16,91
2011,MALE,WHITE NON HISPANIC,AMIR,15,92
2011,MALE,WHITE NON HISPANIC,SHLOIME,15,92
2011,MALE,WHITE NON HISPANIC,GAVRIEL,15,92
2011,MALE,WHITE NON HISPANIC,BRAYDEN,15,92
2011,MALE,WHITE NON HISPANIC,PINCHAS,15,92
2011,MALE,WHITE NON HISPANIC,ALBERT,15,92
2011,MALE,WHITE NON HISPANIC,AMIR,15,92
2011,MALE,WHITE NON HISPANIC,BRAYDEN,15,92
2011,MALE,WHITE NON HISPANIC,KAI,15,92
2011,MALE,WHITE NON HISPANIC,KAI,15,92
2011,MALE,WHITE NON HISPANIC,SPENCER,15,92
2011,MALE,WHITE NON HISPANIC,SHLOIME,15,92
2011,MALE,WHITE NON HISPANIC,GAVRIEL,15,92
2011,MALE,WHITE NON HISPANIC,DOMINIC,15,92
2011,MALE,WHITE NON HISPANIC,DOMINIC,15,92
2011,MALE,WHITE NON HISPANIC,PINCHAS,15,92
2011,MALE,WHITE NON HISPANIC,SPENCER,15,92
2011,MALE,WHITE NON HISPANIC,ALBERT,15,92
2011,MALE,WHITE NON HISPANIC,CHESKEL,14,93
2011,MALE,WHITE NON HISPANIC,BINYOMIN,14,93
2011,MALE,WHITE NON HISPANIC,BLAKE,14,93
2011,MALE,WHITE NON HISPANIC,BRYAN,14,93
2011,MALE,WHITE NON HISPANIC,EITAN,14,93
2011,MALE,WHITE NON HISPANIC,ZALMEN,14,93
2011,MALE,WHITE NON HISPANIC,GRANT,14,93
2011,MALE,WHITE NON HISPANIC,YISRAEL,14,93
2011,MALE,WHITE NON HISPANIC,HERSH,14,93
2011,MALE,WHITE NON HISPANIC,BINYOMIN,14,93
2011,MALE,WHITE NON HISPANIC,BLAKE,14,93
2011,MALE,WHITE NON HISPANIC,BRYAN,14,93
2011,MALE,WHITE NON HISPANIC,CHESKEL,14,93
2011,MALE,WHITE NON HISPANIC,EITAN,14,93
2011,MALE,WHITE NON HISPANIC,RILEY,14,93
2011,MALE,WHITE NON HISPANIC,ZALMEN,14,93
2011,MALE,WHITE NON HISPANIC,YISRAEL,14,93
2011,MALE,WHITE NON HISPANIC,GRANT,14,93
2011,MALE,WHITE NON HISPANIC,RILEY,14,93
2011,MALE,WHITE NON HISPANIC,MAXIMUS,14,93
2011,MALE,WHITE NON HISPANIC,MARCUS,14,93
2011,MALE,WHITE NON HISPANIC,MAXIMUS,14,93
2011,MALE,WHITE NON HISPANIC,MARCUS,14,93
2011,MALE,WHITE NON HISPANIC,HERSH,14,93
2011,MALE,WHITE NON HISPANIC,PINCHUS,13,94
2011,MALE,WHITE NON HISPANIC,IVAN,13,94
2011,MALE,WHITE NON HISPANIC,CONOR,13,94
2011,MALE,WHITE NON HISPANIC,LANDON,13,94
2011,MALE,WHITE NON HISPANIC,KIERAN,13,94
2011,MALE,WHITE NON HISPANIC,VINCENZO,13,94
2011,MALE,WHITE NON HISPANIC,REID,13,94
2011,MALE,WHITE NON HISPANIC,JUDE,13,94
2011,MALE,WHITE NON HISPANIC,QUINN,13,94
2011,MALE,WHITE NON HISPANIC,IVAN,13,94
2011,MALE,WHITE NON HISPANIC,AMROM,13,94
2011,MALE,WHITE NON HISPANIC,YIDA,13,94
2011,MALE,WHITE NON HISPANIC,VINCENZO,13,94
2011,MALE,WHITE NON HISPANIC,NICO,13,94
2011,MALE,WHITE NON HISPANIC,YIDA,13,94
2011,MALE,WHITE NON HISPANIC,SHLOIMY,13,94
2011,MALE,WHITE NON HISPANIC,FILIP,13,94
2011,MALE,WHITE NON HISPANIC,FILIP,13,94
2011,MALE,WHITE NON HISPANIC,REID,13,94
2011,MALE,WHITE NON HISPANIC,QUINN,13,94
2011,MALE,WHITE NON HISPANIC,PINCHUS,13,94
2011,MALE,WHITE NON HISPANIC,NICO,13,94
2011,MALE,WHITE NON HISPANIC,CONOR,13,94
2011,MALE,WHITE NON HISPANIC,AMROM,13,94
2011,MALE,WHITE NON HISPANIC,BRADY,13,94
2011,MALE,WHITE NON HISPANIC,BENZION,13,94
2011,MALE,WHITE NON HISPANIC,LANDON,13,94
2011,MALE,WHITE NON HISPANIC,KIERAN,13,94
2011,MALE,WHITE NON HISPANIC,BENZION,13,94
2011,MALE,WHITE NON HISPANIC,JUDE,13,94
2011,MALE,WHITE NON HISPANIC,BRADY,13,94
2011,MALE,WHITE NON HISPANIC,SHLOIMY,13,94
2011,MALE,WHITE NON HISPANIC,JESSE,12,95
2011,MALE,WHITE NON HISPANIC,JESSE,12,95
2011,MALE,WHITE NON HISPANIC,DASHIELL,12,95
2011,MALE,WHITE NON HISPANIC,ELLIOTT,12,95
2011,MALE,WHITE NON HISPANIC,BECKETT,12,95
2011,MALE,WHITE NON HISPANIC,ELLIOTT,12,95
2011,MALE,WHITE NON HISPANIC,ROWAN,12,95
2011,MALE,WHITE NON HISPANIC,ROMAN,12,95
2011,MALE,WHITE NON HISPANIC,ROWAN,12,95
2011,MALE,WHITE NON HISPANIC,MICAH,12,95
2011,MALE,WHITE NON HISPANIC,YOUSEF,12,95
2011,MALE,WHITE NON HISPANIC,DASHIELL,12,95
2011,MALE,WHITE NON HISPANIC,YOUSEF,12,95
2011,MALE,WHITE NON HISPANIC,AVI,12,95
2011,MALE,WHITE NON HISPANIC,AVI,12,95
2011,MALE,WHITE NON HISPANIC,BECKETT,12,95
2011,MALE,WHITE NON HISPANIC,MICAH,12,95
2011,MALE,WHITE NON HISPANIC,ROMAN,12,95
2011,MALE,WHITE NON HISPANIC,HUGO,11,96
2011,MALE,WHITE NON HISPANIC,MAKSIM,11,96
2011,MALE,WHITE NON HISPANIC,YOUSSEF,11,96
2011,MALE,WHITE NON HISPANIC,YASEEN,11,96
2011,MALE,WHITE NON HISPANIC,YIDEL,11,96
2011,MALE,WHITE NON HISPANIC,YECHEZKEL,11,96
2011,MALE,WHITE NON HISPANIC,YASEEN,11,96
2011,MALE,WHITE NON HISPANIC,YECHEZKEL,11,96
2011,MALE,WHITE NON HISPANIC,NOLAN,11,96
2011,MALE,WHITE NON HISPANIC,NOAM,11,96
2011,MALE,WHITE NON HISPANIC,SHNEUR,11,96
2011,MALE,WHITE NON HISPANIC,HUGO,11,96
2011,MALE,WHITE NON HISPANIC,SHNEUR,11,96
2011,MALE,WHITE NON HISPANIC,YIDEL,11,96
2011,MALE,WHITE NON HISPANIC,GREYSON,11,96
2011,MALE,WHITE NON HISPANIC,MORRIS,11,96
2011,MALE,WHITE NON HISPANIC,YOUSSEF,11,96
2011,MALE,WHITE NON HISPANIC,MENDY,11,96
2011,MALE,WHITE NON HISPANIC,SHALOM,11,96
2011,MALE,WHITE NON HISPANIC,SANTINO,11,96
2011,MALE,WHITE NON HISPANIC,MENASHE,11,96
2011,MALE,WHITE NON HISPANIC,KACPER,11,96
2011,MALE,WHITE NON HISPANIC,MEILECH,11,96
2011,MALE,WHITE NON HISPANIC,GREYSON,11,96
2011,MALE,WHITE NON HISPANIC,AVRUM,11,96
2011,MALE,WHITE NON HISPANIC,DENNIS,11,96
2011,MALE,WHITE NON HISPANIC,NOLAN,11,96
2011,MALE,WHITE NON HISPANIC,NOAM,11,96
2011,MALE,WHITE NON HISPANIC,ALEC,11,96
2011,MALE,WHITE NON HISPANIC,CARMINE,11,96
2011,MALE,WHITE NON HISPANIC,MAKSIM,11,96
2011,MALE,WHITE NON HISPANIC,MORRIS,11,96
2011,MALE,WHITE NON HISPANIC,MENDY,11,96
2011,MALE,WHITE NON HISPANIC,MENASHE,11,96
2011,MALE,WHITE NON HISPANIC,MEILECH,11,96
2011,MALE,WHITE NON HISPANIC,SHALOM,11,96
2011,MALE,WHITE NON HISPANIC,CARMINE,11,96
2011,MALE,WHITE NON HISPANIC,SANTINO,11,96
2011,MALE,WHITE NON HISPANIC,ALLEN,11,96
2011,MALE,WHITE NON HISPANIC,DENNIS,11,96
2011,MALE,WHITE NON HISPANIC,ALEC,11,96
2011,MALE,WHITE NON HISPANIC,ALLEN,11,96
2011,MALE,WHITE NON HISPANIC,AVRUM,11,96
2011,MALE,WHITE NON HISPANIC,KACPER,11,96
2011,MALE,WHITE NON HISPANIC,BERISH,10,97
2011,MALE,WHITE NON HISPANIC,NIKOLAS,10,97
2011,MALE,WHITE NON HISPANIC,NIKOLAS,10,97
2011,MALE,WHITE NON HISPANIC,WESLEY,10,97
2011,MALE,WHITE NON HISPANIC,SILAS,10,97
2011,MALE,WHITE NON HISPANIC,DEREK,10,97
2011,MALE,WHITE NON HISPANIC,BENNETT,10,97
2011,MALE,WHITE NON HISPANIC,CALVIN,10,97
2011,MALE,WHITE NON HISPANIC,CADEN,10,97
2011,MALE,WHITE NON HISPANIC,REED,10,97
2011,MALE,WHITE NON HISPANIC,ASHTON,10,97
2011,MALE,WHITE NON HISPANIC,SIDNEY,10,97
2011,MALE,WHITE NON HISPANIC,BRYCE,10,97
2011,MALE,WHITE NON HISPANIC,MOHAMMED,10,97
2011,MALE,WHITE NON HISPANIC,NOSSON,10,97
2011,MALE,WHITE NON HISPANIC,LEV,10,97
2011,MALE,WHITE NON HISPANIC,BENNETT,10,97
2011,MALE,WHITE NON HISPANIC,WESLEY,10,97
2011,MALE,WHITE NON HISPANIC,BRYCE,10,97
2011,MALE,WHITE NON HISPANIC,ASHTON,10,97
2011,MALE,WHITE NON HISPANIC,YONAH,10,97
2011,MALE,WHITE NON HISPANIC,MOHAMMED,10,97
2011,MALE,WHITE NON HISPANIC,KENNETH,10,97
2011,MALE,WHITE NON HISPANIC,AUGUSTUS,10,97
2011,MALE,WHITE NON HISPANIC,CADEN,10,97
2011,MALE,WHITE NON HISPANIC,SHAUL,10,97
2011,MALE,WHITE NON HISPANIC,SIDNEY,10,97
2011,MALE,WHITE NON HISPANIC,SHAUL,10,97
2011,MALE,WHITE NON HISPANIC,CALVIN,10,97
2011,MALE,WHITE NON HISPANIC,KENNETH,10,97
2011,MALE,WHITE NON HISPANIC,SAMIR,10,97
2011,MALE,WHITE NON HISPANIC,AUGUSTUS,10,97
2011,MALE,WHITE NON HISPANIC,LEV,10,97
2011,MALE,WHITE NON HISPANIC,YEHUDAH,10,97
2011,MALE,WHITE NON HISPANIC,SILAS,10,97
2011,MALE,WHITE NON HISPANIC,YONAH,10,97
2011,MALE,WHITE NON HISPANIC,ELLIS,10,97
2011,MALE,WHITE NON HISPANIC,BERISH,10,97
2011,MALE,WHITE NON HISPANIC,AYDEN,10,97
2011,MALE,WHITE NON HISPANIC,STEPHEN,10,97
2011,MALE,WHITE NON HISPANIC,REED,10,97
2011,MALE,WHITE NON HISPANIC,STEPHEN,10,97
2011,MALE,WHITE NON HISPANIC,AYDEN,10,97
2011,MALE,WHITE NON HISPANIC,ELLIS,10,97
2011,MALE,WHITE NON HISPANIC,DEREK,10,97
2011,MALE,WHITE NON HISPANIC,SAMIR,10,97
2011,MALE,WHITE NON HISPANIC,NOSSON,10,9ui7
2011,MALE,WHITE NON HISPANIC,YEHUDAH,10,97
